-0.110087 -0.501511 0.820113 -0.173218 0.452423 -0.017937 -0.0473489 0.283544 -0.939128 -0.258133 -0.113248 0.185514 0.017831 0.702703 0.388465 0.0996146 -0.898817 0.523579 0.516159 0.0414901 -0.198608 0.250462 0.352844 -0.044318 0.638204 -0.375013 0.631832 0.903698 0.594904 0.379349 
0.953219 0.257722 0.343428 -0.415782 -0.499684 -0.121 -0.935589 -0.412489 -0.793678 0.122019 0.863437 0.402477 -0.370802 -0.597383 -0.939805 -0.208874 -0.761456 0.00307617 0.974658 -0.963026 0.23679 0.974521 -0.618461 0.513858 0.693102 0.84602 0.430041 -0.97055 -0.138099 -0.00475183 
0.255393 0.76591 -0.58021 0.745208 -0.110154 0.164562 0.763806 0.564777 -0.120044 0.941075 0.30845 -0.0384689 -0.169402 -0.788121 0.268151 0.347377 0.758065 -0.146684 0.38842 0.841311 -0.343048 0.140336 -0.707345 0.983758 0.0501589 -0.139252 -0.592584 0.806839 0.935745 0.216214 
-0.476546 0.223182 -0.620899 -0.0789068 -0.740232 0.589229 0.796081 0.145956 -0.590667 0.671974 -0.156637 0.767589 -0.905509 0.507889 0.0667419 -0.280933 -0.458655 -0.877751 -0.0948813 -0.744984 -0.676156 -0.6162 0.598013 0.136817 -0.0214394 -0.477806 0.769829 -0.793139 0.495613 -0.672209 
0.176808 -0.963686 -0.545783 0.332288 0.0308865 -0.22734 -0.524371 0.731764 -0.295535 0.961705 0.895904 0.181258 -0.377346 0.246508 0.298423 0.0181708 0.29604 -0.821122 0.65203 0.916801 -0.480383 0.109142 -0.987502 0.717678 0.172553 -0.394072 0.189038 -0.834768 0.0278512 -0.98897 
-0.752412 -0.647783 -0.472258 -0.788161 0.823224 -0.0663197 -0.328013 0.354576 -0.82055 -0.863701 0.101562 0.137141 0.128497 -0.0372585 -0.888757 -0.854753 -0.90575 -0.578349 -0.444369 -0.819045 0.889135 -0.313227 -0.409188 -0.403021 -0.734152 -0.233879 0.292332 -0.335069 -0.410764 0.0684994 
-0.469567 0.0556399 -0.873163 -0.161247 -0.0512147 0.271203 -0.662576 0.336272 0.406726 -0.776072 -0.721483 -0.972074 -0.453042 0.600164 0.814597 -0.258551 -0.646927 -0.21721 -0.815698 -0.163013 0.576323 0.851737 -0.235363 0.0817253 -0.749185 -0.488387 -0.932578 -0.107902 0.775369 0.354888 
0.856039 -0.143945 0.248712 -0.216618 -0.580707 -0.150959 -0.355262 0.954844 -0.833977 -0.133455 0.591547 -0.845878 0.175466 0.163393 -0.0561231 -0.918404 0.104142 0.286304 -0.43139 0.609972 0.726033 0.945068 0.988033 -0.651506 -0.57417 -0.561305 0.905152 -0.799059 0.820437 -0.0552702 
0.0880084 0.141786 0.248941 0.0495512 -0.199473 0.347812 -0.246306 -0.159896 0.7844 0.418224 -0.840712 0.63057 0.898861 -0.386232 0.330913 -0.622289 -0.27789 -0.503609 0.786397 0.107445 0.133449 0.213198 0.923387 0.0525852 -0.807663 -0.425407 0.047612 0.329184 0.779114 0.909142 
0.562149 0.574795 -0.968852 -0.511541 0.380867 0.99165 -0.850242 0.333645 0.688258 0.93188 0.158495 0.0988421 -0.62305 -0.899872 0.735247 0.593203 -0.635118 0.30613 -0.250155 -0.567561 -0.459638 0.50902 -0.176837 -0.185776 0.474658 0.212251 0.661417 0.480772 -0.382036 0.0832547 
0.790744 0.620741 -0.794366 -0.429567 -0.751089 0.67647 -0.260995 -0.150416 0.48509 0.561031 0.453098 -0.693287 -0.816837 0.907079 0.856865 -0.883625 -0.236933 -0.0119362 -0.384972 -0.67217 0.243465 0.437914 -0.204126 -0.925269 0.608202 0.856255 0.431902 0.750905 0.300845 -0.785657 
0.707896 0.592653 0.974325 -0.898642 -0.868675 0.610477 0.458828 0.506296 0.560547 0.968751 -0.661509 0.256033 -0.654996 0.858521 0.78495 0.799071 0.977812 -0.307314 -0.779591 0.141437 -0.461876 0.815169 -0.670495 -0.500352 0.706528 -0.973704 -0.972666 -0.425272 0.348047 0.18175 
0.891752 0.0449293 0.512005 0.407896 -0.208686 0.448565 0.856838 0.330241 -0.650297 -0.344063 0.392873 0.921237 0.418394 0.220099 0.384567 0.304259 -0.360182 -0.997804 -0.895691 0.525204 0.668673 0.0903462 -0.107159 0.231942 0.307764 0.505452 -0.415236 -0.369641 0.460987 -0.297658 
0.77362 -0.782207 0.897287 -0.97445 0.799134 -0.0831701 0.0182542 -0.569333 0.786839 -0.458377 0.835897 -0.997169 -0.498824 0.880227 -0.48657 -0.63714 0.629282 -0.911068 -0.686942 -0.93125 -0.521706 -0.597457 0.367898 0.217645 -0.0056278 0.577534 0.0749449 0.724548 0.629704 -0.31474 
-0.8025 0.700146 0.14118 0.558079 -0.896323 -0.422536 -0.0461441 0.957006 0.288482 -0.810391 -0.0750627 -0.607491 0.772845 -0.545889 -0.520253 0.68465 0.951043 0.858298 -0.282284 -0.729396 0.100646 0.112271 0.0753925 -0.643259 0.452351 -0.365915 0.936448 0.58005 -0.098628 -0.518002 
0.667279 0.856053 0.931936 -0.0500144 0.08913 0.536976 -0.759327 0.211345 0.515844 0.801868 -0.446802 0.745377 0.983056 -0.664436 -0.842079 0.795012 -0.93605 0.41467 0.588522 0.294988 -0.565814 -0.286005 -0.4179 -0.901834 -0.10366 0.299479 -0.164268 0.766282 -0.0731919 -0.743057 
-0.766628 -0.0759206 -0.235627 -0.437896 -0.940445 0.446945 0.611318 -0.978798 -0.925977 -0.264089 0.565615 0.981654 -0.982789 -0.708836 -0.55231 -0.403569 -0.278063 0.547186 -0.278947 0.938782 0.684113 -0.293214 0.972768 -0.441027 -0.590492 0.323718 0.400343 -0.64407 0.250333 0.513647 
-0.571814 0.577142 0.057687 0.786711 -0.476429 0.292849 -0.665439 0.886667 -0.137522 -0.771544 -0.152643 0.430052 -0.959618 0.146349 0.220397 0.285035 -0.969312 -0.528676 -0.697074 0.974468 0.356566 -0.49481 -0.130115 0.45769 0.663515 0.228117 -0.185962 0.0719338 -0.261219 0.195197 
0.878458 0.0954887 -0.506665 0.78976 -0.181562 0.239974 0.167605 -0.21579 -0.682236 -0.306966 0.821818 -0.369954 -0.473664 0.40588 -0.750985 -0.521578 -0.0882197 -0.839868 -0.558602 -0.822567 -0.643774 0.733663 -0.655138 0.428188 0.0987322 0.617006 -0.657939 0.56771 0.733088 -0.184426 
0.173872 -0.616244 0.120536 -0.276701 -0.199399 0.406659 0.048926 -0.173941 -0.80578 0.509288 -0.729423 -0.883351 -0.838476 0.68724 0.989723 0.119415 -0.605153 -0.503439 0.549237 -0.707479 0.0262631 -0.843983 0.686937 0.723065 0.148976 -0.349345 -0.411319 0.895585 -0.378205 0.118806 
-0.505629 -0.045645 -0.0327689 -0.86352 -0.104736 0.439715 0.291532 -0.00716934 -0.243408 0.438864 0.116303 -0.258885 0.32522 0.566895 0.995275 -0.465813 0.511879 -0.108701 -0.861472 -0.474501 -0.0947649 -0.965879 0.765207 -0.762841 -0.309762 -0.614521 0.542426 -0.152026 0.760187 0.82555 
0.926113 0.295323 -0.600969 -0.633254 0.0174668 -0.869472 -0.435022 0.104435 -0.632174 0.674818 -0.331228 -0.328611 -0.921346 -0.81409 -0.587836 -0.966356 -0.107766 0.965528 0.923384 -0.4665 -0.199552 -0.0596457 -0.478192 0.129441 -0.173877 0.0220407 -0.181783 0.774252 0.366667 -0.59225 
0.730823 0.416687 0.683686 -0.32712 -0.30418 0.570695 0.424877 0.012743 -0.740722 0.615846 -0.67272 0.716213 0.793766 0.950161 -0.563791 0.366774 0.613401 -0.908387 -0.29242 -0.850658 -0.431216 0.598576 -0.408805 -0.0273359 -0.967032 -0.522814 -0.910275 -0.600305 0.299554 -0.0015844 
0.938785 0.880648 0.839587 0.0362271 -0.448562 0.113574 -0.355267 -0.250122 -0.142715 0.538192 -0.553138 0.118727 0.509161 0.77156 -0.228781 0.426438 0.794332 -0.828024 0.144502 0.67677 -0.955959 -0.501273 0.223691 -0.514964 0.914871 0.91413 0.40385 0.602064 0.126005 0.82086 
0.433663 -0.31467 -0.934794 -0.674262 -0.722441 -0.278346 0.346851 0.648456 0.0470995 0.806111 -0.109877 -0.998073 -0.343616 -0.837778 -0.950455 0.82562 -0.842545 0.705008 0.453802 0.984259 -0.388132 -0.48236 0.736026 0.0516048 0.54722 0.136189 0.550366 0.0655512 -0.498065 -0.88616 
-0.529144 -0.689372 0.675892 0.824567 -0.0691722 -0.96225 0.888815 -0.490862 0.784649 -0.0189702 0.587023 0.727649 0.190946 -0.225187 0.45327 0.722983 0.67381 0.804235 0.410176 0.203125 0.756932 -0.117219 -0.146893 0.656559 -0.484209 -0.798402 0.136302 -0.360598 0.599234 0.879261 
0.995648 0.300288 -0.146726 -0.334139 0.363757 0.633513 0.530262 -0.901639 0.304377 0.273439 0.350505 -0.363516 0.271521 -0.981746 0.109292 0.290598 -0.100611 -0.331506 0.525373 0.304066 0.356008 0.883659 -0.126918 0.0579446 0.485955 0.301486 -0.809865 -0.325513 0.79923 -0.448675 
-0.774542 0.913812 -0.26078 0.537547 -0.263509 0.247491 -0.3854 -0.736226 0.686663 0.9159 -0.269476 0.288001 -0.695986 0.486536 -0.421157 -0.905362 0.715009 -0.624344 -0.572337 0.0236674 -0.0825179 0.840483 0.961915 -0.576589 0.647141 -0.915972 -0.495999 -0.677157 -0.0894573 0.331536 
-0.867064 0.0133398 -0.00422425 0.712433 -0.158045 0.286429 0.916521 -0.92161 -0.0366593 0.0572554 -0.980854 0.548292 0.187687 -0.212566 0.78617 0.592463 0.56363 0.318235 0.631419 -0.564521 -0.330439 0.55868 -0.215322 0.554275 0.517349 -0.562063 -0.467917 0.0169254 -0.574457 0.993586 
-0.643987 0.633772 -0.689807 -0.864681 0.545412 -0.449098 0.136729 0.376257 -0.96017 0.81737 0.785644 0.0254984 -0.281642 -0.436163 0.0766694 0.75398 0.937878 0.852301 0.633293 0.384791 0.225088 -0.657339 0.0957651 -0.632252 -0.0435397 0.417726 -0.726711 -0.362006 -0.523246 -0.498066 
-0.909064 -0.331669 -0.484747 0.112075 -0.13621 0.127039 -0.401074 -0.852059 -0.70368 0.853893 0.0407602 0.702422 0.665006 -0.772889 -0.103492 0.858375 -0.166818 -0.804731 -0.695583 0.799258 -0.140747 -0.168612 0.298465 -0.695317 0.166444 -0.231082 -0.594289 0.82145 -0.833332 -0.000477238 
0.138449 -0.513315 -0.109484 -0.543798 0.128213 -0.134777 -0.92638 -0.60369 -0.736385 0.0306726 -0.944022 -0.262502 -0.0937561 0.223049 -0.249353 -0.391705 0.594691 0.0398953 0.336386 0.57083 0.232696 -0.177002 0.329987 -0.719719 -0.579733 -0.394798 -0.483034 -0.944493 -0.58757 -0.098225 
0.71476 -0.787691 0.199241 0.589352 0.603597 0.79058 0.273711 0.511189 -0.0620953 -0.201006 -0.720361 -0.695031 -0.666489 -0.113787 -0.452682 0.328403 0.655682 0.375575 -0.900383 0.899434 -0.780086 -0.154599 -0.578309 -0.587464 0.572192 0.282677 -0.618465 0.908565 -0.353246 -0.906454 
0.0733908 -0.69356 0.957581 -0.616896 -0.0501524 0.838213 -0.457513 0.165294 0.494898 0.0239003 0.27134 0.863573 -0.325347 0.86132 0.515632 -0.280393 -0.979843 0.341543 0.292633 0.747575 -0.794899 0.393934 0.172186 0.686623 -0.583705 -0.458923 0.311046 -0.92135 -0.786392 -0.22222 
0.458874 0.989393 -0.241977 -0.676693 -0.11116 -0.135512 0.955999 0.188112 -0.615677 -0.470874 -0.0161262 0.916597 0.525145 -0.3935 0.224741 0.964615 0.567275 -0.0438283 0.931788 -0.172818 0.775264 -0.679268 -0.224043 -0.451256 -0.0486377 -0.121408 -0.64511 -0.0830481 -0.208058 0.86516 
0.611768 0.828621 -0.402434 0.00950335 0.946174 -0.297901 -0.213124 0.230457 -0.449217 0.00584285 0.128519 0.544369 0.0821545 0.380229 0.157254 0.200187 0.959758 -0.00565755 -0.315707 -0.75277 -0.934354 -0.922234 -0.812293 -0.632114 -0.00576597 0.8989 0.260698 0.0785535 -0.399322 -0.764482 
-0.225558 0.00420039 -0.754737 0.695543 0.285939 -0.0902315 0.265743 0.381412 -0.537768 0.970202 -0.739512 0.245411 0.480772 -0.604939 -0.0105802 0.460964 -0.689802 -0.0438946 -0.369229 -0.751564 -0.565762 -0.257813 -0.345241 -0.460167 -0.816593 -0.0826203 -0.645408 0.725973 0.745689 0.622495 
-0.716403 -0.999648 0.992639 -0.710928 0.190302 0.633505 0.698285 0.639357 0.954707 -0.0894938 0.20921 -0.795903 -0.417663 -0.38987 -0.820746 -0.619787 0.445777 -0.469023 -0.696221 0.71973 0.651374 0.910966 -0.694192 -0.416036 -0.686332 0.17072 -0.13659 0.171712 0.791011 -0.691822 
0.620153 -0.734096 -0.876135 -0.993108 -0.452405 -0.198942 0.291647 -0.843935 -0.772937 -0.778014 -0.7485 -0.340499 -0.702469 -0.527632 0.209151 -0.868755 0.403643 -0.0379688 -0.761099 0.660336 0.942947 -0.116247 -0.45379 0.771371 -0.838261 -0.626636 0.775986 0.881047 0.614214 -0.175735 
0.215605 0.575182 -0.929006 -0.93149 -0.482798 0.479424 -0.424253 -0.0605549 -0.464431 0.7264 0.719807 -0.59971 0.11388 -0.232204 -0.713328 -0.0938222 0.846504 0.830531 0.868907 0.527887 -0.474749 0.261382 0.869602 0.495282 -0.369591 0.247675 0.252697 0.415034 0.441958 -0.0816638 
0.631172 0.775426 -0.203461 0.794397 0.0758353 -0.144643 0.511069 -0.427944 0.54548 -0.974745 -0.243039 0.416167 0.117332 -0.723292 -0.724206 0.41409 0.14994 0.455212 -0.190671 0.675103 0.957665 -0.0758612 -0.0543378 0.55973 0.0269944 -0.130521 0.644432 0.225413 -0.791423 0.538743 
-0.381478 0.23026 0.128797 -0.539468 0.574367 0.695541 0.518042 -0.670706 -0.764687 -0.327405 -0.469357 0.112811 -0.090847 0.252129 0.399362 -0.135831 0.826093 0.96916 0.490089 0.989713 0.899529 -0.412083 -0.034639 0.650655 -0.776693 -0.0633191 -0.191443 0.500464 0.683699 -0.859701 
0.124147 -0.987163 -0.822921 -0.278704 -0.681608 -0.898701 -0.55459 0.85287 -0.17121 0.326322 -0.0458298 -0.010536 0.28506 -0.387583 0.830779 -0.0599823 -0.35412 -0.865415 0.195178 0.862623 0.355604 -0.20621 -0.507765 0.965568 0.678801 -0.705656 0.0438106 0.740147 -0.363848 -0.198818 
-0.0160857 0.0116843 -0.0138498 0.377415 -0.368967 0.64567 -0.764786 0.448136 -0.349944 -0.121908 -0.106252 0.157882 -0.848903 0.544295 0.045077 0.383186 -0.858803 -0.47693 0.0128616 0.343815 0.875227 -0.205354 0.268617 -0.532929 -0.218217 -0.413743 -0.539741 0.687075 -0.727127 -0.555045 
0.755043 -0.000657112 0.564813 0.337302 -0.255546 -0.362881 0.0696863 -0.962273 0.54164 -0.516553 0.376328 0.941081 -0.0866664 -0.664133 0.0529197 -0.679703 0.822026 0.693197 0.570352 -0.175052 0.511531 -0.633202 -0.409857 -0.37073 -0.240616 -0.269924 0.588609 0.927391 0.0021324 -0.500864 
-0.422278 -0.661991 -0.275072 -0.283588 0.373144 0.858734 0.661018 -0.992664 -0.537161 -0.305567 -0.449792 0.62066 0.854184 0.518879 0.421692 -0.402784 0.629057 -0.302283 -0.267623 0.226128 0.603735 -0.459908 -0.42779 -0.457581 -0.204352 -0.43095 0.752619 0.987544 -0.540982 0.280065 
0.79785 0.801161 -0.383942 -0.573544 0.854319 -0.610703 0.123078 0.891432 0.382599 -0.221089 -0.825582 0.145615 0.351639 0.459694 -0.751359 0.956994 0.962409 0.700897 -0.470623 -0.864788 -0.572651 -0.752978 -0.507699 0.684083 0.630501 -0.282681 -0.355217 -0.141802 0.93416 0.690292 
-0.963114 -0.18804 0.330204 0.208828 0.461403 -0.772819 0.926074 0.412049 -0.95324 0.691234 0.734664 0.595216 0.60083 0.725687 -0.381519 0.171302 -0.790655 0.229045 -0.939266 -0.214349 0.20292 0.303214 0.681674 0.267377 -0.446403 -0.745058 -0.320265 -0.736186 0.306764 -0.163779 
0.221234 0.174918 -0.00190986 0.358635 0.665595 -0.405442 -0.837167 0.67101 0.274638 -0.908986 0.835255 0.151676 0.588275 0.378663 0.123482 -0.547903 0.313296 0.150493 0.774022 -0.00844983 -0.852972 0.784046 -0.129578 -0.868956 0.967656 0.651096 -0.0556842 0.0286777 -0.840307 0.900264 
-0.846153 0.486448 0.95012 -0.543032 0.779525 -0.437805 0.740247 0.856931 0.751492 -0.547713 0.381102 0.169463 -0.872074 -0.338688 0.518209 -0.982064 -0.5164 0.159614 -0.862398 0.705191 -0.393307 0.148032 0.817372 0.763466 0.0552968 -0.781692 0.649804 0.524904 -0.309213 -0.636862 
-0.557397 0.905114 0.493302 0.841075 -0.875862 0.291802 -0.295563 0.612079 0.955975 0.513737 0.242426 -0.4631 0.751043 -0.325902 0.404844 -0.0328072 -0.142981 0.601944 -0.579054 -0.266531 0.197493 0.718749 0.628568 -0.428562 0.115698 -0.925167 -0.930486 -0.597972 0.0514279 -0.674557 
0.649605 -0.440237 0.123975 0.0488129 0.00208551 -0.248104 0.723566 -0.43945 0.357375 0.582981 -0.865099 -0.738944 0.397319 -0.368347 0.483291 -0.633385 -0.637816 -0.00958826 -0.613275 0.981526 0.283231 0.939957 0.95368 0.890729 -0.607738 0.671636 0.250536 0.0377322 -0.525662 -0.517993 
0.459583 -0.262491 0.387512 0.191063 -0.976206 -0.288085 -0.606866 -0.412582 0.0770123 0.132385 -0.0558916 -0.907026 -0.964908 0.383193 0.682613 -0.532024 0.250316 -0.803738 -0.374043 -0.260377 0.999485 -0.765496 0.856136 0.232438 0.350337 0.576184 0.578081 0.545118 0.872979 0.0263947 
-0.149121 0.827185 -0.713315 0.627519 0.543696 -0.893065 0.430396 0.31873 -0.684687 0.705567 0.552669 -0.95256 -0.0701721 0.893533 -0.796318 -0.954512 0.337685 -0.57167 -0.580037 -0.217999 0.208503 0.145081 -0.0663122 0.0549374 -0.438083 0.219813 -0.560517 0.548231 -0.618775 -0.895319 
-0.212003 0.662235 0.950353 -0.0617281 -0.277971 -0.82307 -0.520164 0.738791 0.0770484 -0.791639 -0.0839123 0.879122 -0.986522 -0.635366 -0.923905 0.0280023 0.394807 0.0717684 0.804597 0.0165892 -0.0912455 0.665656 -0.237542 -0.156065 0.232388 -0.687514 -0.688451 -0.718935 0.56184 -0.299046 
-0.521237 0.971314 0.83755 0.960948 0.930163 -0.882335 -0.477901 -0.168157 -0.761919 -0.00669978 -0.242731 0.719106 -0.78786 0.663494 0.488944 -0.16187 0.102274 0.0975808 -0.072723 -0.141837 -0.840576 0.545497 -0.876533 0.0112514 -0.674869 -0.438342 -0.780672 0.834385 -0.181143 -0.744871 
0.0180389 0.800142 0.508895 0.133283 0.314223 -0.446237 -0.434105 0.0268978 0.0579693 -0.331775 -0.538372 -0.835536 0.367698 -0.533892 0.80716 -0.417614 -0.698638 0.555188 -0.0194851 -0.764656 -0.973538 0.655677 -0.736693 -0.232407 -0.372729 0.440852 0.274228 -0.171371 0.756948 -0.579281 
0.714462 0.450887 -0.562117 0.84213 -0.148699 0.116752 -0.447786 -0.220961 0.690144 -0.739896 -0.486654 -0.755568 0.729823 -0.306302 -0.503945 0.841891 0.959758 -0.726696 -0.847267 -0.822843 0.329378 -0.714632 -0.74477 -0.538247 -0.380568 -0.943806 -0.670865 0.444927 0.704718 0.466459 
-0.771327 -0.996593 0.227869 -0.68014 0.991301 -0.428042 0.608363 0.594773 -0.983993 -0.98749 -0.437725 -0.201674 0.00240935 0.378199 -0.69635 0.65671 -0.281178 -0.091777 0.465089 -0.943878 -0.271845 -0.750693 0.823115 0.449937 0.184652 0.729723 0.669863 -0.649443 -0.94956 0.00241913 
-0.574573 0.929949 -0.447502 0.332994 0.0342537 -0.281283 0.976474 -0.152794 0.986487 0.738294 0.583098 0.360274 0.756374 -0.827258 0.870422 0.982544 -0.353384 -0.523461 -0.709664 0.482021 -0.801539 0.00927806 0.927538 -0.70086 -0.607215 0.956319 0.174833 -0.158357 0.258212 0.105048 
0.639349 0.335873 -0.0351809 0.94751 0.117052 -0.190939 -0.0253133 -0.524177 -0.940837 0.613652 0.833784 0.632772 -0.347948 0.97597 0.392912 -0.972586 0.8645 -0.758962 -0.752125 0.761197 0.839354 -0.718469 -0.269818 0.0444521 -0.727978 -0.451771 0.0514698 0.626774 -0.48383 -0.621602 
-0.178409 0.347473 -0.399407 0.647675 -0.552699 0.133007 0.118689 -0.0789008 -0.209497 -0.778952 0.313662 0.722717 -0.20822 0.687785 0.684589 -0.367452 -0.639261 -0.409179 0.241772 0.500557 0.779639 -0.213913 0.248168 -0.463377 -0.574747 -0.269959 -0.360841 0.142256 0.655567 0.851361 
0.165421 -0.231288 -0.0559272 -0.495038 0.248306 0.534077 0.374041 0.396103 -0.486949 -0.170779 0.185154 -0.886962 0.75614 -0.562995 -0.0446239 -0.204977 -0.710799 0.975281 -0.169814 0.233515 0.187413 0.0896256 -0.0807809 -0.988435 -0.267787 0.0371024 0.780571 0.873449 -0.313977 -0.957689 
0.411156 0.640158 0.21115 -0.164664 -0.318275 -0.953549 0.213121 -0.866768 -0.415283 -0.0534121 -0.665851 0.203464 0.958681 0.39499 0.374335 -0.947743 -0.674804 -0.825504 0.549803 -0.674738 -0.149148 -0.496022 0.502062 0.943022 0.555712 0.614627 0.440321 -0.384616 0.350669 -0.993336 
-0.21782 -0.388004 -0.231695 0.759156 -0.378293 -0.75735 -0.370571 -0.133759 0.306799 -0.184229 -0.688968 0.407081 0.404771 0.912996 0.418904 -0.370886 0.670668 0.715538 -0.817255 0.196385 0.482378 -0.265696 -0.485877 0.579068 -0.0769754 0.471417 0.879167 0.720348 0.194243 -0.462562 
0.988929 0.848764 -0.190531 -0.442318 -0.0404631 0.0339607 0.539899 -0.769293 0.420145 -0.17983 -0.932906 -0.141633 -0.31368 0.562279 0.250468 0.8706 -0.0570103 0.279877 0.998393 -0.390702 0.763538 -0.390532 0.559286 0.272106 0.37308 0.208847 -0.94358 0.514616 -0.432883 -0.14026 
-0.257073 0.441192 -0.581921 -0.498904 0.76885 0.191055 -0.461103 -0.992103 0.971384 -0.59627 -0.980404 -0.735096 0.393925 -0.36928 0.547445 0.477785 0.884426 0.560574 0.490742 0.393065 -0.541031 0.448918 0.0918493 -0.320085 0.699297 -0.325019 0.120255 -0.970061 -0.98632 -0.965335 
-0.80481 0.792713 -0.260727 -0.388832 0.0649383 0.254838 0.113411 -0.200893 0.751423 0.268906 0.946979 0.771919 0.74224 -0.999863 -0.882099 0.485389 -0.302158 -0.215843 -0.409237 -0.746713 -0.488816 0.324947 0.667544 0.660665 -0.952394 0.651328 0.42511 0.910625 -0.157834 0.850116 
-0.0572253 -0.310789 0.386551 0.291098 -0.177003 -0.809979 -0.417359 0.873569 0.085701 -0.494044 -0.54508 -0.666746 0.256977 0.71536 0.0549939 0.977609 -0.0316132 0.532529 0.189617 0.519447 -0.321693 -0.55752 0.485915 0.868619 -0.31162 0.0019037 0.532777 0.932657 0.982936 -0.0576244 
0.803212 0.990582 -0.290877 0.732612 -0.804347 0.76171 -0.442009 -0.623518 -0.462613 0.721566 -0.443352 -0.954765 -0.93885 -0.864685 0.25107 -0.282014 -0.227253 -0.626906 0.39107 -0.91879 0.748745 0.829976 0.731712 0.980273 -0.0860622 -0.326432 0.593566 0.207638 0.61639 0.111113 
0.416681 0.601517 0.426438 0.256338 -0.931851 0.329717 -0.0601264 0.143648 0.843001 -0.236647 0.818681 -0.903846 0.560335 0.0426558 0.211593 -0.106745 0.276175 -0.462103 -0.693783 0.215658 -0.688567 -0.969297 -0.295659 0.337183 0.484742 0.871114 -0.0213923 0.0442305 -0.0991624 -0.810858 
0.243992 0.688869 0.898585 -0.10264 0.0354934 -0.255692 0.252524 0.922725 0.549384 -0.309444 -0.31598 -0.248524 -0.27309 -0.665188 0.175161 0.678891 0.408733 -0.464748 -0.543372 0.191758 -0.638531 -0.336628 0.671922 -0.356734 -0.553431 -0.651384 0.482669 -0.667541 0.0979826 0.0129054 
0.467444 -0.0464234 -0.581058 -0.630593 0.0973128 0.990978 -0.362025 0.0731111 0.429626 0.0709141 0.22567 0.380456 0.331646 0.337276 -0.135246 -0.291257 -0.079989 -0.716915 0.855888 -0.262659 -0.462865 -0.0530534 -0.979821 0.852753 -0.354424 -0.171472 0.424923 -0.740503 -0.147876 0.517857 
-0.398442 0.589439 0.167882 -0.928019 -0.939142 -0.706593 -0.992244 -0.568765 -0.700273 0.824569 -0.80963 -0.266306 -0.294066 -0.22796 -0.115479 0.457526 -0.969427 -0.123307 0.0824209 0.771074 0.0245188 0.370292 0.961784 -0.370408 -0.39749 -0.246247 -0.377605 -0.551003 0.954108 -0.410845 
0.553459 -0.898423 -0.644917 -0.977173 0.206147 -0.914568 0.380787 0.187034 0.0499816 -0.883744 0.67945 -0.538748 -0.389923 -0.253506 0.384839 0.097014 -0.379366 -0.905735 -0.575186 0.307513 0.176639 -0.764035 0.128735 0.206424 0.238806 -0.984073 0.716249 0.347028 0.794246 0.439517 
-0.184094 0.306546 -0.497813 0.743894 -0.763654 0.47703 0.891396 0.803377 0.645804 0.419292 0.36639 -0.981048 0.0272195 -0.26805 -0.358752 0.578448 0.861121 0.647328 0.92607 -0.157115 0.541965 0.478189 -0.662426 0.404908 0.0053976 0.481556 0.806346 0.0336479 -0.0963206 0.369451 
-0.683534 0.360598 -0.711861 0.310974 0.985564 0.036233 -0.121721 -0.247961 0.399541 0.565633 -0.981763 -0.692788 -0.85991 -0.42182 -0.634737 -0.138871 0.82015 0.848081 0.648652 0.877334 -0.795587 -0.798973 -0.641698 -0.929176 -0.0478992 0.254886 -0.279266 0.852005 0.389526 -0.777803 
0.686997 0.111978 -0.735497 -0.0684214 0.460695 0.408648 0.678617 -0.609735 0.0686227 0.930833 0.57334 0.213757 -0.195079 0.611618 0.640409 -0.99941 0.481454 0.674944 -0.392484 0.554246 0.0967949 -0.180517 0.77827 0.00377692 0.395882 -0.166274 -0.351318 -0.510482 -0.931727 -0.460958 
0.487577 -0.674417 0.392736 -0.29953 -0.296241 -0.321544 -0.251161 0.288071 -0.727587 -0.0577949 -0.0364105 0.262302 -0.621193 0.997577 -0.975159 0.496314 -0.585546 0.909093 0.666987 0.375584 -0.313028 -0.839315 -0.0446885 0.699329 -0.503066 -0.208296 0.773453 0.55557 -0.195694 0.521556 
0.0752312 -0.904032 -0.393363 0.820847 0.0546797 0.944691 0.105525 -0.121486 0.298242 0.564599 -0.440089 -0.225398 0.213974 -0.754497 0.46756 0.325355 0.739884 -0.0715725 0.653058 -0.796009 0.953619 0.0902975 -0.834519 0.314455 0.168033 -0.176774 -0.681886 -0.0743554 0.451525 0.421494 
-0.0636538 -0.957965 -0.748619 -0.464436 -0.761667 -0.853931 0.061147 0.835659 -0.141254 0.344595 0.533843 -0.959938 -0.988208 0.144328 0.377675 0.831733 -0.686154 0.877704 0.450969 -0.715751 -0.732582 0.784715 -0.546968 0.68156 0.910469 0.536576 0.197714 0.0736835 -0.91512 0.771467 
-0.599515 0.513127 0.0880769 0.707456 0.247033 -0.54797 0.28705 0.0493533 0.581004 -0.997271 -0.432362 0.991477 -0.779977 0.235067 -0.666542 0.287578 -0.240445 0.38218 0.62333 0.34483 0.535102 0.912752 0.0221248 -0.423415 0.274215 0.958072 -0.157846 -0.72758 -0.951046 0.900199 
-0.177869 -0.458248 0.761762 -0.370278 0.045519 -0.0811493 -0.525962 -0.537117 -0.51438 0.374864 -0.425646 0.169508 -0.00346863 0.486749 0.496149 0.567858 -0.0162027 -0.0848622 -0.990901 -0.80239 0.650545 0.381804 -0.618727 0.53591 -0.464054 -0.554207 0.595104 0.317661 0.77917 -0.264159 
0.826879 0.659457 0.197028 -0.936588 -0.973283 -0.119196 -0.961165 0.365113 -0.332398 -0.336235 0.310622 0.141681 -0.901521 0.328666 0.167383 0.451454 0.831654 0.993056 0.166561 -0.910252 0.0754502 -0.959695 0.684263 0.407033 0.38455 -0.85001 0.0109234 0.508733 -0.0232432 0.296608 
-0.166307 -0.643608 0.134503 0.27676 -0.809765 0.108409 0.262857 0.0243573 0.42972 0.849464 -0.469957 0.522208 -0.422367 0.588789 -0.643617 -0.951907 -0.154786 0.267779 0.12765 -0.497837 -0.542623 -0.751896 -0.0347214 -0.609988 0.489057 -0.460232 -0.651414 0.225639 0.980701 -0.91546 
-0.795121 0.872614 0.862928 0.956872 0.935259 -0.779298 0.639076 0.418432 0.262297 -0.659313 0.40807 0.457418 -0.75109 0.0147094 -0.35396 0.98246 0.330784 0.905983 -0.929717 0.505688 0.452598 0.321937 -0.436369 -0.979021 -0.0409393 0.620233 0.966733 -0.738174 -0.0819333 -0.266237 
0.889976 -0.282817 0.510683 0.664306 0.74196 -0.195957 -0.769592 -0.923319 0.298051 0.633029 0.114033 -0.583315 0.37524 -0.373123 -0.771561 0.802444 0.352658 0.328674 0.472046 0.119717 -0.913588 0.894778 -0.224252 0.795575 0.193938 0.684547 0.603688 0.526871 0.192016 0.00465446 
0.224448 0.567544 -0.41521 -0.803191 -0.155492 -0.69251 0.911686 -0.290093 0.821806 0.847077 -0.135146 -0.930562 0.37369 -0.486209 0.70232 -0.415857 -0.219831 -0.642912 0.442538 0.0089193 0.867549 -0.126725 -0.436262 0.965758 -0.584273 -0.733168 0.964153 0.332756 -0.82019 -0.656337 
-0.757039 -0.414202 -0.73338 -0.302073 -0.360587 0.0582727 0.682801 0.985218 -0.807039 -0.610375 0.536798 -0.786971 -0.975893 0.458411 -0.46154 -0.789919 -0.672293 -0.637279 0.783343 0.68917 -0.325073 -0.84309 -0.0144377 -0.749499 -0.0398292 0.0674989 -0.762838 0.952131 -0.392882 -0.783364 
0.196236 0.546298 -0.221552 0.402825 0.997995 -0.588856 -0.853425 -0.699083 0.682562 0.950949 -0.545834 -0.943797 0.502212 0.397216 -0.0233835 0.196696 0.771927 0.512588 -0.50515 -0.592468 -0.465514 -0.334651 0.797145 -0.851856 0.683249 -0.826965 0.621063 0.0422693 -0.728146 0.344743 
0.410102 0.75872 0.639467 -0.427614 0.63951 0.674014 0.617042 0.083938 -0.570785 -0.532776 0.81807 -0.037805 0.430226 -0.185077 0.765625 0.69761 -0.916985 -0.0233181 -0.152447 0.303365 0.168778 -0.834157 -0.943356 0.58047 -0.50327 0.0432848 0.261689 -0.223239 0.321053 0.204089 
0.582002 0.940701 0.733724 0.835263 -0.825893 -0.470165 0.38399 0.0585319 0.00256667 0.591142 0.17361 -0.653879 0.852771 -0.410028 0.20237 -0.850079 -0.185898 0.563815 0.472097 -0.277968 -0.195548 0.690658 -0.30763 0.0850335 0.721342 0.570461 0.253553 0.35683 -0.130434 0.387572 
0.788224 0.210331 -0.16626 -0.480711 0.598584 -0.0823731 -0.0608832 0.257625 -0.888389 -0.156922 -0.433717 0.0950533 0.452736 0.413469 0.0879854 0.436852 -0.844823 -0.00656333 0.305647 0.221959 0.86784 0.673434 -0.51846 -0.463515 0.561275 0.156638 -0.418159 0.186188 0.277123 0.844376 
-0.6422 0.967851 0.933117 0.791987 -0.963869 -0.510979 0.453366 0.0937964 0.185749 0.121497 -0.0616462 -0.988609 0.397909 -0.984191 -0.481325 -0.39413 0.695469 -0.450407 -0.320646 0.149512 0.700728 -0.132896 -0.152041 0.2223 -0.771896 0.117481 -0.0990838 0.285649 -0.325517 -0.526641 
-0.863047 -0.297222 -0.766037 0.0455244 -0.765907 0.0668462 -0.964596 0.054621 0.352854 -0.0765146 -0.00171351 -0.559509 -0.355539 0.389951 -0.580372 -0.738928 -0.915988 0.774689 -0.684002 -0.399547 0.603361 0.449601 0.506588 0.272249 0.0949443 -0.663997 -0.48583 -0.563876 -0.102924 -0.0318759 
0.468573 -0.103788 0.811552 -0.524598 0.281221 -0.509084 0.215079 -0.364822 -0.818284 -0.365627 0.376497 -0.0959154 0.967214 -0.559258 -0.931729 0.0468866 0.133478 0.808927 -0.951534 0.43011 0.646579 0.571752 0.670155 -0.697258 -0.422176 0.533339 -0.553227 -0.71808 0.887305 -0.708615 
0.235872 -0.0156495 0.0768619 0.0526092 -0.833936 0.884265 0.246043 -0.398153 -0.848636 -0.178356 -0.43572 0.690672 0.82017 0.36435 0.530725 0.501565 -0.734892 -0.452678 0.737211 0.763501 -0.234356 0.201105 0.156583 -0.50992 0.295557 0.448478 0.692931 -0.0192776 -0.312268 0.822986 
-0.496624 0.346995 -0.841903 0.393508 -0.361695 -0.493189 -0.221455 -0.541453 0.499941 -0.74095 -0.481639 -0.869585 -0.0968 0.524226 -0.670093 -0.797472 -0.527984 0.399557 -0.730094 -0.531371 0.327898 0.432622 0.29773 0.434034 0.681693 0.360988 -0.854958 -0.148165 -0.731278 -0.866958 
-0.964715 0.176277 0.418249 -0.625073 -0.865442 -0.974623 0.286435 -0.675079 -0.485803 -0.176741 -0.0225873 -0.131304 0.216028 0.740114 -0.190911 -0.593669 0.0793777 0.0630008 0.0838167 0.639328 0.324229 0.842728 0.985878 0.813798 0.0360297 0.370854 0.702023 -0.913597 0.511317 0.50785 
-0.631123 -0.259829 -0.793514 -0.0490144 0.287105 0.265291 0.132785 -0.586135 0.317823 -0.425743 -0.244894 -0.306057 0.528635 -0.301636 0.471517 0.778365 -0.661589 -0.828005 0.910504 -0.520004 0.526877 -0.286498 -0.88349 -0.740933 -0.95341 -0.464114 -0.461185 0.208801 0.267022 0.960826 
