-1.86603 -0.408833 -0.834266 -2.09648 0.417585 -1.02459 0.403683 0.165668 -1.18291 1.26228 -1.36331 -0.845214 -1.71791 0.406387 1.52111 -1.91779 -2.2692 -0.587914 -0.277331 2.01543 -0.47147 -0.346495 0.854467 1.92158 -2.47315 -0.724323 0.781524 -0.741395 0.610507 1.34074 
1.22309 1.40077 -0.805776 2.3562 -0.220449 1.34428 1.93642 1.51536 1.80497 -0.962536 1.45968 -1.27652 0.716015 -2.08827 -0.630216 -0.655805 1.70987 1.51681 0.580092 -0.725475 -0.556801 1.48799 -0.677071 1.97557 1.17586 0.0380144 0.66394 1.42602 2.42053 -0.785205 
0.315688 2.65817 1.55791 -1.29659 0.129358 2.04001 0.920177 1.19357 -2.43862 0.787046 -1.44494 2.4761 0.61751 -1.88324 1.18771 1.17847 2.22863 1.15588 1.07076 -2.2884 2.69453 -1.05479 1.13873 -0.483912 -2.1368 -1.31323 -2.42431 -1.66453 0.560967 2.41019 
1.51885 0.802014 2.17815 0.761981 2.1886 -0.439124 -0.401402 -0.943497 0.580013 -1.98444 0.752542 0.849403 -2.47968 0.890249 0.482722 -1.81059 2.71051 -0.158325 -1.99111 -1.23183 0.178026 1.54827 0.179024 -0.252611 -1.92635 -1.01492 -2.06702 1.8635 -1.45375 1.09919 
0.143467 2.63978 -2.17393 2.49027 -0.11157 0.894653 0.461319 0.280132 2.73223 2.00397 0.177619 1.63788 -2.38481 -0.813348 1.43125 0.157157 0.817368 -0.992863 0.344716 -0.711652 -2.17531 1.72622 -0.497091 -1.6448 2.15128 0.124652 -1.6433 0.268295 1.38757 -0.0609415 
1.31767 0.0897254 0.932493 0.702288 -0.380609 0.748533 -1.06327 1.70566 1.09072 -1.97728 -0.585098 0.632688 -1.36626 -1.04076 0.772015 -0.00179364 -0.392218 2.86978 0.52087 1.99901 -1.87565 0.603068 -0.689484 -2.09478 1.29978 -1.68054 -0.0409577 0.825991 0.0480138 -1.53789 
-1.33184 -0.485515 0.887509 -0.940267 0.867557 -0.324387 -0.196557 0.713953 1.48768 -0.660548 -0.878292 -2.53061 -1.23418 0.644919 2.37111 -0.402249 0.802846 -0.228993 1.03604 0.439838 1.46795 2.8849 -0.780157 -0.00577071 -2.56137 -0.55888 -0.583944 -1.3287 -2.23421 -0.350933 
0.198112 -0.394522 -0.0539675 1.90082 -0.447932 0.759613 0.666081 -1.18008 0.689939 -1.58566 0.167751 1.39631 -0.778594 -1.16112 -0.891253 -0.575508 0.840186 2.39468 2.26916 -1.89371 -0.407676 -2.5022 1.05262 0.501233 1.2512 0.902779 -0.412437 1.43933 0.920601 0.530291 
-1.01203 1.24308 -0.120967 -1.34824 0.153779 -0.584107 -2.22479 -1.46013 0.690659 -1.17298 -0.864931 0.489154 -0.97877 1.05756 -0.84792 0.854301 0.487067 0.984343 0.606403 -0.312604 -1.01133 -0.804566 -0.00229943 2.64095 1.56159 -1.25332 1.6751 0.488934 0.298617 1.68234 
-0.0852679 1.00094 0.0545396 0.399535 1.58209 -0.739346 0.936137 0.265318 1.54736 1.3578 -2.35832 1.42465 0.342705 -0.233867 2.48358 1.20104 1.65588 1.59416 2.37013 -2.37559 0.700216 0.292126 -0.583245 0.776822 -0.435104 0.394508 -1.38496 -0.236659 -1.15155 -0.713149 
1.45258 0.252581 0.0219658 1.32601 0.0890413 -0.797698 -1.42615 -1.13522 0.0344963 -1.53199 -0.46984 -0.518596 -1.0124 -0.195576 -1.78146 1.78696 -1.38934 1.26151 -1.00816 2.08545 -0.5481 0.926846 1.77872 0.119591 0.0595995 0.388688 -2.24666 -0.174395 -2.41898 -0.208628 
-0.303433 1.29834 0.660494 1.71563 -1.16202 1.84442 2.32172 -0.417989 -1.32514 -0.692304 1.40513 0.201053 -0.686616 1.19985 -0.0122794 -0.00732429 -1.0925 -2.22204 -0.165747 -0.513503 -0.462482 1.58835 1.49807 1.26775 0.40105 0.0555815 1.24049 -1.36915 -0.899698 -2.04708 
-2.1414 -1.13752 -0.952619 -0.204895 -0.5312 -0.663513 1.43441 -0.258911 -1.79822 1.44238 1.85636 1.1682 -1.0491 -1.35613 0.206798 0.071229 1.28856 0.0394053 -0.672086 2.11294 -0.555611 0.361683 1.49525 0.97421 -1.08125 0.0664795 -1.3581 -1.0114 -1.03462 -0.213171 
0.0399902 0.0550501 -0.466718 -1.52729 2.25549 -0.187884 -0.664818 -0.149977 -2.03735 -1.2768 0.596816 -0.839504 0.782235 0.281894 1.13399 0.409209 0.790808 -0.248348 1.64001 0.519967 -0.378506 1.13922 -0.303821 1.90504 -0.431264 -0.0350415 -1.14034 -0.759708 2.21317 -1.61279 
-0.20828 0.977248 0.652894 -1.80692 1.54229 0.532726 -0.0323117 1.74191 -1.33839 -0.412331 0.934057 -0.36866 0.627357 2.70897 1.13049 -0.31256 0.399407 0.023831 0.109001 0.446946 -1.53209 1.61587 -0.862247 0.964733 -2.68605 -1.09838 -2.4286 -1.18908 0.226199 -1.43057 
-0.20493 1.92832 1.65508 0.0716824 0.39631 -0.110455 0.706766 -0.486177 2.60665 -0.406983 -0.791614 0.959397 1.04014 -0.908353 0.67349 0.231536 0.475997 0.259102 -1.75987 -1.61601 0.248468 1.62974 0.661606 -1.9591 1.66498 -0.412948 -0.403059 -1.9272 -0.1819 -2.1554 
1.33502 0.319723 -0.864143 -0.580494 -0.459231 0.614065 -0.667002 -0.580209 1.02625 0.957549 -0.0577674 -2.40872 -0.0401797 -1.52278 -0.909728 1.04101 -0.262438 1.04048 2.08809 0.138558 -1.38315 -0.399451 0.766736 0.790279 2.49098 2.17226 0.120328 -0.250866 -1.51894 2.05202 
-1.22377 1.54236 -1.47073 2.128 1.70873 1.06797 -2.62773 0.906444 1.33652 0.286625 2.16198 -1.1736 1.29067 1.68912 1.41567 1.23395 0.862054 -0.168337 -0.69644 1.50002 -0.520063 2.3711 -1.49798 0.416775 1.60106 0.0480804 -0.828136 -1.287 0.286377 2.32844 
0.102193 2.10303 1.72317 0.131649 -0.828176 1.82416 0.910461 0.784667 0.956915 0.997768 1.0077 1.3007 -1.44186 1.16981 2.55613 1.40736 0.139966 1.09903 -2.18803 -0.869752 0.40626 -0.357704 -1.85364 0.193898 1.02671 -0.549575 -0.461617 -0.0487505 0.160492 0.112453 
-1.43849 -1.53461 1.89817 -1.22662 0.816737 -1.71034 -1.18048 -2.29191 1.07554 1.01504 1.1934 0.641131 -0.797356 -0.504082 1.17693 -0.0177941 1.7034 -0.498991 -0.801838 -1.16027 1.41186 -0.624738 -1.12406 2.20777 -1.71746 0.285639 0.207118 -0.908836 1.01823 -1.57332 
0.272342 -0.993298 1.00511 1.27119 1.62505 -0.201561 0.566241 -1.69895 0.362763 2.13882 -0.465526 0.507109 0.834626 0.786703 0.0456211 1.94422 0.0142593 -1.66284 0.0232174 0.648749 2.05253 -1.16935 0.32209 -1.2368 0.0498682 -0.599708 -2.19103 -0.807221 0.663147 0.032515 
1.66617 0.535817 0.596533 1.36276 -0.00364947 -0.794868 -0.728453 0.786474 1.5838 0.284194 -0.574141 -2.15313 0.250363 -0.658136 -0.383112 0.648916 0.319664 -1.00134 0.196132 -0.150604 0.346495 -2.18054 0.664386 -0.252976 1.58898 0.664497 0.108351 -0.309089 -0.000176188 -0.274361 
1.46302 2.35175 0.0468054 -0.330553 -0.683799 -0.229989 -0.437575 0.119072 0.638331 2.25484 0.830128 -0.0394098 -1.50106 0.757427 0.882576 -1.59646 -1.26936 -1.71372 1.42381 0.401344 1.81084 0.0598776 -0.306847 1.16866 -0.287278 -0.518874 -1.06672 -1.37006 -0.537457 0.379328 
-2.53889 -1.39792 -0.534321 1.55708 -0.929883 -2.23524 0.463152 -0.518141 -2.38116 -0.835012 0.194124 -0.387316 0.0953002 1.44407 -1.99959 -0.501149 -1.66527 -0.339548 -1.90723 0.516719 -0.402695 0.853181 -1.01901 0.124418 0.947634 -0.76795 -1.74128 -0.406375 -0.651116 -0.574166 
-1.14086 1.50627 -0.184142 1.28972 -0.261985 -0.165101 -0.646747 0.74214 -0.0907341 0.128572 0.811708 -0.786273 2.1072 -0.72589 0.540403 -0.207367 -0.475612 -0.851935 0.323113 1.61475 -0.509361 1.22808 2.0491 1.56502 -2.35419 -1.39082 1.36307 -0.405817 -0.334684 -0.236958 
0.726536 -1.12853 -0.437863 -1.55171 1.80872 0.39749 -0.124092 -1.64948 0.819625 2.62822 0.722973 1.45421 0.136579 -0.641078 -0.634629 -1.617 2.20671 0.00500954 1.25565 0.667294 0.571189 -0.512465 -0.285001 -1.00844 -0.0449518 1.30019 0.783617 -0.344915 -2.57641 -0.958256 
-0.359197 -1.69516 -0.498801 -1.82777 1.10023 -1.02185 1.39418 0.834868 -1.62812 -1.78513 0.194479 0.533933 0.0158545 -1.53315 -1.19809 -2.17787 -0.930106 -0.00249437 -1.04307 1.26488 1.67496 -1.1481 1.12736 0.173972 0.0620466 -2.03404 1.8803 0.0979242 -0.206469 0.685486 
1.83525 2.41008 1.0961 1.16572 0.769658 -0.67925 -1.59933 1.34912 -1.51811 -1.07766 -0.374666 -1.42641 1.24167 1.72947 -1.53344 -1.24359 -0.829566 0.128962 1.82945 1.29838 -2.24277 0.32037 -1.13472 -0.960996 2.09984 1.33289 1.57096 0.820012 1.01528 2.22518 
-2.12057 -0.305459 0.718259 -0.173014 0.5059 0.267507 -0.191145 -0.534491 1.18206 -2.21596 0.136426 -0.475691 0.257371 1.10996 -1.38084 -0.545505 -0.635338 1.18081 0.42788 -0.64966 -0.706341 0.956348 1.15572 -0.666425 0.584723 -1.09939 -1.79517 -0.961022 0.521079 -0.655554 
-1.12174 0.13665 -1.42178 0.214994 -1.15913 -2.46228 -0.0897527 -2.05979 -1.09851 0.551767 -0.895738 -0.644514 1.74365 0.170522 -1.09959 -1.60492 0.704682 0.578429 2.02679 -0.470738 0.189307 -1.43155 0.708439 0.754562 0.0179401 0.501065 1.54181 0.31945 1.05947 -0.510867 
-0.582155 0.493202 0.185395 -1.70859 0.475705 1.00128 0.814226 0.0748232 -0.523458 -0.2669 -0.324023 -0.753657 -0.257806 -1.10215 -2.17454 0.276024 -1.13361 0.711542 -0.826017 0.275999 0.676376 -0.497887 1.40894 -0.153385 -0.0432897 1.54657 1.59497 -0.711402 -1.30065 -2.05261 
-1.17958 0.460231 -0.816741 0.399843 0.751309 0.731 -0.0166063 -0.561896 -1.3782 0.0769577 0.765398 0.90427 1.24077 -0.636812 -0.367252 0.693917 -1.00126 -1.69708 -0.950009 -0.0876683 -0.163227 0.688351 0.550712 -1.44933 -0.198703 -0.626359 -0.157614 1.12332 -1.39268 0.496073 
0.480078 -0.0488848 -0.792498 -1.47208 0.0731327 -1.14569 1.28838 -0.728527 1.0495 0.937242 -0.803086 -1.78121 0.651532 -1.3403 1.11936 -0.810848 0.324518 -0.293887 1.19745 -0.298005 0.229459 0.335532 0.332194 0.905987 -1.26499 -0.922607 1.47569 -0.529059 -1.21453 -1.50468 
0.337647 0.838959 -0.173474 -0.666185 0.370322 -0.0191534 -0.43372 -0.61524 -0.716601 1.03537 -0.995741 -0.722423 -0.31696 -0.786419 -0.427147 -0.651473 -0.18782 1.11094 1.59827 -0.0957559 0.290072 0.0993585 -1.13349 -0.517845 -0.858777 0.18168 -0.533425 0.466227 0.0547793 -0.703963 
-1.31209 -0.0921154 0.0292772 0.271274 0.898268 -0.0165398 -0.185947 -0.680826 -0.243694 -1.30311 0.267649 0.758206 -0.564292 0.0102241 -1.08531 -0.0971628 0.335671 0.768739 0.991821 -0.222205 0.303263 0.170813 -0.367026 -1.00048 -0.298611 1.5963 -0.445726 -0.574534 -0.276081 1.51464 
-0.544492 0.447467 -0.754964 0.333311 -0.621358 0.77161 0.477056 -0.0183891 0.107996 -1.38081 0.0685676 0.142116 -0.610701 0.420252 0.650703 -0.382726 -0.744522 -0.552809 0.00913888 0.563588 1.1362 -0.720966 -0.0485839 -0.524782 -0.377589 -0.763393 -0.0894012 -0.0603982 1.29168 0.22132 
-0.737738 -0.0157075 -1.10245 -0.200945 0.247822 0.674467 -0.0145461 0.0137216 0.0296435 -0.21806 -1.23301 -0.841166 0.0788451 0.159675 0.358416 -0.386026 -1.08079 0.420032 -1.07702 -0.74785 0.492967 1.12738 -0.21822 -0.319941 -1.29897 -1.13551 -0.667057 -0.660938 0.179932 0.00302746 
-0.22041 -0.754897 -0.640137 -1.12239 0.434536 0.297961 -0.122782 -0.136194 -0.815985 -1.08889 -0.194841 -0.270251 -0.309105 0.360449 -1.32528 -0.657982 -1.11319 -0.411875 0.0328174 -0.668238 1.2984 -0.363383 -0.866205 -0.0104584 -1.03714 -0.1688 -0.0552006 -0.778158 -0.597365 -0.424597 
0.670392 0.470914 0.414623 -0.225967 -0.264039 -0.467662 -0.504245 -0.0890539 -0.586419 0.499264 0.39292 0.00516075 -0.270779 -1.06505 -0.544254 -0.0274845 -0.773068 0.0441939 0.955389 -0.544102 0.537377 0.820556 -0.73691 0.421926 0.204123 0.993621 0.0640457 -1.45713 -0.327946 -0.508914 
-0.491194 0.189109 -0.825417 0.0284217 0.649345 0.117007 0.327285 -0.315826 0.397288 -0.325994 -0.218855 -0.707608 0.71434 -0.478766 0.664416 0.379061 -0.277811 -0.812604 0.638407 -0.934006 0.188518 -0.157792 -1.07908 -0.695434 -0.584495 -0.0858842 -0.313263 0.264114 0.660547 0.910084 
-0.208209 0.433658 -0.398291 -0.33743 -0.810287 0.380198 0.892361 -0.020718 -0.306403 0.33015 -0.36446 0.586539 -1.07833 0.618811 -0.129528 -0.155778 -0.703364 -1.10563 -0.350205 -0.486683 -0.951503 -0.762367 0.359533 -0.189951 0.116179 -0.641389 0.621715 -0.564771 0.307309 -0.733429 
-0.645698 -0.990046 0.90746 -0.882267 0.401355 0.573147 0.465217 0.690239 1.14573 -0.299755 -0.0748275 -0.522801 -0.469432 -0.378055 -1.12701 -0.430252 0.192497 -0.306448 -0.656283 0.732711 0.767732 0.569054 -0.526944 -0.12697 -0.882265 -0.148479 -0.0751309 0.447354 0.545427 -1.01018 
-0.984727 -0.232942 -0.16088 -0.62825 -0.98124 0.446482 0.712303 -1.12923 -1.20011 -0.519065 0.380657 0.706958 -0.751424 -0.785212 -0.37854 -0.576258 -0.135265 0.56621 -0.433126 0.939839 0.429189 -0.0908354 0.901279 -0.638218 -0.450806 0.179848 0.335489 -0.795707 0.126325 0.341678 
0.352105 1.15226 0.495235 0.88477 -0.679012 -0.31405 0.271635 0.257845 -0.125113 0.810188 0.368097 -0.815235 0.767658 -0.163562 0.171794 -0.94512 -0.0376414 0.732066 0.509949 -0.114094 -0.389992 0.68046 -0.0906655 0.105508 0.881395 0.654597 0.374856 0.486551 -0.002703 0.606882 
-0.670085 -0.0173201 -0.274404 -0.629789 0.131648 0.268992 0.30649 -0.0431903 -0.133792 0.330111 0.103776 -0.11089 0.126129 0.605101 1.02577 -0.611676 0.691965 -0.149004 -0.670839 -0.675285 0.0599315 -1.01057 0.586674 -0.598537 -0.35093 -0.447063 0.643354 -0.232943 0.807555 0.930324 
0.233941 -0.168303 0.582087 -0.290052 0.173817 -0.527614 0.324023 -0.465576 -0.906735 -0.196159 0.448339 -0.206136 0.903516 -0.740604 -0.710261 0.118812 -0.0682722 0.869083 -0.832248 0.272288 0.557999 0.707287 0.543047 -0.596583 -0.575796 0.453434 -0.63155 -0.741574 0.777129 -0.656412 
0.142947 0.0136201 0.120677 0.175109 -0.834205 1.05748 0.441765 -0.475271 -0.694994 -0.36773 -0.284981 0.641895 0.604065 0.430738 0.507066 0.63489 -0.754012 -0.456697 0.851213 0.9411 -0.376195 0.11583 0.127907 -0.525719 0.255796 0.264176 0.834771 -0.172267 -0.430502 0.683507 
0.209225 0.437488 -0.169432 0.478941 0.880106 -0.54947 -0.851086 -0.811282 0.58709 1.04055 -0.652245 -0.937758 0.50224 0.487516 0.0261207 0.233577 0.824224 0.611468 -0.601361 -0.605276 -0.599127 -0.234929 0.725248 -0.787623 0.767617 -0.815345 0.490725 0.134879 -0.625224 0.253313 
0.595652 0.945688 1.01846 0.0204533 0.0916786 0.519312 -0.672614 0.244436 0.63099 0.88492 -0.42736 0.673022 0.880679 -0.536219 -0.747471 0.758769 -0.837473 0.473028 0.621906 0.402012 -0.643275 -0.399126 -0.522437 -0.807506 0.00468802 0.359769 -0.0475477 0.680729 -0.194551 -0.750885 
0.723465 0.362262 -0.66308 0.94487 -0.173396 0.0855948 -0.497116 -0.328442 0.689569 -0.704235 -0.596064 -0.771205 0.688666 -0.304956 -0.38805 0.916168 1.0061 -0.676242 -0.741719 -0.838017 0.245996 -0.688909 -0.689496 -0.64481 -0.431093 -1.03725 -0.763105 0.462979 0.714133 0.436681 
-0.6422 0.967851 0.933117 0.791987 -0.963869 -0.510979 0.453366 0.0937964 0.185749 0.121497 -0.0616462 -0.988609 0.397909 -0.984191 -0.481325 -0.39413 0.695469 -0.450407 -0.320646 0.149512 0.700728 -0.132896 -0.152041 0.2223 -0.771896 0.117481 -0.0990838 0.285649 -0.325517 -0.526641 
-0.618804 1.0399 0.911041 0.754335 -0.898943 -0.476158 0.42871 0.184376 0.228701 0.128326 -0.0303933 -1.06486 0.490265 -1.06374 -0.384654 -0.366284 0.689245 -0.545124 -0.301855 0.152191 0.70816 -0.0520842 -0.209055 0.163052 -0.801331 0.206731 -0.0375849 0.26771 -0.27598 -0.516197 
-0.543921 1.00273 0.87201 0.867257 -0.901708 -0.453747 0.550253 0.172526 0.114155 0.201308 0.00262063 -1.08423 0.377643 -0.99785 -0.383696 -0.405372 0.61576 -0.538087 -0.271486 0.135335 0.621006 -0.220733 -0.0777674 0.134465 -0.727728 0.19206 -0.097572 0.380417 -0.406358 -0.609177 
-0.166307 -0.643608 0.134503 0.27676 -0.809765 0.108409 0.262857 0.0243573 0.42972 0.849464 -0.469957 0.522208 -0.422367 0.588789 -0.643617 -0.951907 -0.154786 0.267779 0.12765 -0.497837 -0.542623 -0.751896 -0.0347214 -0.609988 0.489057 -0.460232 -0.651414 0.225639 0.980701 -0.91546 
-0.146459 -0.690787 0.167809 0.22908 -0.876362 0.0570098 0.193893 0.0812818 0.371443 0.794071 -0.465248 0.583262 -0.420651 0.600989 -0.706537 -0.873596 -0.165626 0.239861 0.139329 -0.588906 -0.550349 -0.79299 0.0271003 -0.6931 0.43812 -0.416141 -0.629954 0.250833 0.909472 -0.996194 
-0.0717781 -0.641769 0.138315 0.19616 -0.874357 0.101989 0.340343 0.0405366 0.336287 0.904718 -0.564555 0.541823 -0.335238 0.504583 -0.564246 -0.986363 -0.2336 0.218853 0.115756 -0.489107 -0.478846 -0.817814 -0.0886058 -0.691653 0.540384 -0.548041 -0.724012 0.162953 0.892965 -0.973333 
0.124147 -0.987163 -0.822921 -0.278704 -0.681608 -0.898701 -0.55459 0.85287 -0.17121 0.326322 -0.0458298 -0.010536 0.28506 -0.387583 0.830779 -0.0599823 -0.35412 -0.865415 0.195178 0.862623 0.355604 -0.20621 -0.507765 0.965568 0.678801 -0.705656 0.0438106 0.740147 -0.363848 -0.198818 
0.0808548 -0.947221 -0.886111 -0.226797 -0.719721 -0.833882 -0.582453 0.850828 -0.235068 0.275366 -0.0919122 -0.0756012 0.350629 -0.376897 0.815103 -0.115364 -0.297669 -0.83977 0.151903 0.870864 0.285499 -0.151835 -0.456326 1.0209 0.704806 -0.748719 0.0966879 0.826367 -0.395832 -0.261594 
0.0510389 -0.91847 -0.883213 -0.286641 -0.644331 -0.958148 -0.612884 0.918653 -0.232162 0.258466 -0.112152 -0.0810126 0.317246 -0.457077 0.914367 0.00913791 -0.373274 -0.844581 0.113821 0.910803 0.329174 -0.16703 -0.493208 1.02535 0.758384 -0.695257 0.0366669 0.711494 -0.385691 -0.114988 
-0.771327 -0.996593 0.227869 -0.68014 0.991301 -0.428042 0.608363 0.594773 -0.983993 -0.98749 -0.437725 -0.201674 0.00240935 0.378199 -0.69635 0.65671 -0.281178 -0.091777 0.465089 -0.943878 -0.271845 -0.750693 0.823115 0.449937 0.184652 0.729723 0.669863 -0.649443 -0.94956 0.00241913 
-0.79898 -0.984418 0.197046 -0.622257 1.05516 -0.463973 0.66964 0.619357 -1.04762 -0.938508 -0.383805 -0.168178 0.0398681 0.31137 -0.684883 0.59891 -0.240618 -0.0287794 0.445703 -0.866821 -0.305478 -0.823621 0.785948 0.497672 0.104952 0.68687 0.587253 -0.680763 -1.00296 -0.0836877 
-0.820865 -1.02698 0.191377 -0.711973 1.04336 -0.435966 0.61545 0.619812 -1.00648 -1.06652 -0.398647 -0.161968 0.0336952 0.322532 -0.639408 0.68213 -0.232496 -0.116417 0.472282 -0.877117 -0.220755 -0.7098 0.896307 0.39795 0.22025 0.677854 0.756354 -0.689434 -0.990274 -0.00528791 
-0.964715 0.176277 0.418249 -0.625073 -0.865442 -0.974623 0.286435 -0.675079 -0.485803 -0.176741 -0.0225873 -0.131304 0.216028 0.740114 -0.190911 -0.593669 0.0793777 0.0630008 0.0838167 0.639328 0.324229 0.842728 0.985878 0.813798 0.0360297 0.370854 0.702023 -0.913597 0.511317 0.50785 
-1.01541 0.197362 0.41939 -0.614635 -0.855928 -1.04018 0.29643 -0.683006 -0.441076 -0.148313 0.00471401 -0.157512 0.192091 0.739283 -0.183396 -0.639228 0.124884 0.019752 0.0129617 0.667073 0.306544 0.86646 0.934774 0.773393 0.0630861 0.389945 0.658946 -0.967259 0.568748 0.566129 
-0.999583 0.106678 0.350175 -0.594421 -0.866746 -0.941453 0.236972 -0.679198 -0.503974 -0.219833 -0.0468946 -0.160756 0.186709 0.671032 -0.130312 -0.609285 0.0939343 0.063114 0.0568754 0.59656 0.306806 0.822933 0.92799 0.748238 0.0920219 0.333832 0.655688 -0.844668 0.554055 0.527363 
0.856039 -0.143945 0.248712 -0.216618 -0.580707 -0.150959 -0.355262 0.954844 -0.833977 -0.133455 0.591547 -0.845878 0.175466 0.163393 -0.0561231 -0.918404 0.104142 0.286304 -0.43139 0.609972 0.726033 0.945068 0.988033 -0.651506 -0.57417 -0.561305 0.905152 -0.799059 0.820437 -0.0552702 
0.923575 -0.174376 0.307315 -0.217853 -0.635628 -0.097901 -0.311386 0.932322 -0.770614 -0.187292 0.567083 -0.889343 0.243852 0.155745 -0.0193081 -0.953778 0.093273 0.224317 -0.471336 0.615244 0.667393 0.953708 1.01406 -0.611161 -0.557934 -0.514637 0.93789 -0.848251 0.825532 -0.0611191 
0.8164 -0.173279 0.219994 -0.285931 -0.643559 -0.199739 -0.382042 0.947553 -0.891189 -0.185862 0.521392 -0.779721 0.178852 0.0984953 -0.0296054 -0.887029 0.150398 0.238355 -0.470262 0.66844 0.660031 0.964866 0.965403 -0.645015 -0.620019 -0.547647 0.886334 -0.756267 0.875487 0.0136383 
-0.225558 0.00420039 -0.754737 0.695543 0.285939 -0.0902315 0.265743 0.381412 -0.537768 0.970202 -0.739512 0.245411 0.480772 -0.604939 -0.0105802 0.460964 -0.689802 -0.0438946 -0.369229 -0.751564 -0.565762 -0.257813 -0.345241 -0.460167 -0.816593 -0.0826203 -0.645408 0.725973 0.745689 0.622495 
-0.251526 -0.0167127 -0.767223 0.645937 0.345277 -0.0364947 0.226241 0.317099 -0.600914 0.909506 -0.750311 0.185465 0.447613 -0.591871 0.0457153 0.406888 -0.734651 -0.0441816 -0.376156 -0.811802 -0.545179 -0.297421 -0.381362 -0.511627 -0.815845 -0.0714936 -0.59186 0.77291 0.732244 0.586199 
-0.220583 0.00247246 -0.80195 0.720819 0.335733 -0.146458 0.325167 0.410468 -0.599548 1.00937 -0.734303 0.267303 0.42025 -0.612504 -0.0374973 0.421476 -0.662645 -0.00279249 -0.412139 -0.724949 -0.507883 -0.307327 -0.311015 -0.395991 -0.859333 -0.127278 -0.609797 0.790114 0.781837 0.635605 
0.176808 -0.963686 -0.545783 0.332288 0.0308865 -0.22734 -0.524371 0.731764 -0.295535 0.961705 0.895904 0.181258 -0.377346 0.246508 0.298423 0.0181708 0.29604 -0.821122 0.65203 0.916801 -0.480383 0.109142 -0.987502 0.717678 0.172553 -0.394072 0.189038 -0.834768 0.0278512 -0.98897 
0.147577 -0.969347 -0.500138 0.385078 0.0833753 -0.27974 -0.557247 0.678738 -0.242561 1.00365 0.947671 0.198523 -0.333497 0.195743 0.251777 -0.038942 0.332443 -0.83309 0.702394 0.969947 -0.449035 0.116886 -0.970594 0.751987 0.161792 -0.346723 0.205622 -0.807405 -0.0117501 -1.03685 
0.182455 -0.987708 -0.505438 0.35856 0.0701134 -0.23496 -0.552436 0.68966 -0.239774 0.994861 0.889178 0.221692 -0.40306 0.262145 0.242486 0.0741929 0.301188 -0.875862 0.631474 0.868205 -0.426246 0.107831 -0.952311 0.735264 0.216545 -0.411703 0.198106 -0.798378 0.0114357 -0.942296 
0.988929 0.848764 -0.190531 -0.442318 -0.0404631 0.0339607 0.539899 -0.769293 0.420145 -0.17983 -0.932906 -0.141633 -0.31368 0.562279 0.250468 0.8706 -0.0570103 0.279877 0.998393 -0.390702 0.763538 -0.390532 0.559286 0.272106 0.37308 0.208847 -0.94358 0.514616 -0.432883 -0.14026 
1.00203 0.871489 -0.215769 -0.430914 -0.0245857 0.0196257 0.557938 -0.738215 0.399743 -0.145915 -0.915285 -0.111398 -0.299975 0.59672 0.260112 0.87219 -0.0873978 0.271791 0.980175 -0.41819 0.750624 -0.357658 0.586206 0.295528 0.399566 0.198528 -0.974463 0.523526 -0.463585 -0.117422 
0.982958 0.873765 -0.173405 -0.469876 -0.0351078 0.0608043 0.543228 -0.782853 0.43906 -0.18733 -0.951933 -0.151735 -0.30134 0.56278 0.275305 0.859067 -0.0817786 0.273096 0.988666 -0.365501 0.7528 -0.422131 0.561131 0.239431 0.358007 0.240479 -0.976382 0.525656 -0.458553 -0.129666 
-0.8025 0.700146 0.14118 0.558079 -0.896323 -0.422536 -0.0461441 0.957006 0.288482 -0.810391 -0.0750627 -0.607491 0.772845 -0.545889 -0.520253 0.68465 0.951043 0.858298 -0.282284 -0.729396 0.100646 0.112271 0.0753925 -0.643259 0.452351 -0.365915 0.936448 0.58005 -0.098628 -0.518002 
-0.797576 0.675515 0.160584 0.543909 -0.865644 -0.445296 -0.0697405 0.945596 0.277822 -0.807859 -0.0471784 -0.599972 0.782354 -0.556258 -0.489976 0.676936 0.961003 0.863872 -0.288925 -0.725963 0.117369 0.0944614 0.0846632 -0.641424 0.421323 -0.38105 0.966282 0.609443 -0.0822149 -0.525749 
-0.798142 0.715079 0.157807 0.537086 -0.880503 -0.443839 -0.0478533 0.967357 0.316974 -0.802749 -0.071245 -0.607297 0.744785 -0.563951 -0.511548 0.676384 0.943428 0.830644 -0.2696 -0.715471 0.11686 0.135529 0.0507292 -0.65636 0.475337 -0.347978 0.933848 0.597256 -0.0890283 -0.549182 
-0.774011 0.114778 0.145971 -0.448192 0.214471 -0.427683 0.480988 0.749761 0.250309 -0.958995 -0.301229 -0.361661 0.516261 -0.47359 -0.676413 0.675061 0.422561 0.233167 -0.0896741 -0.93824 0.081401 -0.57982 0.205526 -0.395909 0.333615 -0.261458 0.909394 0.297625 -0.94424 -0.204393 
-0.0194278 -0.491166 -0.812764 -0.23665 -0.0446015 -0.615703 -0.23742 0.699668 -0.426748 0.729888 -0.730612 0.185072 0.341661 -0.564301 0.229306 0.369173 -0.613139 -0.600449 0.0596728 -0.0867376 -0.44819 -0.228083 -0.45226 0.954226 0.343128 -0.320509 -0.53147 0.733241 0.259747 0.0436368 
-0.345703 -0.116359 0.137876 0.471029 -0.894396 0.0678588 0.0169958 0.552217 0.399704 0.000605635 -0.2334 0.270198 0.118972 -0.424361 -0.561497 -0.575534 -0.13523 0.427442 -0.140566 -0.703821 -0.471422 -0.0864668 -0.0216616 -0.626523 0.487487 -0.389902 0.367375 0.533153 0.914493 -0.638934 
-0.0782689 -0.418247 0.237737 -0.601937 0.325534 -0.287946 0.128775 0.821709 -0.841791 -0.79938 -0.116428 -0.699044 0.151837 0.189354 -0.135865 0.0221932 0.0789514 0.0259348 -0.0754542 -0.509576 0.400788 -0.570138 0.981755 -0.274487 -0.447286 -0.464424 0.903479 -0.771225 0.47638 -0.0533885 
0.948976 -0.290084 0.130266 -0.507885 -0.00176947 -0.0641264 0.601334 -0.687618 -0.66838 -0.525677 -0.485399 -0.174538 -0.265104 0.526061 -0.545417 0.720781 -0.137941 0.0294282 0.684507 -0.566058 0.278918 -0.515057 0.781011 0.347096 0.249889 0.242296 -0.597531 0.275588 -0.907804 -0.0940091 
-0.789581 0.746327 0.821976 0.688977 -0.953396 -0.434435 -0.0243006 0.213452 0.206926 0.00878605 -0.0679954 -0.839177 0.602061 -0.773429 -0.51473 0.329415 0.839629 0.324759 -0.319646 -0.579211 0.268388 0.078325 -0.0487534 0.0688628 0.041825 -0.194761 0.321943 0.321438 -0.130788 -0.519825 
0.456364 -0.330466 -0.103963 -0.249712 -0.606362 -0.191336 -0.524262 0.861522 -0.807122 0.101499 0.213438 -0.270191 0.226434 -0.365972 0.101704 -0.874276 -0.192859 -0.128898 0.0968542 0.763851 0.503554 -0.199464 -0.0504504 0.586687 0.0848163 -0.618119 0.516029 -0.00874403 -0.0699496 -0.0803562 
-0.0272731 -0.803757 -0.203478 0.103051 -0.688856 -0.879672 -0.375762 0.0721419 0.18242 0.405423 -0.265548 -0.000546927 -0.164139 0.445653 0.754794 -0.0625328 -0.240499 0.13925 0.173151 0.131755 -0.0952446 -0.526716 -0.217483 0.79429 0.536092 -0.49359 -0.201016 0.668744 0.848989 -0.80169 
-0.277808 -0.0645472 0.375076 0.305622 -0.962844 -0.161791 0.328981 0.0683728 0.275992 0.710913 -0.378673 -0.754634 -0.308158 0.32149 -0.64031 -0.417206 -0.103956 0.232732 -0.113482 -0.477975 0.335351 -0.302572 -0.108659 0.019845 0.466491 0.0260458 -0.131614 0.253119 0.938046 -0.804235 
-0.223719 -0.970757 0.131527 -0.646408 0.762889 -0.34641 -0.505559 0.680274 -0.410778 0.434844 0.890021 0.0270145 -0.172401 0.32842 -0.391533 0.0460359 0.0327265 -0.268248 0.542815 0.794368 -0.385807 -0.258696 -0.805843 0.680752 0.181683 -0.159945 0.555685 -0.796645 -0.146332 -0.00616948 
-0.412259 0.267762 -0.564596 0.671671 -0.00894279 -0.212426 0.0312635 0.675135 0.284094 -0.479088 -0.567322 -0.275868 0.5102 -0.57813 -0.298006 0.627608 0.80277 0.475462 -0.360159 -0.735223 -0.494435 -0.0257681 -0.23971 -0.491719 -0.0959303 -0.141505 -0.0769082 0.644681 0.300657 0.443964 
-0.813092 -0.600924 -0.314181 -0.518046 -0.0850816 -0.745911 -0.353713 0.357383 -0.380725 0.38144 0.241638 -0.0351642 -0.200454 0.614635 0.223506 -0.505552 0.144175 -0.488591 0.462908 0.640956 0.187193 0.148524 -0.153795 0.740343 0.0914636 -0.368939 0.515711 -0.842879 0.199258 0.353332 
-0.639421 -0.128112 0.293645 0.756913 -0.949618 -0.465129 0.278949 0.0873142 0.393958 0.505268 -0.113908 0.0775717 0.249002 -0.933461 -0.50162 -0.742293 0.635121 -0.290219 -0.135925 -0.0333243 -0.0372926 -0.251078 -0.0595447 -0.379975 0.256827 -0.111793 -0.226278 0.229913 -0.251449 -0.738066 
-0.165173 -0.0391268 0.258639 0.741627 -0.0953729 -0.490847 0.078251 0.629246 -0.0893268 0.360153 0.252071 -0.920962 -0.0332509 -0.177933 -0.193482 0.0111087 0.626954 -0.752457 0.300336 0.576819 0.323037 -0.0730418 -0.415511 0.512833 -0.469364 -0.345478 -0.0682817 0.0754905 -0.124592 -0.899916 
-0.308988 -0.993873 -0.587973 -0.66039 0.294869 -0.795408 -0.0105661 0.797812 -0.25291 -0.77888 -0.18414 -0.108086 0.00783044 -0.22011 -0.537367 0.387235 -0.321516 -0.599445 0.389787 0.105804 0.0813679 -0.488021 0.500728 0.672713 0.410948 0.272769 0.124349 -0.635314 -0.492944 -0.107874 
0.61271 -0.926337 -0.797729 -0.217401 -0.660898 -0.287674 -0.548982 0.917675 -0.620813 0.164404 0.474738 -0.548988 0.258552 -0.310442 0.062943 -0.21591 -0.00232793 -0.419438 -0.0771241 0.790571 0.423819 -0.0616091 0.965847 0.464857 -0.451381 -0.688177 0.474373 -0.327893 0.324015 -0.104048 
0.183702 0.92622 0.816572 0.544915 -0.566666 0.0285212 0.48409 -0.429282 0.398232 -0.0542928 -0.811205 -0.636634 0.29909 0.23989 -0.384743 0.414875 0.390199 -0.114426 0.390773 0.10322 0.709879 -0.204605 0.363817 0.25505 -0.511372 0.187138 -0.650746 0.315869 -0.423938 -0.155127 
0.00672973 -0.965073 -0.120365 -0.387756 0.813459 -0.370014 -0.385606 0.677162 -0.557264 -0.660948 0.607334 -0.0714713 -0.0148703 0.323615 0.161316 0.536584 0.221436 -0.394319 0.502928 -0.0702962 -0.439468 -0.6313 0.811958 0.650885 0.175637 -0.38765 0.449039 -0.800895 -0.565112 -0.591584 
0.696407 0.899714 0.313757 0.571478 -0.749542 -0.506759 -0.243476 0.648813 -0.262976 -0.123476 -0.0291058 -0.860232 0.375192 -0.848818 -0.321856 -0.817254 0.62868 0.0986506 -0.417779 0.185878 0.717611 0.692262 -0.106634 -0.558277 -0.613907 -0.530089 0.290507 -0.110141 0.528438 -0.250898 
-0.748065 -0.985706 -0.429625 -0.530408 0.554309 -0.283124 -0.305985 0.692257 -0.848335 0.721334 0.29693 0.125407 -0.152337 0.272224 0.267562 0.568327 0.0397494 -0.219839 0.507368 0.740165 -0.392602 0.0436595 -0.653338 0.701472 0.183648 0.719115 0.312947 -0.6719 -0.216414 -0.0832479 
