-0.98076 0.0587404 0.261605 -0.641067 -0.925607 -0.910164 0.149891 -0.519623 -0.528675 -0.179122 -0.147748 0.0205778 0.148903 0.644729 -0.174318 -0.463147 0.0585017 0.0700347 0.0701255 0.657784 0.340607 0.838415 0.91317 0.624989 0.131228 0.512432 0.515785 -0.878524 0.461637 0.352568 
-1.08468 0.122636 0.291053 -0.635622 -0.940716 -0.940572 0.258219 -0.597948 -0.517346 -0.199602 -0.104006 0.0391181 0.145124 0.652838 -0.187021 -0.44207 0.00442398 0.042733 0.0345454 0.718893 0.323943 0.875031 0.936712 0.682331 0.180659 0.43251 0.570122 -0.803046 0.365269 0.328077 
-1.09262 0.110833 0.282585 -0.619037 -0.909831 -0.977711 0.272651 -0.613891 -0.511415 -0.169637 -0.141562 0.0258078 0.190116 0.690699 -0.178932 -0.443407 0.0370369 0.0384787 0.0549983 0.767161 0.299629 0.865281 0.895332 0.693902 0.158876 0.460047 0.588415 -0.773595 0.331362 0.342579 
-1.06898 0.0400825 0.284792 -0.649103 -0.991514 -0.909534 0.216608 -0.560754 -0.546866 -0.216812 -0.179741 -0.0491391 0.190157 0.657618 -0.202101 -0.461118 0.067273 0.00587154 0.0856309 0.693526 0.30144 0.922004 0.948994 0.692805 0.132976 0.514068 0.487505 -0.808768 0.402886 0.352996 
-1.06711 0.0925562 0.247082 -0.637912 -0.937167 -0.876392 0.277482 -0.51555 -0.516457 -0.22181 -0.104786 0.0752847 0.132806 0.673774 -0.157008 -0.473397 0.00298524 0.0223078 0.0302832 0.737663 0.320293 0.927745 0.899386 0.692027 0.124673 0.486767 0.568418 -0.765382 0.408949 0.327437 
-1.07634 0.0679584 0.250114 -0.652324 -0.890136 -0.952449 0.192572 -0.568712 -0.50628 -0.146432 -0.153934 0.000670585 0.144942 0.61683 -0.234009 -0.468651 0.033633 0.0413981 0.0436011 0.762788 0.330805 0.875189 0.853312 0.62839 0.133458 0.408091 0.601125 -0.786949 0.348174 0.339489 
-1.06345 0.0843024 0.28334 -0.688652 -0.933973 -0.913896 0.247332 -0.548091 -0.583843 -0.193194 -0.0921952 0.0213099 0.107172 0.666376 -0.185218 -0.544778 0.00518559 0.0933518 0.058126 0.738868 0.280645 0.828572 0.913218 0.663087 0.124798 0.443305 0.561832 -0.813736 0.345202 0.329417 
-1.06388 0.0631368 0.243524 -0.691935 -0.923097 -0.909485 0.230277 -0.570569 -0.512063 -0.163294 -0.134487 0.00397619 0.120013 0.666584 -0.161413 -0.458022 0.0507993 0.0698652 0.0550398 0.705138 0.355872 0.909526 0.910821 0.714707 0.174165 0.434568 0.56705 -0.799544 0.431769 0.284612 
-1.06826 0.0939081 0.27246 -0.677405 -0.939347 -0.897607 0.256153 -0.55514 -0.511925 -0.210884 -0.102378 0.0565028 0.169171 0.696802 -0.215236 -0.476366 0.0461229 0.056379 0.121198 0.685436 0.300806 0.858763 0.937506 0.652123 0.178614 0.461403 0.579618 -0.764459 0.368527 0.382839 
-1.0799 0.0673847 0.265233 -0.677842 -0.929599 -0.879172 0.167015 -0.523447 -0.519202 -0.195834 -0.140327 -0.0259564 0.131037 0.588111 -0.216159 -0.416459 0.0515277 0.0713233 0.0999446 0.73699 0.303844 0.896884 0.945539 0.709002 0.164371 0.536233 0.580618 -0.771063 0.447149 0.403853 
-1.06063 0.0867202 0.227034 -0.717269 -0.962752 -0.9412 0.229785 -0.568108 -0.496156 -0.215076 -0.126159 -0.0738409 0.124311 0.656655 -0.169957 -0.464392 -0.0223076 0.0636588 0.0328229 0.665433 0.32938 0.908479 0.951677 0.677484 0.109371 0.454001 0.50315 -0.834524 0.450174 0.268038 
-1.05896 0.0559597 0.250614 -0.706124 -0.91846 -0.939748 0.24386 -0.524569 -0.494492 -0.207741 -0.11469 0.0596505 0.169311 0.703604 -0.201071 -0.529414 0.0611516 0.0267016 0.137896 0.68138 0.349116 0.852632 0.930398 0.636867 0.205696 0.422475 0.518897 -0.719808 0.487181 0.354276 
-1.07137 0.0579856 0.246436 -0.651071 -0.94678 -0.960264 0.255141 -0.557516 -0.536982 -0.215486 -0.134648 0.0136103 0.14384 0.683562 -0.13485 -0.451905 -0.0155257 0.0276456 0.0276233 0.660942 0.347349 0.928724 0.911033 0.607742 0.140299 0.395082 0.584996 -0.7813 0.40096 0.319477 
-1.0896 0.084601 0.249429 -0.644912 -0.895824 -0.877658 0.273273 -0.497125 -0.530335 -0.174709 -0.0801943 0.0163346 0.149071 0.681603 -0.21304 -0.479763 0.0242809 0.0264033 0.0303235 0.668856 0.287367 0.879726 0.92137 0.687565 0.152726 0.416093 0.587933 -0.770386 0.380074 0.374801 
-1.06694 0.117296 0.213522 -0.678457 -0.957581 -0.918278 0.273402 -0.561618 -0.56273 -0.184723 -0.172823 0.0979151 0.147851 0.661247 -0.191737 -0.504249 0.0194653 0.00394903 0.0456127 0.716153 0.309301 0.867416 0.843928 0.66271 0.174942 0.433731 0.546796 -0.798114 0.405167 0.327184 
-1.08349 0.0817627 0.300312 -0.656443 -0.886017 -0.908307 0.200226 -0.563558 -0.555867 -0.235452 -0.114327 0.000807504 0.152375 0.676553 -0.144392 -0.456778 -0.029689 0.0656114 0.0860705 0.675795 0.325204 0.928371 0.841533 0.638888 0.179527 0.463871 0.554139 -0.766295 0.390468 0.354217 
-1.06107 0.066915 0.252513 -0.658472 -0.942991 -0.930769 0.153438 -0.525462 -0.540875 -0.168576 -0.132338 -0.0267334 0.104625 0.680344 -0.14579 -0.486192 0.00282127 -0.0358139 0.0876647 0.649574 0.315302 0.891356 0.938531 0.686408 0.115772 0.431466 0.575893 -0.769348 0.372146 0.317378 
-1.03129 0.0953178 0.254885 -0.693926 -0.85053 -0.91514 0.195795 -0.488826 -0.466828 -0.159935 -0.133156 -0.0623912 0.14087 0.648034 -0.21688 -0.51356 0.0558727 0.0415946 -0.00762828 0.715636 0.303214 0.897313 0.901637 0.739296 0.155974 0.515057 0.571314 -0.757809 0.357078 0.342045 
-1.11674 0.062344 0.222813 -0.590712 -0.949503 -0.975968 0.325656 -0.569212 -0.505014 -0.154942 -0.137164 0.0390017 0.209291 0.629242 -0.192618 -0.448178 0.0419087 0.0760446 0.050748 0.726271 0.273772 0.823381 0.902122 0.693095 0.153395 0.448545 0.563668 -0.764913 0.305577 0.367307 
-1.08337 0.0728139 0.24251 -0.639942 -0.926659 -0.900633 0.2791 -0.553842 -0.515522 -0.232872 -0.163389 0.0367178 0.114579 0.669131 -0.187983 -0.489972 0.0854628 -0.00808728 0.0807131 0.679033 0.304551 0.852923 0.889205 0.705049 0.142457 0.414739 0.564267 -0.744035 0.404827 0.368105 
-1.08319 0.0801505 0.255318 -0.660734 -0.894222 -0.958052 0.278928 -0.510806 -0.444064 -0.160942 -0.127861 -0.00161276 0.112334 0.669285 -0.143334 -0.478816 0.0413554 0.0163966 0.0616477 0.655162 0.345078 0.902762 0.904159 0.694427 0.164252 0.436144 0.588923 -0.75809 0.437028 0.415265 
-1.09319 0.113826 0.255599 -0.661708 -0.888459 -0.895889 0.234325 -0.562635 -0.574886 -0.140441 -0.124362 -0.0601262 0.116672 0.697989 -0.124335 -0.510424 0.0600432 -0.00218038 0.112811 0.656339 0.304035 0.826266 0.956421 0.689074 0.164515 0.486384 0.634701 -0.767015 0.448241 0.254274 
-1.07349 0.0873188 0.263282 -0.661157 -0.928962 -0.866523 0.192719 -0.471944 -0.572667 -0.239848 -0.127884 0.106371 0.122611 0.658718 -0.110959 -0.470393 0.0665499 0.0921028 0.056865 0.665124 0.328594 0.91264 0.903515 0.756912 0.13153 0.413452 0.603444 -0.742649 0.427047 0.34915 
-1.04192 0.0909928 0.26713 -0.61109 -0.939904 -0.928634 0.273055 -0.537263 -0.518672 -0.188835 -0.129951 0.0237994 0.142641 0.626163 -0.193907 -0.444774 0.0170082 0.0581877 0.0475651 0.645924 0.336562 0.882881 0.901884 0.746393 0.190469 0.463342 0.550231 -0.788748 0.420851 0.359834 
-1.04467 0.130833 0.245358 -0.699762 -0.899181 -0.876931 0.254701 -0.525469 -0.541447 -0.23218 -0.0940401 0.0494712 0.150984 0.631058 -0.152192 -0.428543 0.0238649 0.0192186 0.0522753 0.606256 0.269027 0.88275 0.896393 0.721136 0.113176 0.408848 0.608358 -0.761423 0.458359 0.343091 
-1.05627 0.0515972 0.188701 -0.706058 -0.930497 -0.875522 0.305661 -0.535022 -0.588501 -0.22664 -0.126208 -0.0224673 0.114053 0.680277 -0.209577 -0.483198 0.0067333 0.0635532 0.0670555 0.689049 0.300054 0.818802 0.84634 0.63531 0.13523 0.462916 0.544136 -0.807295 0.46325 0.337617 
-1.04037 0.104381 0.244805 -0.633928 -0.920442 -0.904593 0.229422 -0.615874 -0.529461 -0.196918 -0.116387 0.0258048 0.185485 0.665655 -0.196306 -0.453663 0.0497801 0.0429836 0.0432663 0.721506 0.325008 0.885868 0.958115 0.69183 0.159432 0.469925 0.578621 -0.769218 0.349962 0.360126 
-1.07887 0.117686 0.224939 -0.662512 -0.930853 -0.897731 0.264884 -0.501917 -0.519864 -0.185314 -0.130034 0.0699406 0.15325 0.624942 -0.186972 -0.443857 -0.0325469 0.0313492 0.0371912 0.616827 0.299239 0.933053 0.949941 0.7344 0.124627 0.429676 0.571376 -0.778075 0.426765 0.367832 
-1.10205 0.126433 0.264987 -0.622356 -0.941675 -0.876111 0.165647 -0.494349 -0.568336 -0.235378 -0.128696 -0.0712314 0.146602 0.642504 -0.137019 -0.452193 0.09295 0.0741616 0.0555976 0.661472 0.327271 0.869866 0.947741 0.657242 0.118988 0.502799 0.561764 -0.855435 0.427107 0.324048 
-1.05625 0.0571436 0.218725 -0.678268 -0.933678 -0.934195 0.228209 -0.537133 -0.561801 -0.206798 -0.141318 0.00051651 0.109046 0.684267 -0.154487 -0.432572 -0.00826609 0.0456888 0.083849 0.655422 0.276176 0.881797 0.898528 0.709559 0.0811452 0.484688 0.563304 -0.844907 0.423389 0.293299 
-1.05108 0.125194 0.210418 -0.712002 -0.877798 -0.869029 0.212283 -0.483628 -0.541443 -0.241816 -0.124488 0.0709868 0.132937 0.639763 -0.144969 -0.473504 -0.0217677 -0.00472 0.0501039 0.662326 0.318619 0.922837 0.917439 0.705863 0.103417 0.397708 0.539163 -0.771736 0.459242 0.402778 
-1.04701 0.0840075 0.283228 -0.707111 -0.938985 -0.934134 0.218675 -0.498212 -0.567059 -0.14534 -0.0865698 0.0803391 0.160632 0.67693 -0.159318 -0.475076 -0.0455155 0.00433337 0.0452716 0.735983 0.2636 0.890657 0.949283 0.660177 0.105667 0.422014 0.577808 -0.743855 0.429972 0.353356 
-1.05852 0.0992863 0.278924 -0.682968 -0.946424 -0.920031 0.216419 -0.526276 -0.542982 -0.157298 -0.15341 0.0625179 0.179937 0.688426 -0.168281 -0.480798 0.0301261 0.055592 0.0490227 0.660907 0.315878 0.857528 0.953118 0.705789 0.141859 0.403176 0.560251 -0.775588 0.375818 0.36786 
-1.04446 0.110137 0.222945 -0.689681 -0.954273 -0.897787 0.228052 -0.487559 -0.590839 -0.204002 -0.122353 0.024559 0.141259 0.655891 -0.153631 -0.485341 -0.0369734 0.0194568 0.0473651 0.637079 0.321254 0.912432 0.917654 0.680915 0.0849731 0.43914 0.516984 -0.776048 0.459998 0.370105 
-1.08976 0.101374 0.268069 -0.673074 -0.920281 -0.929037 0.225832 -0.560557 -0.504702 -0.184959 -0.134357 0.0382784 0.153151 0.645665 -0.206105 -0.498128 0.0058745 0.0128797 0.091296 0.619014 0.278404 0.855815 0.913642 0.692316 0.123267 0.416452 0.570723 -0.823254 0.414313 0.313184 
-1.04252 0.0869867 0.254101 -0.679803 -0.962377 -0.935397 0.199828 -0.558292 -0.547652 -0.172789 -0.110889 -4.8976e-05 0.122605 0.672993 -0.150423 -0.495195 0.00880657 0.0157973 0.041749 0.651975 0.297107 0.908995 0.923699 0.684432 0.100412 0.423033 0.56193 -0.829958 0.420596 0.345797 
-1.10419 0.100834 0.246286 -0.638212 -0.904941 -0.902599 0.28633 -0.584349 -0.485144 -0.223143 -0.115077 0.0447756 0.13867 0.662871 -0.195626 -0.488715 0.0528192 0.00768867 0.0584741 0.652188 0.314466 0.893579 0.904252 0.677346 0.1468 0.430401 0.562446 -0.797888 0.441072 0.350178 
-1.09731 0.0975914 0.254091 -0.616743 -0.93124 -0.867705 0.287411 -0.521501 -0.523797 -0.192355 -0.0810157 0.0159734 0.168685 0.668184 -0.215999 -0.462028 0.0168827 0.0584579 0.0526393 0.675354 0.29327 0.832538 0.956364 0.726939 0.156641 0.391209 0.605849 -0.786167 0.35475 0.340838 
-1.07621 0.121946 0.25046 -0.678094 -0.937998 -0.965393 0.203202 -0.519468 -0.508067 -0.20203 -0.14127 0.0459659 0.115907 0.676452 -0.202058 -0.541799 -0.0481974 0.0462058 0.0610994 0.743197 0.302211 0.855365 0.86822 0.65074 0.122911 0.414697 0.571127 -0.731066 0.447864 0.343689 
-1.0584 0.0743793 0.252578 -0.649721 -0.922498 -0.934288 0.266112 -0.547405 -0.559482 -0.151026 -0.0949124 0.0411499 0.113076 0.669913 -0.164324 -0.506415 -0.00963504 0.0276896 0.0390855 0.66772 0.293783 0.888215 0.91241 0.704998 0.139085 0.478958 0.592643 -0.777892 0.381623 0.311456 
-1.06417 0.0920549 0.23447 -0.671111 -0.92955 -0.95583 0.237081 -0.51626 -0.524928 -0.201363 -0.0878339 0.0411283 0.133785 0.68554 -0.219299 -0.467988 0.0398296 0.0591973 0.0507651 0.733799 0.316307 0.870732 0.920346 0.688805 0.162702 0.445053 0.600163 -0.827151 0.391298 0.353509 
-1.02349 0.10804 0.235276 -0.6718 -0.934408 -0.863446 0.20032 -0.487352 -0.557552 -0.234805 -0.0992791 0.0797818 0.136248 0.661455 -0.117745 -0.467608 0.0311282 0.090412 0.0656147 0.659167 0.304174 0.923673 0.910687 0.699313 0.138863 0.406943 0.570479 -0.718835 0.418166 0.305153 
-1.06954 0.0697439 0.250927 -0.663229 -0.909531 -0.885639 0.23197 -0.531336 -0.54583 -0.202049 -0.105411 0.102045 0.125597 0.641674 -0.185765 -0.488699 0.0431969 0.0445961 0.0685958 0.642275 0.324306 0.941599 0.917659 0.683882 0.121987 0.426162 0.581389 -0.786176 0.406621 0.340241 
-1.05595 0.0880741 0.20549 -0.732316 -0.905756 -0.87248 0.19037 -0.496641 -0.590928 -0.252648 -0.0807875 0.118352 0.107495 0.687017 -0.179208 -0.497973 -0.0365314 -0.00990177 0.0624537 0.636096 0.345987 0.884382 0.930853 0.737586 0.105535 0.439905 0.550136 -0.757932 0.446196 0.399852 
-1.05672 0.10918 0.258518 -0.716008 -0.890959 -0.86216 0.242882 -0.472454 -0.571584 -0.220456 -0.107622 0.0853389 0.12494 0.657432 -0.157288 -0.496182 -0.00220215 0.0451871 0.0980515 0.680246 0.311558 0.907267 0.936482 0.724886 0.133489 0.448541 0.583486 -0.751129 0.426737 0.383719 
-1.04097 0.144594 0.217709 -0.68256 -0.882012 -0.857365 0.235903 -0.502488 -0.536121 -0.178019 -0.0803202 0.0338967 0.117121 0.664121 -0.172619 -0.468317 -0.0480296 -0.0113734 0.0504625 0.604992 0.312156 0.940881 0.960083 0.710593 0.0963317 0.441832 0.588411 -0.755221 0.397094 0.408256 
-1.03191 0.0841828 0.226216 -0.646122 -0.939947 -0.835485 0.187722 -0.486866 -0.523092 -0.249144 -0.107772 0.0697672 0.146953 0.705351 -0.127914 -0.477298 0.0075461 0.0380689 0.042196 0.632398 0.304737 0.933581 0.926231 0.724303 0.154997 0.412922 0.543914 -0.704989 0.397148 0.338558 
-1.05377 0.0659868 0.241083 -0.727043 -0.868 -0.851407 0.203654 -0.483895 -0.558001 -0.217109 -0.120532 0.133229 0.0720277 0.67942 -0.128104 -0.502152 -0.0446288 0.00109311 0.0286321 0.56963 0.33711 0.877292 0.896754 0.692727 0.135273 0.413874 0.496458 -0.783501 0.49978 0.380141 
-1.0934 0.0480301 0.265759 -0.706126 -0.967022 -0.842984 0.228076 -0.554636 -0.553471 -0.197479 -0.124596 0.068637 0.143137 0.644137 -0.186333 -0.502491 0.0284367 0.00318451 0.0719866 0.678467 0.357557 0.907555 0.981138 0.68971 0.153247 0.433296 0.570987 -0.762783 0.452526 0.32171 
-1.04842 0.0784899 0.263035 -0.677592 -0.908006 -0.84318 0.253645 -0.499664 -0.523845 -0.244248 -0.136517 0.0449042 0.159184 0.651826 -0.168108 -0.499712 0.00532064 -0.00251067 0.0421662 0.639768 0.349394 0.924671 0.937637 0.686697 0.119499 0.446807 0.538596 -0.756742 0.428483 0.365833 
-1.05954 0.0498953 0.256146 -0.693998 -0.946075 -0.872609 0.262975 -0.516058 -0.546285 -0.203061 -0.110434 0.0435125 0.167589 0.692006 -0.181092 -0.502607 0.0423094 0.0417459 0.0938404 0.63935 0.331542 0.843594 0.949775 0.672612 0.200747 0.420087 0.602012 -0.749009 0.425293 0.365409 
-1.08024 0.0363938 0.273142 -0.714641 -0.968992 -0.88092 0.251687 -0.532979 -0.533154 -0.197135 -0.10806 0.0216691 0.193026 0.682335 -0.203291 -0.495711 0.0165559 0.0604301 0.094353 0.619089 0.332907 0.822417 0.923923 0.683145 0.174235 0.412271 0.604802 -0.747185 0.435767 0.346655 
-1.05139 0.0569178 0.248801 -0.717358 -0.92426 -0.871219 0.288405 -0.512119 -0.520758 -0.205541 -0.117645 0.0698427 0.144052 0.710602 -0.191034 -0.495762 0.050338 0.0538222 0.0716698 0.618765 0.304131 0.869023 0.950823 0.647686 0.20133 0.410209 0.605299 -0.726981 0.449679 0.380714 
-1.05741 0.120359 0.272911 -0.662853 -0.901692 -0.896232 0.245466 -0.547497 -0.486379 -0.226901 -0.125748 0.0551345 0.14608 0.687289 -0.197689 -0.438071 -0.0359042 -0.00288368 0.10133 0.716883 0.305891 0.843043 0.917575 0.65838 0.123011 0.427664 0.560909 -0.796488 0.411348 0.34734 
-1.05628 0.103633 0.281847 -0.656108 -0.922283 -0.910766 0.237657 -0.573444 -0.480839 -0.228366 -0.139472 0.0514922 0.145075 0.70632 -0.18847 -0.445191 -0.0475569 0.0151039 0.0836727 0.711784 0.299455 0.832694 0.901859 0.674299 0.13599 0.415109 0.576819 -0.769594 0.422732 0.334819 
-1.0463 0.114837 0.289063 -0.686533 -0.899973 -0.871426 0.237968 -0.537711 -0.495905 -0.250193 -0.0997767 0.0525632 0.171884 0.673406 -0.216615 -0.413827 -0.0539376 0.0195579 0.0807744 0.708146 0.283304 0.858423 0.924973 0.685392 0.149845 0.437257 0.545755 -0.793458 0.430391 0.354761 
-1.07242 0.0623637 0.260974 -0.692778 -0.930913 -0.887068 0.227568 -0.527046 -0.524737 -0.228478 -0.0830702 0.060582 0.149354 0.676379 -0.170096 -0.488577 0.0431871 0.00997126 0.104716 0.661225 0.331475 0.887995 0.960054 0.67767 0.174589 0.442325 0.564524 -0.742081 0.460445 0.363532 
-1.09006 0.059807 0.272286 -0.684556 -0.912383 -0.903969 0.240406 -0.537514 -0.524275 -0.233694 -0.0656285 0.0407889 0.153079 0.684196 -0.160996 -0.467016 0.0381873 0.0294346 0.0914425 0.647627 0.319574 0.91504 0.954339 0.66868 0.15217 0.442364 0.544652 -0.733 0.447189 0.370974 
-1.07621 0.0896961 0.272112 -0.671514 -0.921233 -0.914755 0.200769 -0.551291 -0.526071 -0.214575 -0.105937 0.0440735 0.12891 0.686919 -0.146157 -0.473866 0.0169492 0.0105328 0.126632 0.676027 0.321402 0.879422 0.9443 0.692054 0.183094 0.451101 0.537302 -0.736853 0.482508 0.371671 
-1.07401 0.0856424 0.244822 -0.66696 -0.926351 -0.882051 0.270067 -0.465139 -0.571782 -0.195634 -0.0941816 0.0521625 0.148791 0.662702 -0.181164 -0.49741 0.0134952 0.0311036 0.0451189 0.645616 0.322891 0.917774 0.914255 0.722108 0.11566 0.415027 0.559109 -0.772505 0.415504 0.370729 
-1.08053 0.100147 0.229315 -0.654597 -0.92435 -0.898127 0.243207 -0.448641 -0.57208 -0.203485 -0.121061 0.0783822 0.168305 0.640094 -0.205876 -0.484966 0.0273236 0.0538422 0.0693415 0.62144 0.311328 0.907206 0.935508 0.70761 0.140198 0.425413 0.548831 -0.792755 0.415243 0.358894 
-1.06567 0.0793135 0.24241 -0.642702 -0.901497 -0.896869 0.264392 -0.444678 -0.562749 -0.183465 -0.0706941 0.0750421 0.173329 0.676798 -0.183941 -0.480624 0.00996886 0.0114201 0.0234983 0.651159 0.317469 0.940993 0.903265 0.74957 0.0889011 0.415253 0.570282 -0.762274 0.409836 0.386367 
-1.094 0.097963 0.285589 -0.617874 -0.89743 -0.885001 0.239108 -0.556841 -0.505245 -0.186871 -0.150069 0.0514115 0.184163 0.696869 -0.185158 -0.479119 0.0598023 0.0562978 0.087528 0.638298 0.331445 0.854832 0.914524 0.701396 0.162073 0.415186 0.604788 -0.807866 0.394719 0.372038 
-1.08995 0.100928 0.285079 -0.590722 -0.909892 -0.9046 0.257179 -0.547297 -0.503165 -0.195056 -0.155882 0.0551483 0.175423 0.704156 -0.174295 -0.455761 0.0850635 0.0783127 0.107171 0.626993 0.308482 0.877173 0.899402 0.723994 0.146155 0.405888 0.589407 -0.823814 0.409183 0.370598 
-1.10698 0.117656 0.26226 -0.606555 -0.893736 -0.911596 0.23416 -0.569926 -0.501906 -0.210457 -0.165806 0.0524713 0.200961 0.718863 -0.202381 -0.500888 0.0671386 0.0394215 0.110523 0.649448 0.355128 0.854034 0.918454 0.71279 0.148854 0.419239 0.631874 -0.799086 0.390865 0.381702 
-1.06217 0.102257 0.233428 -0.693146 -0.903508 -0.872234 0.242693 -0.519923 -0.535666 -0.228534 -0.101108 0.0634165 0.137047 0.667683 -0.169056 -0.475017 0.0416356 0.0099424 0.0782244 0.655572 0.332136 0.896331 0.953192 0.69085 0.134267 0.432614 0.557037 -0.749442 0.457121 0.374415 
-1.08476 0.113037 0.212458 -0.715366 -0.885929 -0.87369 0.229025 -0.543113 -0.523669 -0.223035 -0.1046 0.0908044 0.150845 0.642302 -0.194548 -0.496333 0.053592 0.0102891 0.0873925 0.656231 0.333234 0.888175 0.94887 0.704408 0.159258 0.445739 0.561764 -0.74085 0.483105 0.375037 
-1.03638 0.0755531 0.214433 -0.720698 -0.91767 -0.849152 0.220446 -0.526351 -0.533255 -0.250849 -0.0872988 0.0535208 0.158365 0.662564 -0.177231 -0.457457 0.0386241 -0.0173487 0.0741174 0.62896 0.322805 0.898119 0.943799 0.670881 0.138736 0.444037 0.530717 -0.728376 0.472508 0.362446 
-1.05444 0.105146 0.234294 -0.668617 -0.899531 -0.872496 0.243023 -0.476 -0.55004 -0.224563 -0.119245 0.0674311 0.134169 0.652781 -0.139081 -0.484838 0.0234787 0.0190728 0.0729221 0.659293 0.29664 0.914655 0.903151 0.721582 0.146702 0.430133 0.565161 -0.73638 0.445074 0.393796 
-1.03029 0.0904865 0.218267 -0.69262 -0.917798 -0.886836 0.255954 -0.489277 -0.558146 -0.223396 -0.104226 0.0914856 0.131553 0.653911 -0.161411 -0.482458 0.0065485 0.0301173 0.0548668 0.650345 0.270754 0.890408 0.914719 0.707746 0.1193 0.432866 0.559296 -0.734323 0.420182 0.392619 
-1.04352 0.128024 0.222805 -0.657196 -0.906537 -0.854591 0.251044 -0.49157 -0.572981 -0.216824 -0.129593 0.0826252 0.140715 0.673709 -0.125739 -0.509739 0.0441781 -0.00737773 0.0832236 0.681453 0.269947 0.892112 0.896951 0.708473 0.159832 0.441689 0.565834 -0.757508 0.423682 0.406976 
-1.07769 0.0994043 0.264094 -0.666438 -0.916625 -0.887855 0.230065 -0.526465 -0.524385 -0.200248 -0.102181 0.0339723 0.152943 0.674441 -0.207163 -0.474092 0.037234 0.0211304 0.0811188 0.664387 0.318243 0.887797 0.953786 0.677664 0.173701 0.438778 0.584205 -0.750139 0.39647 0.35738 
-1.08366 0.108585 0.265593 -0.685425 -0.901762 -0.899934 0.223346 -0.520433 -0.540221 -0.18195 -0.101685 0.0148342 0.135471 0.658256 -0.227194 -0.473295 0.043038 0.0222865 0.0632589 0.643758 0.344518 0.904677 0.947994 0.691007 0.173532 0.450833 0.558365 -0.732325 0.406892 0.360275 
-1.08642 0.0782472 0.259186 -0.687124 -0.908195 -0.866276 0.247031 -0.527268 -0.52239 -0.213623 -0.106246 0.0415137 0.153633 0.685396 -0.201641 -0.472307 0.0173648 0.0413232 0.0670333 0.640429 0.325734 0.878214 0.967057 0.698433 0.190606 0.415829 0.58302 -0.735598 0.375425 0.334656 
-1.05038 0.0904362 0.223156 -0.706608 -0.875579 -0.86867 0.221784 -0.477406 -0.561508 -0.232957 -0.0939813 0.092682 0.136251 0.663429 -0.155472 -0.47071 -0.0213427 0.0113792 0.0658606 0.639075 0.347156 0.913768 0.925697 0.72203 0.117792 0.42222 0.552349 -0.757371 0.463725 0.392629 
-1.03496 0.0723108 0.247039 -0.727763 -0.887756 -0.861947 0.204601 -0.493674 -0.560819 -0.222751 -0.0763803 0.11727 0.11364 0.661392 -0.182173 -0.484336 -4.12107e-05 0.0201594 0.0522862 0.626154 0.365883 0.926246 0.92441 0.747853 0.123069 0.398792 0.557919 -0.733679 0.486012 0.408967 
-1.07034 0.0773736 0.207775 -0.698225 -0.860051 -0.878839 0.204923 -0.458182 -0.535146 -0.213764 -0.0751018 0.110573 0.115017 0.666293 -0.145851 -0.444446 -0.0379378 0.00372996 0.093483 0.658921 0.366773 0.93127 0.918921 0.71344 0.138203 0.408013 0.548679 -0.74517 0.484148 0.377808 
-1.04112 0.12171 0.206553 -0.665908 -0.851411 -0.852065 0.24446 -0.486043 -0.583531 -0.228247 -0.0847632 0.0911049 0.135969 0.659527 -0.149961 -0.443261 -0.0126414 0.00486957 0.0399554 0.661426 0.359732 0.899949 0.917763 0.700054 0.131248 0.419346 0.542923 -0.765022 0.44972 0.409524 
-1.051 0.1414 0.230339 -0.662873 -0.854824 -0.861715 0.225236 -0.511046 -0.564571 -0.243909 -0.0777715 0.0895601 0.109658 0.63283 -0.1375 -0.44147 -0.0138199 0.0113828 0.039118 0.658321 0.349677 0.881958 0.894964 0.6824 0.113258 0.393543 0.557562 -0.782099 0.473825 0.420527 
-1.06813 0.0978155 0.194298 -0.665442 -0.849969 -0.829252 0.225341 -0.489585 -0.584965 -0.239209 -0.0810117 0.0971316 0.152251 0.676479 -0.162238 -0.46389 0.00446103 0.0224868 0.0176614 0.678849 0.36946 0.916839 0.906711 0.717047 0.142561 0.445078 0.528031 -0.741971 0.446542 0.404423 
-1.05799 0.0690155 0.262377 -0.67936 -0.917331 -0.877164 0.260472 -0.538927 -0.509106 -0.221796 -0.120112 0.0493472 0.154975 0.690269 -0.194653 -0.496216 -0.00392352 0.00825364 0.0951263 0.699495 0.319997 0.84308 0.944102 0.667694 0.195022 0.423072 0.586932 -0.77702 0.419738 0.36384 
-1.07903 0.0709538 0.272616 -0.62973 -0.918075 -0.880386 0.253502 -0.536816 -0.545734 -0.190832 -0.117153 0.0440098 0.182356 0.695276 -0.18497 -0.497206 0.0486046 0.0471831 0.0878665 0.638814 0.33147 0.845979 0.92806 0.685872 0.166107 0.418289 0.603978 -0.764475 0.399456 0.369763 
-1.07697 0.0808638 0.263963 -0.67566 -0.916786 -0.887479 0.229629 -0.526536 -0.524532 -0.223528 -0.0861554 0.0429699 0.151309 0.675198 -0.181979 -0.486523 0.0428094 0.0178672 0.0979663 0.661251 0.320548 0.887914 0.959223 0.677668 0.174096 0.441305 0.572692 -0.75005 0.440128 0.360529 
-1.05607 0.117677 0.251232 -0.667605 -0.900229 -0.875066 0.24366 -0.508809 -0.501352 -0.226391 -0.120261 0.0578544 0.137894 0.675831 -0.174652 -0.441069 0.0182798 0.0133895 0.0855053 0.678784 0.299467 0.883235 0.91249 0.686334 0.141913 0.430116 0.564125 -0.752213 0.436875 0.357808 
-1.06061 0.0613066 0.247514 -0.693179 -0.945437 -0.872404 0.259512 -0.516616 -0.542918 -0.207272 -0.110426 0.048785 0.146031 0.67182 -0.180367 -0.477404 0.0421636 0.0215249 0.0810586 0.641552 0.331614 0.855294 0.952156 0.683764 0.166969 0.421059 0.578939 -0.74941 0.437706 0.372307 
-1.05832 0.051063 0.260579 -0.682906 -0.90431 -0.889371 0.258399 -0.526746 -0.514393 -0.213635 -0.114993 0.0541253 0.16338 0.690187 -0.191098 -0.461499 0.0293498 0.0347619 0.0963132 0.651738 0.311939 0.843419 0.933562 0.668914 0.136353 0.423415 0.564129 -0.780014 0.416638 0.361466 
-1.05203 0.10123 0.230934 -0.704334 -0.89405 -0.890385 0.234502 -0.533387 -0.543314 -0.227061 -0.0961567 0.0572483 0.14135 0.672957 -0.164061 -0.467775 -0.0331372 0.00552194 0.100201 0.655513 0.334706 0.86859 0.923362 0.665965 0.120086 0.425475 0.558677 -0.791348 0.462165 0.354696 
-1.04918 0.0934966 0.225667 -0.677647 -0.91811 -0.862462 0.232854 -0.517047 -0.556432 -0.228248 -0.0833787 0.0747152 0.138069 0.669452 -0.16161 -0.448967 0.000593156 0.00673017 0.0753479 0.661288 0.356371 0.889547 0.951667 0.68663 0.146832 0.432932 0.564042 -0.760639 0.454405 0.409301 
-1.0654 0.113154 0.240934 -0.666334 -0.905675 -0.871504 0.255162 -0.468642 -0.579171 -0.209736 -0.0885791 0.0788162 0.138631 0.661287 -0.176354 -0.447319 0.00554255 0.0246614 0.0406994 0.647626 0.338609 0.902932 0.9162 0.722106 0.122958 0.41652 0.552852 -0.768364 0.42733 0.402183 
-1.08482 0.109856 0.276434 -0.621616 -0.897551 -0.885596 0.244759 -0.550291 -0.492241 -0.204794 -0.125889 0.0541827 0.161922 0.69399 -0.190115 -0.461955 0.0111419 0.0469441 0.0903371 0.66318 0.308788 0.85411 0.915991 0.677853 0.128349 0.420129 0.578602 -0.80675 0.400661 0.358556 
-1.05954 0.0834506 0.244588 -0.686386 -0.905166 -0.872517 0.244974 -0.478623 -0.549066 -0.206847 -0.114284 0.0533603 0.135885 0.67474 -0.160306 -0.487293 0.0305847 0.0197564 0.0879991 0.64266 0.306843 0.873272 0.937173 0.718657 0.186097 0.425698 0.572906 -0.745482 0.427196 0.377856 
-1.05698 0.102995 0.260046 -0.667103 -0.902063 -0.876077 0.23288 -0.507729 -0.531558 -0.215376 -0.103454 0.0537113 0.142878 0.65366 -0.144556 -0.477145 0.0323145 0.0203898 0.0804694 0.662406 0.301024 0.902977 0.917319 0.707154 0.17309 0.434669 0.567427 -0.73927 0.433529 0.36506 
-1.06568 0.0963446 0.264822 -0.65003 -0.885724 -0.884105 0.232927 -0.512045 -0.553147 -0.209285 -0.140761 0.0690569 0.163943 0.688334 -0.161231 -0.471849 -0.0192416 0.0543542 0.0728947 0.638838 0.337903 0.872718 0.917995 0.721023 0.142626 0.420746 0.579947 -0.786266 0.449766 0.390336 
-1.05461 0.0924618 0.229445 -0.697199 -0.883754 -0.887057 0.221975 -0.482369 -0.556274 -0.207229 -0.100789 0.0412913 0.139784 0.664181 -0.196181 -0.471834 0.0207001 0.0186934 0.0771345 0.644157 0.327864 0.905438 0.951872 0.681009 0.147216 0.423964 0.565688 -0.754139 0.425318 0.391339 
-1.07097 0.100814 0.269014 -0.664534 -0.903227 -0.893769 0.233752 -0.545105 -0.494596 -0.206145 -0.111776 0.0485387 0.147394 0.684944 -0.204768 -0.469326 0.0139248 0.00215926 0.0851299 0.681667 0.312853 0.849951 0.91775 0.67357 0.15596 0.436285 0.58151 -0.7821 0.40349 0.354922 
-1.05111 0.0939024 0.230119 -0.687827 -0.883494 -0.870554 0.228825 -0.476046 -0.559378 -0.224923 -0.104793 0.0847548 0.134772 0.658741 -0.140417 -0.471493 0.000600349 0.0129816 0.0668235 0.654299 0.297533 0.914104 0.912135 0.721863 0.130858 0.427621 0.560345 -0.739012 0.458834 0.392699 
-1.07441 0.103687 0.251472 -0.66749 -0.899906 -0.877217 0.23746 -0.51448 -0.526188 -0.202187 -0.117602 0.0665978 0.14564 0.659435 -0.185059 -0.479001 0.0338455 0.0191935 0.0768675 0.66317 0.313376 0.901181 0.930633 0.719847 0.170583 0.437213 0.566834 -0.740989 0.406411 0.368786 
-1.07171 0.115613 0.282012 -0.653812 -0.897599 -0.891468 0.241208 -0.552839 -0.494776 -0.190308 -0.126912 0.0523574 0.174304 0.688534 -0.188656 -0.438181 0.0546741 0.0338336 0.0985081 0.679068 0.319899 0.85232 0.914858 0.686818 0.160045 0.419076 0.584816 -0.801128 0.400713 0.356775 
-1.07689 0.0645777 0.277566 -0.663288 -0.932681 -0.87579 0.257575 -0.536592 -0.531754 -0.19946 -0.115807 0.0447124 0.170205 0.693352 -0.183313 -0.491135 0.0561295 0.0527175 0.0922529 0.638368 0.331448 0.847528 0.943176 0.686156 0.19672 0.416743 0.602136 -0.794433 0.415008 0.369489 
-1.0508 0.0931431 0.231868 -0.676555 -0.899107 -0.868811 0.225265 -0.476748 -0.554321 -0.227128 -0.110675 0.0879298 0.13578 0.657933 -0.142812 -0.479139 0.0138143 0.0180834 0.068158 0.658129 0.318053 0.914109 0.921493 0.721959 0.145934 0.422466 0.563865 -0.752792 0.451701 0.393408 
