-1.07064 0.134862 0.284007 -0.731448 -0.912673 -0.883553 0.254545 -0.496391 -0.575445 -0.215294 -0.100256 0.0973196 0.12626 0.662887 -0.150548 -0.488455 -0.0302157 0.0715257 0.110356 0.655366 0.301735 0.890565 0.938188 0.724438 0.106342 0.424145 0.56021 -0.726582 0.426118 0.355769 
-1.0351 0.100585 0.281033 -0.611213 -0.925241 -0.900338 0.261721 -0.534428 -0.493995 -0.19346 -0.103908 0.0493608 0.162684 0.622505 -0.192733 -0.463333 0.0174053 0.0378049 0.0756971 0.652928 0.362853 0.907046 0.921127 0.763179 0.207008 0.450941 0.570191 -0.80155 0.416774 0.345688 
-1.06821 0.056036 0.261132 -0.64741 -1.00373 -0.893676 0.189801 -0.540321 -0.532331 -0.219342 -0.172083 -0.0580737 0.19887 0.635572 -0.176744 -0.476004 0.0711478 -0.00151533 0.0614795 0.669998 0.302926 0.906504 0.955209 0.675279 0.160143 0.540259 0.464331 -0.834542 0.418066 0.343087 
-1.02144 0.0976023 0.266575 -0.695887 -0.883567 -0.876112 0.220883 -0.53822 -0.489554 -0.226769 -0.123554 0.0778274 0.16637 0.691319 -0.213128 -0.389484 -0.0278722 0.0219706 0.0746873 0.68462 0.262959 0.859922 0.918064 0.663019 0.125233 0.442863 0.53099 -0.795678 0.422602 0.360842 
-1.05997 0.0575403 0.26377 -0.645969 -0.940718 -0.942076 0.169913 -0.53406 -0.518145 -0.195953 -0.137576 -0.0242107 0.086374 0.694606 -0.16627 -0.463663 0.0284232 -0.0218909 0.0594699 0.642523 0.321663 0.907719 0.921405 0.659985 0.0999131 0.433485 0.559394 -0.790253 0.372283 0.305481 
-1.0031 0.0886532 0.223947 -0.671755 -0.907585 -0.861561 0.172175 -0.501019 -0.575951 -0.216876 -0.0984024 0.0849512 0.144196 0.677977 -0.132675 -0.439802 0.0171362 0.0740636 0.0430701 0.681558 0.323244 0.908817 0.906023 0.681409 0.134672 0.402815 0.549829 -0.709224 0.412782 0.328827 
-1.08589 0.102923 0.271237 -0.6647 -0.921323 -0.950337 0.241638 -0.54482 -0.514391 -0.199687 -0.150054 0.0262744 0.137682 0.634325 -0.195164 -0.484712 -0.00973035 0.0303987 0.06476 0.606856 0.25935 0.857587 0.904938 0.692803 0.143128 0.422576 0.587231 -0.795383 0.404011 0.335082 
-1.05759 0.104367 0.240859 -0.65178 -0.907172 -0.873296 0.288949 -0.450657 -0.546413 -0.161238 -0.0648328 0.0532416 0.195981 0.654358 -0.161168 -0.493949 0.0209625 -0.0143598 0.0448671 0.637972 0.298638 0.923688 0.918242 0.730829 0.0804861 0.403673 0.571331 -0.785113 0.389601 0.378945 
-1.10755 0.0930852 0.319666 -0.683241 -0.909013 -0.933245 0.211472 -0.579695 -0.575045 -0.2174 -0.107371 -0.000148925 0.145365 0.665039 -0.15139 -0.435645 -0.0554454 0.0566401 0.111021 0.690743 0.305434 0.944518 0.813322 0.621405 0.174218 0.474064 0.55301 -0.757288 0.372364 0.347453 
-1.06197 0.0585335 0.227682 -0.744191 -0.891239 -0.859672 0.201641 -0.473682 -0.556114 -0.24023 -0.0779871 0.104695 0.127705 0.65424 -0.181994 -0.481416 0.00545864 0.0288728 0.0343619 0.600758 0.373567 0.914724 0.946967 0.741946 0.143932 0.409085 0.561672 -0.74582 0.490445 0.437085 
-1.09964 0.0769366 0.251622 -0.662678 -0.898117 -0.862673 0.230064 -0.552282 -0.503147 -0.187651 -0.080301 0.0618814 0.151476 0.668309 -0.215137 -0.44695 -0.00898685 0.0142801 0.0730417 0.657778 0.328302 0.859712 0.954198 0.701164 0.179224 0.431815 0.57559 -0.733689 0.361387 0.333367 
-1.05518 0.0752712 0.224294 -0.642224 -0.938977 -0.890826 0.28574 -0.525629 -0.522984 -0.208886 -0.0899185 0.0866644 0.151368 0.654654 -0.174383 -0.473679 0.0096622 0.0344259 0.0168957 0.75402 0.348352 0.947608 0.881837 0.713224 0.134619 0.50966 0.541842 -0.758624 0.385948 0.321306 
-1.05017 0.120549 0.214234 -0.688184 -0.916742 -0.874807 0.254615 -0.492915 -0.568791 -0.184971 -0.108852 0.0619541 0.159967 0.670866 -0.172297 -0.455359 0.00320405 0.035667 0.0429455 0.632181 0.366158 0.884913 0.929558 0.696002 0.105236 0.413645 0.558896 -0.747531 0.436863 0.379631 
-1.0727 0.0762671 0.188725 -0.7089 -0.910776 -0.88308 0.315939 -0.558953 -0.575701 -0.215007 -0.117805 -0.0416628 0.0868096 0.663825 -0.216192 -0.479052 -0.0073155 0.0868759 0.0413312 0.70255 0.289224 0.803279 0.819924 0.626159 0.117299 0.453524 0.563355 -0.787885 0.457595 0.335455 
-1.03257 0.126609 0.272202 -0.667203 -0.923197 -0.948023 0.214182 -0.552185 -0.520017 -0.178791 -0.155094 0.0629916 0.191337 0.693038 -0.15223 -0.500658 0.00618733 0.0734054 0.052588 0.641631 0.338613 0.867081 0.974535 0.690477 0.155446 0.410888 0.57489 -0.783151 0.38053 0.343885 
-1.06776 0.100135 0.260726 -0.647117 -0.87356 -0.863175 0.230725 -0.555866 -0.514498 -0.198462 -0.106518 0.0798496 0.13969 0.680676 -0.206206 -0.442235 -0.0146385 0.070684 0.111883 0.671714 0.32392 0.839466 0.939075 0.657892 0.149214 0.432847 0.577722 -0.778956 0.400723 0.368132 
-1.03316 0.0862021 0.205783 -0.668635 -0.934732 -0.905239 0.217094 -0.50723 -0.565209 -0.207302 -0.114005 0.00537596 0.151099 0.645496 -0.155232 -0.506722 -0.0264535 0.0278565 0.0736574 0.612293 0.339076 0.927702 0.934621 0.680788 0.0837119 0.437834 0.500078 -0.7735 0.450446 0.359803 
-1.09032 0.0651759 0.273764 -0.697603 -0.889498 -0.908941 0.230756 -0.530751 -0.50243 -0.206286 -0.0672825 0.0580466 0.125773 0.678585 -0.186916 -0.461026 0.0502118 0.0221894 0.0898699 0.634714 0.3297 0.901789 0.981549 0.650341 0.16075 0.466132 0.56182 -0.727038 0.460525 0.374786 
-1.02917 0.109908 0.261811 -0.66729 -0.875535 -0.86755 0.224788 -0.482839 -0.531407 -0.2066 -0.125914 0.0680073 0.161024 0.645198 -0.165142 -0.487494 0.0451951 0.0294697 0.0542882 0.638238 0.300181 0.875746 0.891962 0.730019 0.16956 0.436712 0.583457 -0.755721 0.457157 0.386236 
-1.12946 0.100562 0.267946 -0.597906 -0.965014 -0.895498 0.175894 -0.505823 -0.547177 -0.245146 -0.129016 -0.0520022 0.12707 0.662997 -0.12191 -0.430047 0.108372 0.0983095 0.0772444 0.667872 0.350666 0.855728 0.938777 0.631865 0.125743 0.504504 0.57906 -0.860694 0.451289 0.30729 
-1.09478 0.0318721 0.246222 -0.630905 -0.930688 -0.970037 0.23056 -0.553961 -0.541522 -0.206581 -0.152037 0.0301405 0.147939 0.681237 -0.133082 -0.459115 -0.0293275 0.0168282 0.0522634 0.68569 0.333268 0.95349 0.893598 0.602641 0.16229 0.386515 0.578295 -0.791333 0.405544 0.304095 
-1.08138 0.0923848 0.202483 -0.662439 -0.940131 -0.937468 0.300303 -0.542658 -0.568395 -0.206431 -0.16017 0.116949 0.175471 0.665976 -0.170621 -0.5263 0.0389747 -0.00650976 0.017821 0.700626 0.304053 0.890072 0.821833 0.671489 0.183023 0.425319 0.530435 -0.814616 0.391811 0.319335 
-1.07782 0.0980077 0.265807 -0.610875 -0.914159 -0.876824 0.274529 -0.532125 -0.527246 -0.187681 -0.157549 0.0394414 0.156651 0.704009 -0.201321 -0.467856 0.0679289 0.0899988 0.117496 0.609373 0.294855 0.889266 0.919315 0.748638 0.159774 0.411731 0.614207 -0.835129 0.433196 0.38211 
-1.05993 0.0286854 0.293376 -0.70916 -0.942783 -0.861165 0.275031 -0.521334 -0.51717 -0.202231 -0.113026 0.0463327 0.200354 0.70478 -0.209602 -0.50702 0.0435146 0.0680954 0.094619 0.623475 0.31022 0.805518 0.932322 0.67997 0.184362 0.39747 0.587171 -0.774137 0.422105 0.328737 
-1.08498 0.0306518 0.271573 -0.670099 -0.939591 -0.87196 0.274211 -0.518213 -0.524078 -0.208227 -0.128133 0.0582392 0.19037 0.689369 -0.205453 -0.505194 0.0650099 0.036068 0.0727025 0.640504 0.319428 0.843229 0.949049 0.656536 0.200587 0.44526 0.613627 -0.744779 0.401661 0.374854 
-1.0582 0.0485809 0.254957 -0.726512 -0.934334 -0.941292 0.225011 -0.500058 -0.499715 -0.202095 -0.11758 0.0742745 0.14575 0.695451 -0.203361 -0.554318 0.0802105 0.0252613 0.140561 0.682798 0.348147 0.878407 0.954373 0.662909 0.209213 0.395025 0.538846 -0.69811 0.504909 0.364015 
-1.06226 0.0876911 0.269435 -0.6897 -0.897931 -0.892097 0.203713 -0.522713 -0.537117 -0.197866 -0.0856398 0.0283604 0.158758 0.664918 -0.232111 -0.496297 0.0349447 0.00404175 0.0763739 0.645085 0.317537 0.900277 0.942926 0.699219 0.165581 0.434248 0.580752 -0.766956 0.417531 0.342029 
-1.08027 0.0434713 0.283955 -0.699339 -0.91455 -0.88859 0.24971 -0.562911 -0.508024 -0.224683 -0.100736 0.0500354 0.156888 0.671323 -0.179041 -0.474057 0.0126556 -0.00491761 0.115265 0.680972 0.309635 0.825374 0.931205 0.681831 0.17778 0.424887 0.583028 -0.759466 0.397339 0.359977 
-1.05227 0.0859068 0.224339 -0.729959 -0.89201 -0.866119 0.219431 -0.468778 -0.53364 -0.243172 -0.0690479 0.118938 0.160375 0.635368 -0.150095 -0.456892 0.00415153 0.0308713 0.0856031 0.612323 0.344237 0.941274 0.924549 0.7306 0.0927912 0.404002 0.576909 -0.759192 0.491218 0.406505 
-1.08053 0.0876883 0.312406 -0.634666 -0.880588 -0.862232 0.262725 -0.584329 -0.482988 -0.169733 -0.177805 0.0252613 0.202759 0.678926 -0.202698 -0.45595 0.0342059 0.0767499 0.093132 0.638158 0.32433 0.858614 0.890724 0.709787 0.179211 0.418587 0.581603 -0.785529 0.409388 0.387153 
-1.13389 0.0367251 0.239208 -0.575851 -0.971584 -0.957441 0.343711 -0.582693 -0.48585 -0.172801 -0.135254 0.0369243 0.212937 0.646718 -0.219004 -0.45561 0.0501463 0.068952 0.0712783 0.704123 0.270787 0.834824 0.926258 0.674183 0.133369 0.430258 0.580311 -0.737122 0.307384 0.389081 
-1.0508 0.0668974 0.236104 -0.654632 -0.92439 -0.878994 0.284253 -0.488346 -0.564573 -0.182365 -0.0896135 0.0279402 0.152817 0.663448 -0.190791 -0.472432 0.00848006 0.052432 0.0604208 0.651221 0.306728 0.891889 0.910497 0.734259 0.136688 0.412028 0.533118 -0.787038 0.391374 0.370437 
-1.08461 0.102211 0.233369 -0.685224 -0.904369 -0.894427 0.232615 -0.493669 -0.554218 -0.199777 -0.105091 0.0462523 0.108476 0.674734 -0.150862 -0.497162 0.0219584 0.0259405 0.106227 0.62485 0.334227 0.861593 0.917204 0.736298 0.177878 0.449693 0.600291 -0.745698 0.423797 0.377621 
-1.05888 0.0743252 0.265146 -0.666334 -0.958223 -0.858968 0.237281 -0.525419 -0.529151 -0.196877 -0.131595 0.0312134 0.136808 0.66778 -0.185271 -0.464777 0.0516478 0.00767278 0.0583392 0.64529 0.341984 0.87414 0.974282 0.662416 0.177522 0.4346 0.562053 -0.727708 0.440421 0.384794 
-1.05089 0.115156 0.271785 -0.646591 -0.920673 -0.915677 0.216678 -0.55576 -0.510156 -0.17875 -0.122017 0.0689694 0.125858 0.689332 -0.190079 -0.486887 0.0233437 0.0235316 0.100862 0.697717 0.291812 0.84182 0.90885 0.683184 0.161975 0.447184 0.568146 -0.781035 0.396698 0.372069 
-1.03625 0.134969 0.260281 -0.664253 -0.896433 -0.873162 0.248701 -0.530063 -0.493753 -0.213501 -0.102619 0.0786457 0.131501 0.662236 -0.167623 -0.468283 0.00737955 0.0076334 0.0672725 0.666852 0.317813 0.889653 0.912314 0.661112 0.143752 0.409101 0.540297 -0.744757 0.436098 0.37795 
-1.09815 0.0387429 0.233778 -0.694918 -0.916278 -0.875358 0.215125 -0.499325 -0.520754 -0.228607 -0.0887519 0.056295 0.175997 0.703518 -0.191769 -0.474515 0.0582524 0.019382 0.077037 0.678474 0.305698 0.88244 0.961417 0.65114 0.163953 0.452775 0.556652 -0.76011 0.484658 0.365508 
-1.06125 0.0705915 0.236122 -0.613077 -0.930492 -0.914607 0.251773 -0.569291 -0.500852 -0.259334 -0.163431 0.0385224 0.112127 0.68263 -0.163071 -0.506261 0.0587277 0.0194277 0.0688216 0.663498 0.279622 0.831183 0.892853 0.678848 0.151776 0.408378 0.589367 -0.729526 0.40698 0.362188 
-1.09492 0.0985453 0.281812 -0.664938 -0.894201 -0.945052 0.262999 -0.511921 -0.422789 -0.134465 -0.155394 0.00106117 0.0965021 0.668772 -0.146218 -0.480735 0.0496935 0.0110251 0.073734 0.655496 0.323904 0.924107 0.881111 0.678145 0.190254 0.44628 0.607608 -0.736687 0.439247 0.441698 
-1.08738 0.106152 0.255788 -0.651162 -0.896023 -0.875347 0.249419 -0.504112 -0.527198 -0.215024 -0.107549 0.0746175 0.140449 0.675148 -0.168405 -0.47781 0.0243821 0.0144358 0.0981901 0.648956 0.31971 0.887104 0.920618 0.722031 0.182137 0.447493 0.549956 -0.735438 0.389843 0.353685 
-1.06758 0.0662151 0.291644 -0.687454 -0.92442 -0.899455 0.232858 -0.563472 -0.50817 -0.173179 -0.128774 0.0595125 0.155122 0.695402 -0.199144 -0.504528 0.0722404 0.0576485 0.0704261 0.625469 0.328389 0.836563 0.918875 0.708211 0.222623 0.434657 0.62625 -0.772107 0.389056 0.392883 
-1.05951 0.0728864 0.20035 -0.704796 -0.894967 -0.868755 0.194622 -0.494759 -0.585083 -0.231836 -0.097625 0.14389 0.125137 0.676496 -0.173641 -0.503099 -0.0408775 -0.00116886 0.0696029 0.618332 0.372659 0.886103 0.926589 0.737404 0.0810076 0.424649 0.571113 -0.761673 0.422169 0.423875 
-1.06603 0.0883683 0.208252 -0.714311 -0.887974 -0.894727 0.251069 -0.468461 -0.553063 -0.224894 -0.122191 0.0823884 0.159953 0.68396 -0.163052 -0.481769 0.00351363 0.00473486 0.041038 0.67478 0.294291 0.913397 0.927378 0.732754 0.115248 0.415059 0.581899 -0.731937 0.462371 0.39655 
-1.07236 0.139005 0.189118 -0.727423 -0.904015 -0.899029 0.203631 -0.552967 -0.532167 -0.207456 -0.0874595 0.115046 0.138122 0.653782 -0.213854 -0.489178 0.0560707 0.0274303 0.10948 0.656446 0.321225 0.880862 0.943957 0.728608 0.179636 0.426199 0.540128 -0.728655 0.461926 0.395573 
-1.06793 0.061867 0.287332 -0.699775 -0.941451 -0.915207 0.203482 -0.549471 -0.512373 -0.204296 -0.0693412 0.037126 0.147311 0.702435 -0.201759 -0.484344 0.0553763 0.0212065 0.104284 0.645635 0.331711 0.895228 0.952113 0.696467 0.182966 0.413943 0.547663 -0.725732 0.43331 0.356388 
-1.04372 0.0983903 0.225625 -0.698611 -0.916195 -0.865919 0.226115 -0.54584 -0.53526 -0.250803 -0.0975979 0.0749941 0.118527 0.681716 -0.141411 -0.467404 0.0534583 0.0141115 0.0959988 0.638317 0.346354 0.870397 0.957158 0.716008 0.111163 0.442532 0.536879 -0.766957 0.449388 0.351994 
-1.06211 0.112091 0.233972 -0.641235 -0.903692 -0.911092 0.226495 -0.437681 -0.591656 -0.203997 -0.147354 0.0878736 0.141179 0.627239 -0.229701 -0.50403 0.0522272 0.0754793 0.0728765 0.623563 0.297167 0.912783 0.914315 0.685913 0.147588 0.444615 0.532258 -0.768778 0.395428 0.372494 
-1.04382 0.101846 0.231173 -0.644047 -0.875003 -0.878569 0.226686 -0.461067 -0.552547 -0.210047 -0.1327 0.0584921 0.131918 0.631456 -0.161648 -0.461115 0.0369651 0.031259 0.0581861 0.637848 0.275715 0.936954 0.916862 0.731625 0.165055 0.457288 0.551202 -0.743676 0.461401 0.40822 
-1.05426 0.0641784 0.273818 -0.714398 -0.933549 -0.849023 0.304135 -0.511533 -0.498906 -0.200471 -0.134649 0.0534985 0.125381 0.695066 -0.187915 -0.480878 0.048508 0.067522 0.0889602 0.593654 0.316091 0.890429 0.941527 0.639973 0.218996 0.423672 0.597365 -0.745344 0.422539 0.395474 
-1.06862 0.083789 0.231632 -0.697813 -0.909725 -0.960024 0.234524 -0.513386 -0.507111 -0.181977 -0.0805382 0.0520154 0.138356 0.687533 -0.210328 -0.484354 0.014952 0.0782663 0.0676439 0.729501 0.310139 0.851411 0.936073 0.709796 0.145503 0.46901 0.587116 -0.835619 0.392747 0.366653 
-1.04097 0.144594 0.217709 -0.68256 -0.882012 -0.857365 0.235903 -0.502488 -0.536121 -0.178019 -0.0803202 0.0338967 0.117121 0.664121 -0.172619 -0.468317 -0.0480296 -0.0113734 0.0504625 0.604992 0.312156 0.940881 0.960083 0.710593 0.0963317 0.441832 0.588411 -0.755221 0.397094 0.408256 
-1.05618 0.131938 0.216199 -0.709555 -0.909172 -0.835224 0.256076 -0.501752 -0.558278 -0.168282 -0.104837 0.0374551 0.11365 0.658317 -0.180162 -0.486264 -0.0518807 0.0111112 0.0278069 0.632776 0.311419 0.932318 0.945031 0.696555 0.0852889 0.416126 0.575646 -0.750806 0.415969 0.398096 
-1.01322 0.166276 0.192552 -0.690096 -0.895253 -0.873259 0.236697 -0.492293 -0.537918 -0.177037 -0.0983902 0.043883 0.116304 0.679916 -0.163198 -0.474898 -0.045684 -0.00996561 0.0378713 0.59117 0.298879 0.940772 0.98756 0.702397 0.12164 0.432967 0.579938 -0.77816 0.373464 0.415293 
-1.03638 0.0755531 0.214433 -0.720698 -0.91767 -0.849152 0.220446 -0.526351 -0.533255 -0.250849 -0.0872988 0.0535208 0.158365 0.662564 -0.177231 -0.457457 0.0386241 -0.0173487 0.0741174 0.62896 0.322805 0.898119 0.943799 0.670881 0.138736 0.444037 0.530717 -0.728376 0.472508 0.362446 
-1.0636 0.0737312 0.192066 -0.713052 -0.90607 -0.843871 0.236624 -0.504259 -0.506267 -0.248239 -0.0766727 0.0465207 0.139338 0.68223 -0.193536 -0.447754 0.0653584 -0.0403634 0.0695053 0.650056 0.340221 0.912917 0.924279 0.686465 0.158836 0.459351 0.536283 -0.756105 0.468742 0.340158 
-1.04029 0.0877722 0.236576 -0.71854 -0.918688 -0.83301 0.23037 -0.50906 -0.529318 -0.237833 -0.100925 0.0277493 0.167507 0.652651 -0.151714 -0.451251 0.0424782 -0.0282943 0.0597954 0.601406 0.318363 0.875121 0.954108 0.692999 0.143499 0.417881 0.526872 -0.736066 0.499612 0.387721 
-1.03029 0.0904865 0.218267 -0.69262 -0.917798 -0.886836 0.255954 -0.489277 -0.558146 -0.223396 -0.104226 0.0914856 0.131553 0.653911 -0.161411 -0.482458 0.0065485 0.0301173 0.0548668 0.650345 0.270754 0.890408 0.914719 0.707746 0.1193 0.432866 0.559296 -0.734323 0.420182 0.392619 
-1.01993 0.0677776 0.195459 -0.691295 -0.912108 -0.867921 0.263635 -0.492272 -0.54353 -0.220548 -0.0978741 0.111012 0.139979 0.680667 -0.160516 -0.484867 0.0138263 0.0388211 0.0804374 0.652058 0.276476 0.884873 0.925085 0.715117 0.141158 0.432153 0.537908 -0.709363 0.418106 0.394378 
-1.02073 0.115356 0.231972 -0.693012 -0.938111 -0.907251 0.244477 -0.500795 -0.572962 -0.239658 -0.0805893 0.11904 0.128927 0.653435 -0.157984 -0.503583 0.0230021 0.0499252 0.0821082 0.644947 0.276788 0.917859 0.937979 0.689617 0.112427 0.411949 0.539602 -0.746431 0.435266 0.38098 
-1.03191 0.0841828 0.226216 -0.646122 -0.939947 -0.835485 0.187722 -0.486866 -0.523092 -0.249144 -0.107772 0.0697672 0.146953 0.705351 -0.127914 -0.477298 0.0075461 0.0380689 0.042196 0.632398 0.304737 0.933581 0.926231 0.724303 0.154997 0.412922 0.543914 -0.704989 0.397148 0.338558 
-1.01167 0.0884222 0.203346 -0.660354 -0.960151 -0.833781 0.192409 -0.474651 -0.533803 -0.267334 -0.0867519 0.0492402 0.153203 0.715633 -0.11238 -0.475971 0.0204949 0.0413921 0.0599847 0.614207 0.321792 0.920019 0.945863 0.742739 0.141574 0.391273 0.521594 -0.677998 0.383578 0.323027 
-1.05161 0.0743389 0.221453 -0.64467 -0.952782 -0.846399 0.176103 -0.476954 -0.50251 -0.238106 -0.119646 0.080895 0.172811 0.692656 -0.119952 -0.490111 0.0210252 0.0589955 0.0559606 0.657287 0.301333 0.952538 0.919476 0.711135 0.13336 0.428366 0.528019 -0.732303 0.380709 0.315244 
-1.0896 0.084601 0.249429 -0.644912 -0.895824 -0.877658 0.273273 -0.497125 -0.530335 -0.174709 -0.0801943 0.0163346 0.149071 0.681603 -0.21304 -0.479763 0.0242809 0.0264033 0.0303235 0.668856 0.287367 0.879726 0.92137 0.687565 0.152726 0.416093 0.587933 -0.770386 0.380074 0.374801 
-1.1087 0.0836493 0.249014 -0.650227 -0.919422 -0.892887 0.290537 -0.517932 -0.524925 -0.199775 -0.079804 0.0315694 0.124417 0.68875 -0.239181 -0.499791 0.0481316 0.0125378 0.038405 0.641508 0.266106 0.866403 0.924398 0.705922 0.142237 0.433845 0.569675 -0.753343 0.371475 0.384375 
-1.06302 0.0989731 0.244407 -0.631753 -0.887224 -0.883615 0.296014 -0.508147 -0.508217 -0.190889 -0.0692229 0.0439183 0.164641 0.656226 -0.188711 -0.470477 -0.00168306 0.00666559 0.0251283 0.681129 0.270753 0.897096 0.909447 0.686892 0.142884 0.40386 0.565742 -0.774132 0.378751 0.401898 
-1.07034 0.0773736 0.207775 -0.698225 -0.860051 -0.878839 0.204923 -0.458182 -0.535146 -0.213764 -0.0751018 0.110573 0.115017 0.666293 -0.145851 -0.444446 -0.0379378 0.00372996 0.093483 0.658921 0.366773 0.93127 0.918921 0.71344 0.138203 0.408013 0.548679 -0.74517 0.484148 0.377808 
-1.09395 0.102795 0.201099 -0.707204 -0.838349 -0.886097 0.186443 -0.441758 -0.538456 -0.232969 -0.0799121 0.0852395 0.134291 0.675981 -0.125277 -0.428463 -0.0213976 0.0238797 0.0930804 0.63727 0.388939 0.93887 0.894601 0.727023 0.122705 0.423651 0.549664 -0.74288 0.499137 0.376489 
-1.06269 0.0905279 0.213003 -0.694703 -0.839902 -0.876707 0.230386 -0.473841 -0.50892 -0.197412 -0.06349 0.116197 0.0999664 0.688011 -0.14094 -0.442507 -0.0133904 -0.00414017 0.114054 0.640894 0.354265 0.955 0.912241 0.731169 0.148008 0.400295 0.52317 -0.75893 0.466844 0.399792 
-1.0508 0.0931431 0.231868 -0.676555 -0.899107 -0.868811 0.225265 -0.476748 -0.554321 -0.227128 -0.110675 0.0879298 0.13578 0.657933 -0.142812 -0.479139 0.0138143 0.0180834 0.068158 0.658129 0.318053 0.914109 0.921493 0.721959 0.145934 0.422466 0.563865 -0.752792 0.451701 0.393408 
-1.03704 0.118186 0.24813 -0.656138 -0.896005 -0.862517 0.207953 -0.477642 -0.58108 -0.243591 -0.111019 0.097988 0.149931 0.678628 -0.138993 -0.460316 0.0242302 0.0254861 0.0948656 0.63928 0.338659 0.928423 0.945262 0.723393 0.153561 0.418316 0.589338 -0.777031 0.426122 0.386797 
-1.04329 0.0705007 0.206419 -0.69715 -0.926641 -0.862537 0.228555 -0.49106 -0.576737 -0.224915 -0.128664 0.111234 0.152847 0.647438 -0.164185 -0.505187 0.0169157 0.0231315 0.0846392 0.636865 0.295868 0.911208 0.904933 0.743487 0.161639 0.408784 0.589008 -0.77271 0.438199 0.378939 
-1.04352 0.128024 0.222805 -0.657196 -0.906537 -0.854591 0.251044 -0.49157 -0.572981 -0.216824 -0.129593 0.0826252 0.140715 0.673709 -0.125739 -0.509739 0.0441781 -0.00737773 0.0832236 0.681453 0.269947 0.892112 0.896951 0.708473 0.159832 0.441689 0.565834 -0.757508 0.423682 0.406976 
-1.02926 0.104872 0.242861 -0.63493 -0.885497 -0.863807 0.27813 -0.510497 -0.585174 -0.205576 -0.146875 0.0726053 0.153915 0.662653 -0.109214 -0.512874 0.0651927 -0.0165412 0.0744856 0.666043 0.281362 0.917767 0.902172 0.692607 0.181839 0.432562 0.545901 -0.761167 0.401537 0.417215 
-1.04241 0.139504 0.235996 -0.649369 -0.901233 -0.86066 0.231101 -0.49502 -0.578459 -0.21936 -0.146249 0.108523 0.1524 0.676099 -0.111584 -0.505618 0.0315497 0.00213891 0.0621718 0.706583 0.257737 0.884533 0.917533 0.69061 0.151236 0.428042 0.541819 -0.75188 0.440549 0.432204 
-1.04112 0.12171 0.206553 -0.665908 -0.851411 -0.852065 0.24446 -0.486043 -0.583531 -0.228247 -0.0847632 0.0911049 0.135969 0.659527 -0.149961 -0.443261 -0.0126414 0.00486957 0.0399554 0.661426 0.359732 0.899949 0.917763 0.700054 0.131248 0.419346 0.542923 -0.765022 0.44972 0.409524 
-1.04046 0.143014 0.229739 -0.640897 -0.858543 -0.828793 0.249719 -0.488908 -0.586168 -0.239063 -0.0722991 0.116977 0.14416 0.681459 -0.168397 -0.445133 -0.0399828 0.00853265 0.0651434 0.634425 0.364744 0.879505 0.911624 0.717645 0.139224 0.396016 0.518859 -0.763274 0.44769 0.402645 
-1.05777 0.112056 0.218501 -0.682745 -0.850134 -0.843439 0.253119 -0.485802 -0.558344 -0.226788 -0.103288 0.0974014 0.133294 0.678022 -0.125539 -0.458676 -0.0367009 0.0281956 0.0635534 0.65135 0.364993 0.898959 0.895763 0.693079 0.124592 0.408122 0.540733 -0.739478 0.442183 0.425085 
-1.05108 0.125194 0.210418 -0.712002 -0.877798 -0.869029 0.212283 -0.483628 -0.541443 -0.241816 -0.124488 0.0709868 0.132937 0.639763 -0.144969 -0.473504 -0.0217677 -0.00472 0.0501039 0.662326 0.318619 0.922837 0.917439 0.705863 0.103417 0.397708 0.539163 -0.771736 0.459242 0.402778 
-1.0324 0.125504 0.200474 -0.710503 -0.886318 -0.851489 0.207266 -0.491457 -0.52937 -0.234378 -0.123016 0.0855512 0.147073 0.625958 -0.120081 -0.452322 -0.0334658 -0.00431626 0.0396873 0.648531 0.342695 0.917801 0.921022 0.683069 0.0858899 0.41815 0.52686 -0.79871 0.440594 0.409938 
-1.03457 0.144517 0.224133 -0.71657 -0.855625 -0.856162 0.213065 -0.50705 -0.550008 -0.25282 -0.150226 0.0833208 0.140336 0.632879 -0.167007 -0.494126 0.000430979 0.00640319 0.0718421 0.654018 0.328595 0.925051 0.922401 0.708519 0.108015 0.403895 0.529257 -0.752395 0.483094 0.376204 
-1.03867 0.112646 0.21166 -0.661192 -0.913808 -0.849615 0.241353 -0.48682 -0.548763 -0.23307 -0.106244 0.0757188 0.146892 0.68075 -0.138045 -0.46134 -0.0120879 0.0321978 0.0411398 0.65849 0.346467 0.912843 0.922602 0.713237 0.150414 0.41816 0.543282 -0.71681 0.40853 0.37988 
-1.04197 0.143222 0.217742 -0.677955 -0.906298 -0.855721 0.244374 -0.500009 -0.563629 -0.205043 -0.128574 0.0681512 0.13947 0.6647 -0.146429 -0.47579 0.026271 -0.00932775 0.0782838 0.681398 0.310732 0.90966 0.95227 0.709957 0.141622 0.441808 0.58788 -0.755779 0.412199 0.407607 
-1.03655 0.108609 0.215591 -0.688806 -0.89338 -0.851624 0.228855 -0.515022 -0.534723 -0.23325 -0.086951 0.0469435 0.143233 0.663284 -0.175918 -0.462711 0.0300267 -0.0154182 0.0589482 0.607108 0.317377 0.928793 0.956689 0.682672 0.126564 0.44224 0.588068 -0.731384 0.415335 0.393715 
-1.0557 0.0841502 0.209243 -0.694735 -0.890847 -0.87559 0.211568 -0.460051 -0.54192 -0.21858 -0.108535 0.0933702 0.132181 0.66227 -0.144368 -0.452937 -0.00473454 0.00634679 0.0838138 0.658274 0.337309 0.927701 0.919269 0.714035 0.142086 0.419292 0.550772 -0.752212 0.470732 0.386743 
-1.0408 0.0853171 0.223907 -0.689457 -0.900314 -0.856031 0.22145 -0.478348 -0.539765 -0.247783 -0.0881283 0.05637 0.152747 0.660329 -0.171593 -0.467081 0.0144384 0.00317194 0.0720474 0.630569 0.322237 0.913838 0.938154 0.699949 0.140655 0.430779 0.554138 -0.739842 0.454389 0.376748 
-1.05839 0.082444 0.219187 -0.692219 -0.893124 -0.856773 0.220634 -0.489435 -0.544417 -0.214206 -0.125309 0.0878384 0.138224 0.672141 -0.141543 -0.49724 0.0429047 -0.00570513 0.0852684 0.670139 0.323293 0.924301 0.91329 0.709945 0.138786 0.435281 0.556225 -0.756206 0.441451 0.378347 
-1.04108 0.128866 0.219484 -0.661423 -0.895218 -0.855854 0.242562 -0.498272 -0.542576 -0.20015 -0.0922768 0.0804893 0.118472 0.67082 -0.142181 -0.479404 -0.0332076 -0.0100609 0.0823272 0.644347 0.289061 0.919545 0.897945 0.709905 0.141371 0.441788 0.583301 -0.755706 0.397748 0.407791 
-1.05643 0.115707 0.234368 -0.645821 -0.895616 -0.857965 0.236869 -0.500545 -0.533409 -0.177426 -0.0802123 0.0316711 0.124997 0.671957 -0.197921 -0.474514 -0.0308521 -0.0109468 0.0401473 0.611558 0.303502 0.927066 0.946407 0.692014 0.132172 0.422635 0.588048 -0.769414 0.382417 0.378397 
-1.04108 0.137671 0.217239 -0.6819 -0.878696 -0.857287 0.237142 -0.494975 -0.567592 -0.220358 -0.0843801 0.0493705 0.128118 0.65975 -0.153199 -0.452453 -0.0287489 -0.00900283 0.0434114 0.625857 0.330009 0.911262 0.941614 0.703692 0.126294 0.422832 0.575711 -0.762991 0.403528 0.409241 
-1.03682 0.106481 0.211387 -0.686694 -0.914252 -0.854961 0.253341 -0.488738 -0.582185 -0.228178 -0.0963376 0.0913153 0.135758 0.657667 -0.160762 -0.463812 0.00392481 0.00772863 0.0448319 0.651271 0.337187 0.898944 0.915928 0.706672 0.119889 0.421849 0.545053 -0.754079 0.436196 0.401622 
-1.03268 0.0947772 0.218115 -0.687033 -0.901289 -0.87817 0.244094 -0.498882 -0.55038 -0.205548 -0.102391 0.047769 0.126859 0.655442 -0.169457 -0.482154 -0.0286263 0.0271303 0.0520189 0.644912 0.282531 0.927652 0.957776 0.70822 0.108262 0.440348 0.572781 -0.754708 0.405263 0.392817 
-1.05093 0.0825042 0.214637 -0.6572 -0.91006 -0.840747 0.188633 -0.472533 -0.526444 -0.215304 -0.0752897 0.0958273 0.129377 0.680261 -0.131675 -0.473517 -0.000312103 0.0221354 0.0636306 0.657121 0.353719 0.93253 0.922313 0.72328 0.138596 0.408645 0.546842 -0.726272 0.474403 0.340871 
-1.05221 0.0961857 0.209055 -0.687569 -0.876293 -0.875345 0.224445 -0.466797 -0.535796 -0.208014 -0.0790987 0.0640329 0.116809 0.665632 -0.153508 -0.466221 -0.0439 0.00324573 0.0907299 0.60727 0.360156 0.936554 0.957897 0.713239 0.0991678 0.426911 0.578494 -0.753686 0.47093 0.379565 
-1.05592 0.0842206 0.22859 -0.645514 -0.899208 -0.850042 0.212075 -0.490585 -0.525102 -0.234863 -0.0873039 0.0485243 0.147611 0.699117 -0.128978 -0.477511 0.014068 0.0294519 0.0361372 0.639306 0.291669 0.886287 0.923693 0.696188 0.153588 0.415975 0.567198 -0.744605 0.392561 0.36963 
-1.04205 0.0790535 0.227116 -0.677462 -0.899245 -0.86808 0.221502 -0.514546 -0.535223 -0.24328 -0.106546 0.0712474 0.147334 0.659339 -0.150591 -0.462931 0.0203536 -0.0138387 0.0684012 0.642877 0.318872 0.898242 0.938263 0.681505 0.14245 0.427827 0.553439 -0.736963 0.461105 0.371679 
-1.06084 0.117491 0.212866 -0.676163 -0.889212 -0.876858 0.271493 -0.486716 -0.536787 -0.183022 -0.110771 0.0399644 0.144001 0.647188 -0.175865 -0.477724 0.00860844 0.0234379 0.0416044 0.6683 0.287682 0.891945 0.919427 0.694239 0.11392 0.398241 0.5523 -0.771414 0.442776 0.402378 
-1.06154 0.0961436 0.207273 -0.676608 -0.855025 -0.868472 0.229017 -0.468574 -0.58061 -0.221924 -0.0823444 0.100015 0.120346 0.661822 -0.147851 -0.443432 -0.0136289 0.00446543 0.0446967 0.660747 0.361176 0.914687 0.917838 0.706666 0.136698 0.412911 0.547036 -0.752785 0.482261 0.378537 
-1.05473 0.100856 0.208531 -0.707636 -0.869228 -0.870622 0.211021 -0.482269 -0.540523 -0.215011 -0.120897 0.0979474 0.13259 0.661533 -0.145438 -0.464299 -0.0357933 -0.00318187 0.0830494 0.661796 0.351461 0.926501 0.91811 0.708679 0.116425 0.400992 0.54125 -0.76283 0.47012 0.389081 
-1.03738 0.122502 0.216517 -0.712669 -0.912846 -0.853005 0.222921 -0.514841 -0.534386 -0.188553 -0.0859458 0.0533691 0.128492 0.66281 -0.173816 -0.461157 -0.0462326 -0.0119121 0.0649694 0.612147 0.318114 0.918798 0.958983 0.697265 0.131284 0.442397 0.563091 -0.740321 0.419174 0.386086 
-1.03814 0.0780651 0.213854 -0.694661 -0.905969 -0.883002 0.23628 -0.479625 -0.547486 -0.219277 -0.078024 0.0974122 0.130759 0.663403 -0.147421 -0.479327 -0.0306394 0.017841 0.0847853 0.657131 0.279262 0.924973 0.918621 0.711023 0.122448 0.40906 0.557863 -0.74398 0.440249 0.384853 
