-1.07329 0.112449 0.309843 -0.758848 -0.927072 -0.862603 0.27048 -0.504708 -0.590553 -0.234426 -0.102133 0.111076 0.132312 0.662019 -0.175386 -0.490194 -0.0125726 0.0878904 0.0934659 0.676067 0.28849 0.894741 0.926987 0.735802 0.110717 0.403278 0.576468 -0.746156 0.446127 0.335133 
-1.07785 0.0388934 0.238874 -0.617475 -0.945706 -0.915925 0.156178 -0.525614 -0.489934 -0.182899 -0.111367 -0.0520519 0.105636 0.718366 -0.190558 -0.448456 0.0552805 -0.0267719 0.0685282 0.617361 0.306443 0.933193 0.908334 0.633318 0.0886642 0.41721 0.571323 -0.799076 0.349657 0.287306 
-1.0493 0.0848495 0.205282 -0.62972 -0.901459 -0.893952 0.199196 -0.429042 -0.590372 -0.219277 -0.167941 0.115299 0.140087 0.633337 -0.213575 -0.514315 0.0429425 0.0652985 0.0505101 0.597735 0.299251 0.916716 0.885544 0.666318 0.151462 0.425664 0.558775 -0.771135 0.391175 0.366096 
-1.10305 0.12774 0.240229 -0.619442 -0.953673 -0.905774 0.174531 -0.507709 -0.572201 -0.223904 -0.151375 -0.0394207 0.106303 0.675116 -0.104848 -0.44821 0.0884356 0.126734 0.0865793 0.652379 0.366161 0.83085 0.958693 0.631472 0.142477 0.498879 0.561517 -0.885023 0.430889 0.307999 
-1.05166 0.0568176 0.269352 -0.69141 -0.901519 -0.871022 0.256573 -0.580991 -0.520102 -0.169327 -0.140363 0.0510502 0.172613 0.706878 -0.193215 -0.502781 0.0727664 0.0817337 0.0535209 0.640352 0.308256 0.81481 0.930876 0.735408 0.205705 0.416403 0.600058 -0.786363 0.38527 0.405598 
-1.05856 0.0433154 0.289791 -0.723687 -0.958911 -0.931283 0.231564 -0.565963 -0.535994 -0.210231 -0.060048 0.0124525 0.129136 0.708223 -0.174178 -0.478502 0.0674262 0.0293303 0.09769 0.620959 0.31391 0.8936 0.945694 0.682279 0.191093 0.427652 0.572109 -0.711822 0.412354 0.383881 
-0.993131 0.0996754 0.238083 -0.690333 -0.942333 -0.8987 0.26401 -0.476959 -0.592963 -0.238231 -0.107348 0.138388 0.115414 0.642239 -0.148831 -0.486676 0.050211 0.0549255 0.0996089 0.635482 0.297593 0.935293 0.96128 0.671897 0.120037 0.389197 0.563125 -0.7497 0.459568 0.363241 
-1.10049 0.0897454 0.185817 -0.722305 -0.928113 -0.873091 0.301368 -0.556714 -0.59062 -0.21345 -0.102758 -0.0412909 0.0795037 0.655101 -0.241959 -0.484497 -0.0348661 0.0953637 0.0277227 0.710265 0.303004 0.812835 0.846081 0.615076 0.109496 0.443256 0.576346 -0.796906 0.437835 0.343071 
-1.09896 0.061003 0.279682 -0.717975 -0.908873 -0.888659 0.232094 -0.546104 -0.520605 -0.201664 -0.0943566 0.0512421 0.101959 0.676353 -0.169906 -0.457699 0.0602685 0.0470575 0.117277 0.661777 0.3236 0.896107 0.958252 0.633283 0.163327 0.48277 0.544417 -0.755255 0.461394 0.403067 
-1.01134 0.105201 0.241179 -0.650604 -0.931074 -0.85005 0.16399 -0.49015 -0.569078 -0.235883 -0.112126 0.112387 0.117341 0.691502 -0.145451 -0.430402 0.0390347 0.0568607 0.0524277 0.655216 0.344141 0.927469 0.908937 0.687197 0.134152 0.405126 0.544853 -0.723983 0.405684 0.355831 
-1.0265 0.0463957 0.269918 -0.701402 -0.928523 -0.82925 0.316641 -0.529461 -0.52226 -0.189248 -0.129992 0.0388339 0.121791 0.674343 -0.178304 -0.480307 0.0327343 0.0780917 0.0736874 0.583381 0.320797 0.90094 0.945931 0.623507 0.242581 0.422957 0.581297 -0.764237 0.425496 0.392884 
-1.06225 0.0842124 0.221958 -0.716196 -0.906491 -0.968338 0.220857 -0.521459 -0.500302 -0.160018 -0.0846921 0.0799265 0.116168 0.698146 -0.201953 -0.504509 0.0228626 0.0887658 0.0906147 0.743844 0.328072 0.870703 0.932765 0.72723 0.166867 0.466874 0.564711 -0.81029 0.391442 0.392125 
-1.06929 0.123967 0.258722 -0.67402 -0.853377 -0.858198 0.222049 -0.536471 -0.512346 -0.17616 -0.0830889 0.0709184 0.114101 0.668824 -0.216538 -0.4612 -0.0127951 0.0503904 0.09546 0.690681 0.311093 0.859284 0.941035 0.662574 0.134629 0.456689 0.563252 -0.764659 0.373034 0.35253 
-1.05318 0.10044 0.305532 -0.61526 -0.917203 -0.890456 0.273603 -0.53245 -0.517327 -0.192115 -0.115976 0.0475359 0.152464 0.641033 -0.199394 -0.47389 0.0147618 0.0423577 0.0630234 0.672809 0.356801 0.880159 0.921099 0.737183 0.180672 0.445099 0.575459 -0.780227 0.417402 0.363921 
-1.09592 0.0780589 0.265753 -0.627639 -0.94114 -0.904304 0.273234 -0.52078 -0.51042 -0.16969 -0.173086 0.0318374 0.135968 0.704084 -0.228275 -0.463044 0.0438571 0.116301 0.136584 0.627411 0.291252 0.914524 0.922452 0.731449 0.172803 0.395193 0.61027 -0.840416 0.426566 0.390918 
-1.09366 0.099297 0.276707 -0.670535 -0.924723 -0.918956 0.282765 -0.542319 -0.543235 -0.193921 -0.0835189 0.0155712 0.10283 0.694651 -0.231273 -0.472416 0.0671429 0.00134898 0.0475966 0.65565 0.243796 0.867927 0.910909 0.72308 0.136376 0.45304 0.554904 -0.734047 0.387037 0.389104 
-1.10098 0.0880665 0.25576 -0.68182 -0.879704 -0.876194 0.252291 -0.511376 -0.539295 -0.179406 -0.116567 0.0558249 0.0866531 0.674175 -0.161223 -0.488593 0.0119386 0.0370089 0.124022 0.604275 0.353123 0.847014 0.926101 0.757666 0.176855 0.424561 0.601578 -0.75151 0.413348 0.361178 
-1.04902 0.0497025 0.285226 -0.627668 -1.03069 -0.878461 0.206764 -0.524971 -0.526801 -0.221345 -0.146465 -0.0674129 0.220312 0.648846 -0.189921 -0.463752 0.0660376 -0.0295772 0.0480401 0.685029 0.314121 0.904808 0.958751 0.659023 0.169205 0.532488 0.469175 -0.854351 0.396366 0.328128 
-1.11171 0.0708788 0.281644 -0.63945 -0.891239 -0.972077 0.271962 -0.515016 -0.431713 -0.1208 -0.148897 0.0212323 0.079038 0.660563 -0.157175 -0.457764 0.044235 0.00597728 0.0530027 0.662305 0.315396 0.89715 0.906854 0.675158 0.179714 0.464605 0.619265 -0.760684 0.462646 0.458849 
-1.07852 0.0904005 0.243302 -0.665821 -0.918288 -0.848374 0.268224 -0.486653 -0.553048 -0.198104 -0.126982 0.0545986 0.155531 0.690706 -0.161307 -0.482114 0.00742951 0.0149473 0.0846567 0.640788 0.318049 0.912524 0.920329 0.708489 0.19867 0.45437 0.529749 -0.741136 0.389395 0.329228 
-1.07859 0.0867209 0.22173 -0.670981 -0.897287 -0.876228 0.263851 -0.477056 -0.588962 -0.205233 -0.083293 0.0460892 0.143965 0.66833 -0.188247 -0.459184 0.0363103 0.0743504 0.0341685 0.666393 0.295159 0.878958 0.890488 0.761239 0.150837 0.437441 0.534931 -0.772962 0.389033 0.362554 
-1.06545 0.0143641 0.287592 -0.665241 -0.959348 -0.885858 0.27124 -0.526205 -0.498854 -0.215547 -0.129875 0.0371629 0.162416 0.66978 -0.194688 -0.52707 0.08103 0.0574455 0.0637543 0.641818 0.295861 0.815446 0.931483 0.630416 0.201937 0.451148 0.633101 -0.763788 0.383161 0.363215 
-1.04116 0.0851849 0.281709 -0.677383 -0.970956 -0.837283 0.239771 -0.498945 -0.528577 -0.211022 -0.110929 0.0241195 0.127525 0.657678 -0.178159 -0.451485 0.0420588 -0.00537978 0.0651392 0.630054 0.365292 0.863365 0.971544 0.651906 0.162237 0.433229 0.587965 -0.730131 0.464781 0.408072 
-1.03565 0.125277 0.222669 -0.672082 -0.924446 -0.86075 0.20944 -0.562861 -0.559309 -0.22495 -0.0819467 0.0760666 0.123545 0.686326 -0.114941 -0.461471 0.0719692 -0.0134982 0.102628 0.634508 0.370184 0.887593 0.976065 0.725809 0.108449 0.416793 0.515212 -0.769672 0.474842 0.366404 
-1.00711 0.0991344 0.236656 -0.690095 -0.894207 -0.843927 0.21595 -0.483225 -0.517156 -0.199301 -0.121878 0.0811402 0.164481 0.622615 -0.18332 -0.468224 0.0246569 0.0123203 0.0377106 0.663638 0.284225 0.851267 0.894449 0.714731 0.177676 0.413432 0.582361 -0.750876 0.42969 0.379314 
-1.01404 0.130614 0.219345 -0.638808 -0.905251 -0.858238 0.259658 -0.526069 -0.550784 -0.223528 -0.0654915 0.079828 0.105874 0.652103 -0.138458 -0.476984 -0.0185029 -0.0260403 0.0747943 0.657565 0.265381 0.910828 0.903929 0.701851 0.145136 0.467853 0.569578 -0.733986 0.425226 0.42583 
-1.05152 0.138207 0.236143 -0.688746 -0.837115 -0.825395 0.226676 -0.487544 -0.547626 -0.209552 -0.0808726 0.0930974 0.135295 0.652438 -0.134761 -0.453145 -0.0424895 0.0236139 0.0810051 0.629461 0.391695 0.888624 0.922667 0.674501 0.117704 0.409362 0.514605 -0.740089 0.419957 0.403429 
-1.01981 0.10991 0.232387 -0.63104 -0.922953 -0.829421 0.249919 -0.473275 -0.566443 -0.239654 -0.1552 0.0924217 0.133959 0.692801 -0.100709 -0.507875 0.021167 -0.0265601 0.0835971 0.687106 0.243606 0.879569 0.899007 0.701835 0.164444 0.465541 0.58583 -0.760075 0.415295 0.434484 
-1.06014 0.110555 0.246542 -0.683626 -0.876046 -0.88772 0.206508 -0.541512 -0.561833 -0.186949 -0.077857 0.0249682 0.167991 0.643431 -0.25891 -0.491095 0.0451123 -0.0126979 0.0491517 0.646996 0.309249 0.880229 0.94574 0.726389 0.179147 0.424866 0.576859 -0.757497 0.42814 0.325001 
-1.06001 0.0259428 0.28128 -0.728126 -0.945158 -0.924928 0.20565 -0.477333 -0.524935 -0.198172 -0.114183 0.0821762 0.159306 0.675662 -0.204481 -0.57554 0.0775865 0.0482019 0.130618 0.691118 0.343095 0.85781 0.950662 0.690002 0.216888 0.416655 0.533789 -0.706276 0.503502 0.384968 
-1.0818 0.0920161 0.218373 -0.66714 -0.885569 -0.853668 0.193545 -0.501897 -0.562753 -0.234015 -0.111087 0.115212 0.110705 0.654049 -0.152157 -0.505304 0.0599009 -0.00856806 0.0620616 0.647625 0.314864 0.898229 0.914503 0.712163 0.1328 0.418249 0.55486 -0.734361 0.441156 0.390663 
-1.02613 0.0952271 0.229799 -0.705235 -0.942259 -0.860564 0.275233 -0.46522 -0.575938 -0.2452 -0.103245 0.0884685 0.131782 0.668934 -0.151582 -0.477352 0.0248386 0.0241045 0.0807132 0.668038 0.28257 0.876446 0.906247 0.684483 0.110213 0.44256 0.576879 -0.749041 0.413997 0.407954 
-1.06582 0.0685158 0.217536 -0.586544 -0.926073 -0.89845 0.236089 -0.541428 -0.496333 -0.254744 -0.180377 0.0326242 0.087546 0.674873 -0.180915 -0.482208 0.0414067 0.0392122 0.0542176 0.652266 0.252663 0.834183 0.879935 0.680146 0.160054 0.399747 0.590922 -0.703807 0.390155 0.375803 
-1.05139 0.141412 0.228895 -0.703744 -0.933413 -0.844893 0.235581 -0.488054 -0.567899 -0.205275 -0.122629 0.0449999 0.136509 0.678044 -0.164642 -0.469103 0.0529343 -0.0353167 0.0940907 0.681669 0.312962 0.896556 0.940185 0.714454 0.123526 0.421355 0.591164 -0.748149 0.436024 0.40756 
-1.06903 0.0771118 0.185367 -0.686055 -0.841481 -0.874057 0.187138 -0.46083 -0.531023 -0.223033 -0.116828 0.117121 0.106359 0.637189 -0.125694 -0.45364 -0.0140052 -0.0289905 0.106194 0.676993 0.344577 0.916019 0.896929 0.710669 0.108358 0.415928 0.5539 -0.780153 0.464934 0.370068 
-1.1065 0.0474026 0.301516 -0.724531 -0.923821 -0.875338 0.262127 -0.583166 -0.512645 -0.246705 -0.0754905 0.0315875 0.166231 0.650654 -0.159637 -0.479174 0.0152202 -0.0264955 0.0983733 0.687622 0.326566 0.804737 0.952669 0.691341 0.152126 0.429538 0.571148 -0.73761 0.398123 0.384488 
-1.02983 0.0877958 0.214856 -0.717618 -0.865732 -0.902063 0.185459 -0.468881 -0.539112 -0.20392 -0.0950955 0.099652 0.113987 0.663434 -0.120203 -0.478758 -0.0130878 -0.0200865 0.0650399 0.648697 0.354993 0.942171 0.938804 0.733846 0.128414 0.415508 0.570563 -0.732542 0.483941 0.374034 
-1.01089 0.0869108 0.217827 -0.660676 -0.926496 -0.857669 0.237504 -0.498313 -0.534781 -0.188029 -0.117502 0.0286264 0.118705 0.650724 -0.186346 -0.492391 -0.0261024 0.00141035 0.0301439 0.664438 0.276467 0.951994 0.931451 0.726904 0.113203 0.453438 0.584581 -0.756565 0.426363 0.371275 
-1.04802 0.130794 0.254204 -0.659686 -0.896025 -0.863587 0.202676 -0.457983 -0.561807 -0.260961 -0.0877763 0.0916344 0.171161 0.657827 -0.125063 -0.448199 -0.00315475 0.0113088 0.108457 0.657032 0.363579 0.912767 0.918416 0.708063 0.165631 0.435847 0.601373 -0.771963 0.414069 0.389696 
-1.01031 0.118398 0.254301 -0.617319 -0.909133 -0.875862 0.273778 -0.532737 -0.611988 -0.231529 -0.15873 0.0528813 0.128097 0.675883 -0.0922834 -0.528271 0.0662283 -0.0417315 0.0677862 0.69343 0.277132 0.898227 0.899498 0.678456 0.168874 0.413671 0.559923 -0.757232 0.399512 0.431494 
-1.07834 0.0994302 0.196384 -0.693731 -0.82196 -0.861797 0.254413 -0.499113 -0.525518 -0.205723 -0.06712 0.141229 0.101579 0.705067 -0.140022 -0.427685 -0.0256668 -0.0157565 0.106326 0.648111 0.345598 0.936709 0.930577 0.708056 0.127833 0.379269 0.495663 -0.752557 0.443666 0.385164 
-1.10532 0.0444388 0.256827 -0.679326 -0.931331 -0.892042 0.206139 -0.495923 -0.535497 -0.23171 -0.101489 0.0577857 0.187519 0.696423 -0.205471 -0.453004 0.045232 0.0152066 0.102858 0.668036 0.332746 0.885688 0.976082 0.652282 0.191299 0.44702 0.558226 -0.787134 0.460628 0.338832 
-1.05579 0.0872321 0.244232 -0.661399 -0.931149 -0.854136 0.152496 -0.493146 -0.514227 -0.264664 -0.121762 0.0897909 0.173487 0.693101 -0.146861 -0.502794 0.00680293 0.0772774 0.0411427 0.648247 0.29417 0.946565 0.922066 0.697875 0.154404 0.447256 0.522886 -0.704728 0.367764 0.297365 
-1.01134 0.131635 0.216818 -0.66579 -0.939765 -0.878142 0.256939 -0.472166 -0.597723 -0.201376 -0.0733702 0.104201 0.135597 0.647578 -0.1473 -0.469478 0.00870775 0.0105406 0.0672669 0.676985 0.361551 0.91514 0.890738 0.706206 0.105904 0.40034 0.567641 -0.748932 0.416018 0.377047 
-1.04347 0.135673 0.223525 -0.686709 -0.939536 -0.885768 0.228761 -0.471662 -0.561388 -0.159375 -0.114352 0.074434 0.155949 0.678786 -0.155671 -0.429242 0.0145663 0.0314994 0.0478491 0.637591 0.352919 0.893383 0.934282 0.67806 0.0812066 0.416654 0.574662 -0.751111 0.424052 0.387642 
-1.05872 0.102424 0.256896 -0.63748 -0.8542 -0.900094 0.207087 -0.475181 -0.549418 -0.210359 -0.158273 0.0378527 0.150509 0.644663 -0.157721 -0.460006 0.0266759 0.057114 0.0628029 0.653327 0.284042 0.955505 0.913394 0.711053 0.142117 0.463822 0.523565 -0.764282 0.435987 0.429105 
-1.07361 0.104374 0.218064 -0.651979 -0.880496 -0.863919 0.236438 -0.490739 -0.510976 -0.248413 -0.0667644 0.0631527 0.152326 0.674462 -0.152544 -0.502699 -0.00870755 0.0214652 0.0221524 0.614441 0.270826 0.861649 0.899912 0.705327 0.137373 0.431419 0.584963 -0.757325 0.386454 0.347667 
-1.04748 0.165068 0.230292 -0.707574 -0.861223 -0.87075 0.251147 -0.490854 -0.550876 -0.229853 -0.0682096 0.0570269 0.154437 0.656313 -0.171745 -0.430257 -0.0134288 -0.0325713 0.0607142 0.605947 0.320575 0.920701 0.946167 0.692925 0.113397 0.410348 0.573674 -0.765719 0.384221 0.3856 
-1.07252 0.0939333 0.181383 -0.719512 -0.869637 -0.876962 0.229088 -0.451533 -0.546578 -0.227313 -0.0600038 0.0910791 0.137384 0.681947 -0.159602 -0.439898 -0.0115332 0.0306215 0.106848 0.640526 0.385815 0.906569 0.900831 0.73828 0.143539 0.382767 0.547739 -0.753149 0.487664 0.374167 
-1.06287 0.0782939 0.226027 -0.657595 -0.900103 -0.899477 0.31589 -0.519326 -0.510021 -0.168842 -0.0738194 0.0350536 0.178804 0.657416 -0.172315 -0.485601 0.0223712 -0.00301104 0.0346084 0.690219 0.243479 0.918205 0.898895 0.673307 0.147604 0.385007 0.571664 -0.777211 0.388317 0.401733 
-1.06197 0.0585335 0.227682 -0.744191 -0.891239 -0.859672 0.201641 -0.473682 -0.556114 -0.24023 -0.0779871 0.104695 0.127705 0.65424 -0.181994 -0.481416 0.00545864 0.0288728 0.0343619 0.600758 0.373567 0.914724 0.946967 0.741946 0.143932 0.409085 0.561672 -0.74582 0.490445 0.437085 
-1.0593 0.0843079 0.252607 -0.749253 -0.865687 -0.857953 0.174805 -0.449848 -0.568954 -0.21769 -0.076971 0.108792 0.103977 0.664309 -0.203308 -0.48593 0.0230648 0.0307398 0.0280429 0.597449 0.356596 0.932252 0.961677 0.734797 0.121019 0.397227 0.579298 -0.754323 0.465968 0.42777 
-1.05585 0.0803409 0.243219 -0.738106 -0.876905 -0.863604 0.1969 -0.46436 -0.561943 -0.243546 -0.100594 0.120558 0.14987 0.654838 -0.179374 -0.479551 -0.00197773 0.0429221 0.0379578 0.614749 0.382526 0.894561 0.924307 0.74411 0.159373 0.428727 0.57454 -0.732666 0.515474 0.434327 
-1.06084 0.117491 0.212866 -0.676163 -0.889212 -0.876858 0.271493 -0.486716 -0.536787 -0.183022 -0.110771 0.0399644 0.144001 0.647188 -0.175865 -0.477724 0.00860844 0.0234379 0.0416044 0.6683 0.287682 0.891945 0.919427 0.694239 0.11392 0.398241 0.5523 -0.771414 0.442776 0.402378 
-1.04241 0.109389 0.216248 -0.685518 -0.893836 -0.868951 0.270191 -0.47652 -0.536561 -0.204512 -0.0845497 0.0446527 0.130303 0.62054 -0.200841 -0.483015 -0.00650067 0.0448792 0.061744 0.69513 0.264142 0.88832 0.938784 0.70714 0.117065 0.371299 0.573583 -0.754937 0.446823 0.391951 
-1.0562 0.108209 0.210954 -0.675596 -0.876207 -0.861869 0.253911 -0.49053 -0.519023 -0.157196 -0.126708 0.0194908 0.139871 0.643006 -0.177393 -0.453709 0.0320006 0.0380822 0.0591538 0.645315 0.266214 0.882952 0.920331 0.684798 0.121671 0.413913 0.559683 -0.78722 0.440085 0.391586 
-1.04329 0.0705007 0.206419 -0.69715 -0.926641 -0.862537 0.228555 -0.49106 -0.576737 -0.224915 -0.128664 0.111234 0.152847 0.647438 -0.164185 -0.505187 0.0169157 0.0231315 0.0846392 0.636865 0.295868 0.911208 0.904933 0.743487 0.161639 0.408784 0.589008 -0.77271 0.438199 0.378939 
-1.03185 0.0595871 0.181503 -0.71025 -0.9238 -0.888667 0.242115 -0.494018 -0.568047 -0.20703 -0.122904 0.124263 0.131232 0.6411 -0.163805 -0.4855 0.0256764 0.0173827 0.0718194 0.615154 0.291916 0.914819 0.926825 0.726031 0.177605 0.397869 0.595519 -0.779559 0.433744 0.40575 
-1.05346 0.0520119 0.200488 -0.715471 -0.947597 -0.852937 0.222373 -0.482383 -0.587671 -0.247891 -0.13101 0.114404 0.173999 0.669364 -0.176706 -0.515904 -0.0107358 -0.00152878 0.0603358 0.6581 0.295791 0.903161 0.922482 0.717462 0.1554 0.432611 0.58468 -0.788262 0.451951 0.352537 
-1.06154 0.0961436 0.207273 -0.676608 -0.855025 -0.868472 0.229017 -0.468574 -0.58061 -0.221924 -0.0823444 0.100015 0.120346 0.661822 -0.147851 -0.443432 -0.0136289 0.00446543 0.0446967 0.660747 0.361176 0.914687 0.917838 0.706666 0.136698 0.412911 0.547036 -0.752785 0.482261 0.378537 
-1.05508 0.0989369 0.210585 -0.662535 -0.827806 -0.85198 0.205168 -0.451378 -0.554368 -0.248366 -0.0565689 0.0800199 0.113782 0.636835 -0.138848 -0.463802 -0.0148895 0.0220175 0.0294872 0.678042 0.353292 0.926362 0.898221 0.710063 0.157904 0.399403 0.519711 -0.740504 0.456848 0.387551 
-1.0651 0.106931 0.21628 -0.694456 -0.877268 -0.870605 0.203392 -0.479884 -0.587877 -0.231207 -0.0730103 0.0992451 0.0950504 0.677787 -0.158989 -0.445312 -0.0304529 0.0294021 0.0506298 0.663226 0.387607 0.937196 0.919143 0.731819 0.156813 0.409623 0.558242 -0.754346 0.505182 0.393361 
-1.03867 0.112646 0.21166 -0.661192 -0.913808 -0.849615 0.241353 -0.48682 -0.548763 -0.23307 -0.106244 0.0757188 0.146892 0.68075 -0.138045 -0.46134 -0.0120879 0.0321978 0.0411398 0.65849 0.346467 0.912843 0.922602 0.713237 0.150414 0.41816 0.543282 -0.71681 0.40853 0.37988 
-1.03468 0.108257 0.220663 -0.651272 -0.913769 -0.825006 0.244804 -0.479356 -0.551394 -0.217441 -0.108371 0.0979804 0.147842 0.679759 -0.112967 -0.467949 -0.00984137 0.0240325 0.0326075 0.669241 0.352563 0.903031 0.948584 0.707779 0.126026 0.430346 0.569527 -0.744039 0.435719 0.402701 
-1.0249 0.114389 0.230365 -0.661018 -0.897797 -0.823105 0.248292 -0.466875 -0.57494 -0.232244 -0.0942776 0.0591803 0.167622 0.693268 -0.118938 -0.479538 -0.0142523 0.0308432 0.0314883 0.661371 0.337445 0.927477 0.898326 0.687093 0.16801 0.422805 0.542944 -0.719212 0.38225 0.403074 
-1.01322 0.166276 0.192552 -0.690096 -0.895253 -0.873259 0.236697 -0.492293 -0.537918 -0.177037 -0.0983902 0.043883 0.116304 0.679916 -0.163198 -0.474898 -0.045684 -0.00996561 0.0378713 0.59117 0.298879 0.940772 0.98756 0.702397 0.12164 0.432967 0.579938 -0.77816 0.373464 0.415293 
-0.992339 0.152333 0.173395 -0.713954 -0.881443 -0.876958 0.264077 -0.483777 -0.52299 -0.165323 -0.0876529 0.0489091 0.101582 0.655959 -0.142394 -0.448826 -0.0697258 -0.0123897 0.0168318 0.577385 0.301209 0.949912 0.972115 0.725849 0.0967852 0.45316 0.594262 -0.752509 0.397861 0.427494 
-1.04007 0.175232 0.214752 -0.695492 -0.88104 -0.857269 0.259781 -0.482079 -0.55853 -0.164932 -0.0832163 0.0228641 0.0898706 0.700539 -0.17848 -0.495891 -0.0346872 -0.0085987 0.0602974 0.610952 0.31503 0.959731 0.986319 0.694104 0.103143 0.408524 0.587451 -0.784977 0.390697 0.441786 
-1.04241 0.139504 0.235996 -0.649369 -0.901233 -0.86066 0.231101 -0.49502 -0.578459 -0.21936 -0.146249 0.108523 0.1524 0.676099 -0.111584 -0.505618 0.0315497 0.00213891 0.0621718 0.706583 0.257737 0.884533 0.917533 0.69061 0.151236 0.428042 0.541819 -0.75188 0.440549 0.432204 
-1.06658 0.115255 0.259755 -0.629133 -0.878536 -0.867729 0.229381 -0.48638 -0.591614 -0.1939 -0.150582 0.0829687 0.129152 0.683972 -0.110314 -0.521784 0.0399662 -0.0069618 0.0541546 0.707 0.282664 0.866935 0.925603 0.701935 0.127911 0.401343 0.566616 -0.737284 0.449949 0.456425 
-1.01667 0.156753 0.210638 -0.644546 -0.915405 -0.886081 0.248852 -0.476552 -0.600492 -0.238595 -0.121321 0.114838 0.142188 0.666653 -0.114623 -0.496192 0.023846 0.022372 0.066374 0.705337 0.270212 0.901078 0.932598 0.682204 0.16787 0.418452 0.534712 -0.757956 0.417795 0.417551 
-1.03457 0.144517 0.224133 -0.71657 -0.855625 -0.856162 0.213065 -0.50705 -0.550008 -0.25282 -0.150226 0.0833208 0.140336 0.632879 -0.167007 -0.494126 0.000430979 0.00640319 0.0718421 0.654018 0.328595 0.925051 0.922401 0.708519 0.108015 0.403895 0.529257 -0.752395 0.483094 0.376204 
-1.05103 0.147412 0.21571 -0.732214 -0.881934 -0.829157 0.217733 -0.502164 -0.554553 -0.237436 -0.16335 0.0910588 0.1594 0.649897 -0.175724 -0.494473 0.0138379 0.0221854 0.0647967 0.681425 0.326963 0.917472 0.921044 0.702215 0.0919372 0.394889 0.502954 -0.75412 0.477141 0.367396 
-1.02762 0.16389 0.216708 -0.71954 -0.844331 -0.839015 0.197031 -0.518511 -0.535663 -0.270793 -0.164829 0.078691 0.161035 0.63199 -0.146825 -0.494614 0.0249347 -0.0208882 0.0447645 0.652273 0.301755 0.909152 0.896842 0.717864 0.12879 0.394462 0.516509 -0.761816 0.503139 0.382766 
-1.07236 0.139005 0.189118 -0.727423 -0.904015 -0.899029 0.203631 -0.552967 -0.532167 -0.207456 -0.0874595 0.115046 0.138122 0.653782 -0.213854 -0.489178 0.0560707 0.0274303 0.10948 0.656446 0.321225 0.880862 0.943957 0.728608 0.179636 0.426199 0.540128 -0.728655 0.461926 0.395573 
-1.0524 0.127537 0.167407 -0.752806 -0.879131 -0.918658 0.226623 -0.5695 -0.513306 -0.209918 -0.0617385 0.113315 0.160971 0.642401 -0.236371 -0.506519 0.0428347 0.0394442 0.128936 0.630826 0.306157 0.873406 0.916535 0.752322 0.152971 0.405104 0.526076 -0.754056 0.436355 0.395242 
-1.0586 0.131448 0.170951 -0.737546 -0.887734 -0.877232 0.191267 -0.567625 -0.506485 -0.191318 -0.0756304 0.116996 0.139154 0.675551 -0.192382 -0.48733 0.0457503 0.00445455 0.121564 0.67966 0.295241 0.873286 0.954649 0.702007 0.164225 0.401646 0.554196 -0.722489 0.462725 0.416118 
-1.03655 0.108609 0.215591 -0.688806 -0.89338 -0.851624 0.228855 -0.515022 -0.534723 -0.23325 -0.086951 0.0469435 0.143233 0.663284 -0.175918 -0.462711 0.0300267 -0.0154182 0.0589482 0.607108 0.317377 0.928793 0.956689 0.682672 0.126564 0.44224 0.588068 -0.731384 0.415335 0.393715 
-1.05333 0.117031 0.205331 -0.713828 -0.882746 -0.853115 0.204636 -0.530668 -0.54758 -0.21958 -0.101457 0.0618517 0.129543 0.652863 -0.190421 -0.484397 0.0126078 -0.000936411 0.0532752 0.630464 0.330084 0.953902 0.972533 0.705521 0.114047 0.453937 0.590333 -0.751154 0.391384 0.370916 
-1.01116 0.105149 0.211144 -0.690535 -0.899671 -0.842202 0.215081 -0.492909 -0.535132 -0.258779 -0.100887 0.060708 0.160831 0.639191 -0.167847 -0.462757 0.013069 -0.0346384 0.0538388 0.611515 0.31455 0.901789 0.940564 0.668388 0.151779 0.428943 0.603411 -0.735024 0.429146 0.405388 
-1.05242 0.110885 0.214244 -0.665959 -0.898749 -0.853329 0.216437 -0.475479 -0.552681 -0.233466 -0.0927284 0.0818627 0.135893 0.655851 -0.176296 -0.476577 -0.00984949 0.0317968 0.0389692 0.624532 0.362985 0.914355 0.942508 0.720331 0.146298 0.415416 0.553923 -0.744759 0.446283 0.422094 
-1.03892 0.0929338 0.206882 -0.689344 -0.900363 -0.852956 0.228843 -0.510937 -0.567152 -0.232407 -0.0971077 0.07396 0.152109 0.653744 -0.166302 -0.495158 0.0254643 -0.0115491 0.0604076 0.6246 0.306816 0.926186 0.951249 0.71958 0.153182 0.426539 0.588515 -0.743899 0.437527 0.390193 
-1.04723 0.127253 0.22558 -0.730089 -0.868964 -0.856974 0.205851 -0.483179 -0.552912 -0.252272 -0.144074 0.094605 0.134986 0.647718 -0.179763 -0.48212 0.00143029 0.0190736 0.0397553 0.609688 0.359374 0.917197 0.935153 0.729985 0.137116 0.403987 0.559979 -0.746436 0.489074 0.431233 
-1.05136 0.0633554 0.197608 -0.697665 -0.892929 -0.868078 0.208136 -0.48664 -0.544302 -0.221179 -0.0960159 0.0717905 0.12064 0.672405 -0.167255 -0.475168 -0.0139561 0.0193367 0.0359819 0.59998 0.332288 0.93554 0.977123 0.723407 0.1342 0.421405 0.572487 -0.760406 0.42779 0.425685 
-1.06167 0.0764026 0.224833 -0.7035 -0.858899 -0.86623 0.204258 -0.470198 -0.566213 -0.228482 -0.082064 0.100489 0.120374 0.660989 -0.174763 -0.449034 -0.0130531 0.0228041 0.0357849 0.652615 0.372339 0.914695 0.918107 0.71251 0.139113 0.412401 0.551464 -0.747438 0.48677 0.395171 
-1.03812 0.109762 0.214083 -0.685226 -0.902936 -0.850306 0.229607 -0.495881 -0.537613 -0.233123 -0.0876317 0.048581 0.14417 0.678472 -0.138733 -0.462519 5.19575e-05 0.0278842 0.0498211 0.616261 0.324352 0.919347 0.951634 0.683635 0.147636 0.421915 0.586448 -0.718392 0.411347 0.382569 
-1.06638 0.124761 0.206133 -0.718552 -0.902773 -0.897992 0.249367 -0.521491 -0.535363 -0.192315 -0.10695 0.0844505 0.142992 0.649342 -0.211108 -0.479362 0.0207458 0.0236819 0.0455728 0.660217 0.294713 0.889134 0.928549 0.708684 0.116936 0.419085 0.544283 -0.752901 0.451302 0.396645 
-1.03641 0.143791 0.219243 -0.700028 -0.856511 -0.852136 0.216462 -0.51106 -0.538071 -0.243549 -0.130518 0.0469887 0.143166 0.654075 -0.168295 -0.489375 0.00896913 -0.0107085 0.06662 0.618216 0.321765 0.928204 0.926735 0.68719 0.111296 0.436801 0.548352 -0.732483 0.459554 0.378112 
-1.03603 0.124499 0.218126 -0.708414 -0.896844 -0.850405 0.236508 -0.506816 -0.549358 -0.243885 -0.125119 0.0828195 0.142791 0.635247 -0.159949 -0.48185 7.01138e-05 0.0272629 0.0584469 0.65727 0.341234 0.919986 0.922587 0.713227 0.121214 0.40933 0.531416 -0.729817 0.409093 0.378683 
-1.04282 0.119803 0.218978 -0.690629 -0.885363 -0.874074 0.214998 -0.493013 -0.538162 -0.185995 -0.146706 0.0439357 0.141291 0.644667 -0.174235 -0.490492 0.0012309 0.0187533 0.0671153 0.657949 0.319593 0.925 0.922042 0.695334 0.112193 0.403375 0.531601 -0.764649 0.470697 0.399075 
-1.05634 0.118202 0.204357 -0.679888 -0.885715 -0.870421 0.231237 -0.479551 -0.549091 -0.197331 -0.0921357 0.0640785 0.11782 0.663971 -0.160895 -0.466896 -0.0367722 -0.00600303 0.0422714 0.638994 0.338237 0.922445 0.976908 0.70568 0.12819 0.42522 0.57808 -0.758068 0.439335 0.396848 
-1.03478 0.133008 0.221633 -0.715939 -0.857238 -0.852508 0.230838 -0.496095 -0.549703 -0.244312 -0.106648 0.0812271 0.143164 0.64532 -0.153425 -0.48139 -0.00393799 0.0219706 0.0560629 0.657001 0.335476 0.913252 0.922496 0.70854 0.127501 0.40624 0.538639 -0.752384 0.470455 0.379346 
-1.03127 0.127922 0.202546 -0.691425 -0.901608 -0.87311 0.232245 -0.491448 -0.571577 -0.192825 -0.114903 0.0598984 0.148465 0.675674 -0.163562 -0.488316 -0.00636656 0.0143136 0.0529973 0.634294 0.296155 0.916474 0.950416 0.743033 0.125077 0.418908 0.581643 -0.772873 0.436166 0.408277 
-1.04758 0.14303 0.219232 -0.713181 -0.87188 -0.873747 0.221011 -0.504814 -0.537742 -0.206729 -0.141644 0.0656524 0.140363 0.633204 -0.167805 -0.48052 0.00668145 0.020876 0.0637012 0.667249 0.297614 0.919287 0.919542 0.696782 0.11307 0.400234 0.538434 -0.752537 0.442827 0.390715 
-1.04373 0.132636 0.235963 -0.674865 -0.900562 -0.863552 0.259962 -0.494248 -0.554755 -0.216953 -0.140182 0.0926685 0.146808 0.663381 -0.153988 -0.50265 0.020534 0.0218134 0.0532938 0.672095 0.282039 0.884723 0.919311 0.693452 0.115012 0.41821 0.543506 -0.76762 0.44181 0.419929 
-1.04671 0.126262 0.222645 -0.705434 -0.855513 -0.865526 0.21772 -0.492217 -0.579727 -0.233909 -0.128995 0.0932714 0.125026 0.65727 -0.163483 -0.478663 -0.0105194 0.00474818 0.0652773 0.655773 0.356699 0.922729 0.920702 0.707938 0.127042 0.404107 0.530032 -0.752734 0.48251 0.376798 
-1.04968 0.0677225 0.211528 -0.732917 -0.920111 -0.861114 0.215519 -0.480353 -0.560685 -0.237643 -0.107959 0.107561 0.137421 0.650902 -0.16613 -0.496561 0.00969084 0.0249501 0.0633689 0.633269 0.302555 0.912288 0.924687 0.742802 0.144402 0.40908 0.571822 -0.771812 0.454126 0.421373 
-1.05397 0.0909624 0.20649 -0.687493 -0.859372 -0.865561 0.229013 -0.469933 -0.578158 -0.223175 -0.0896686 0.101175 0.146793 0.651131 -0.150008 -0.496592 -0.0115087 0.0141279 0.066386 0.657202 0.341026 0.911668 0.908855 0.718436 0.151719 0.409542 0.572133 -0.758599 0.447844 0.378818 
-1.03652 0.140997 0.222459 -0.705983 -0.890393 -0.852492 0.218317 -0.514509 -0.538114 -0.245228 -0.134416 0.0754829 0.143017 0.633698 -0.173152 -0.482156 0.0209052 0.00262817 0.0651044 0.62206 0.327278 0.926731 0.951894 0.700718 0.117456 0.409087 0.564042 -0.733069 0.476986 0.383658 
-1.02473 0.147877 0.202262 -0.689426 -0.894339 -0.870543 0.23641 -0.49506 -0.537031 -0.177826 -0.0899607 0.0441185 0.136802 0.666982 -0.164013 -0.474798 -0.0038492 -0.0148384 0.053814 0.594992 0.313681 0.937507 0.972518 0.688209 0.122099 0.433081 0.580874 -0.774776 0.411706 0.393933 
