-1.01373 0.0435472 0.264494 -0.705904 -0.901539 -0.812477 0.315066 -0.542077 -0.533846 -0.179506 -0.152676 0.0342264 0.148749 0.688698 -0.173612 -0.489524 0.0311735 0.0747909 0.0979094 0.560702 0.32449 0.911729 0.960521 0.625686 0.237508 0.404438 0.567206 -0.74459 0.409535 0.392619 
-1.0433 0.119734 0.227587 -0.694706 -0.900026 -0.845092 0.201626 -0.453607 -0.601225 -0.241569 -0.0966059 0.0758364 0.0853027 0.687534 -0.154947 -0.44925 -0.0298024 0.0450747 0.0272773 0.644289 0.401534 0.910445 0.927972 0.727176 0.145383 0.390197 0.576504 -0.737345 0.484518 0.392362 
-1.08275 0.106813 0.27041 -0.707326 -0.900716 -0.86339 0.256 -0.521579 -0.51726 -0.170835 -0.137595 0.0306365 0.105535 0.656575 -0.185149 -0.462602 0.0237101 0.0350385 0.103761 0.583098 0.369558 0.827914 0.920481 0.74814 0.171895 0.400175 0.587865 -0.766053 0.405275 0.385447 
-1.10454 0.0696845 0.170022 -0.741058 -0.917022 -0.854457 0.294166 -0.530695 -0.601383 -0.225948 -0.11444 -0.0264846 0.0862075 0.682032 -0.259544 -0.478912 -0.012977 0.119163 -0.000406964 0.697328 0.283028 0.79704 0.832164 0.610898 0.123966 0.45887 0.554401 -0.806518 0.439174 0.321526 
-1.04845 0.00210923 0.2844 -0.674289 -0.974971 -0.889929 0.264807 -0.534176 -0.517625 -0.222684 -0.130342 0.0603883 0.170065 0.680975 -0.201211 -0.534364 0.0680792 0.0317122 0.0910553 0.655164 0.287094 0.796382 0.93351 0.626356 0.178308 0.466983 0.616423 -0.767202 0.364753 0.351071 
-1.0578 0.0574988 0.250077 -0.732499 -0.852068 -0.850779 0.212786 -0.491453 -0.562292 -0.243032 -0.119545 0.121101 0.148081 0.677855 -0.186062 -0.492524 0.0105883 0.0185952 0.0566011 0.593975 0.365548 0.905884 0.92759 0.745955 0.174932 0.448922 0.549647 -0.729739 0.489215 0.453266 
-1.02009 0.068026 0.254542 -0.692421 -0.975732 -0.815443 0.242691 -0.51389 -0.532713 -0.225634 -0.120805 0.0429985 0.129377 0.676648 -0.16025 -0.432302 0.0521143 -0.0154721 0.067208 0.602142 0.390314 0.854607 0.996796 0.631929 0.158438 0.434522 0.581746 -0.7115 0.449792 0.433238 
-1.09426 0.132103 0.260072 -0.611608 -0.903357 -0.865358 0.207024 -0.48896 -0.568499 -0.178134 -0.141598 0.0861461 0.152328 0.659124 -0.113424 -0.515342 0.0402997 -0.00792224 0.0316562 0.711573 0.298219 0.856391 0.940272 0.690156 0.129168 0.426068 0.548671 -0.75022 0.430628 0.47845 
-1.06881 0.106407 0.270489 -0.671034 -0.92453 -0.831947 0.287089 -0.460193 -0.541772 -0.198497 -0.11195 0.0431985 0.172435 0.692444 -0.178239 -0.458836 0.00554091 0.0259406 0.106619 0.634914 0.304974 0.932277 0.929137 0.717007 0.179905 0.467522 0.537251 -0.72899 0.415596 0.317738 
-1.07386 0.0493184 0.195044 -0.725255 -0.927186 -0.840476 0.209383 -0.496374 -0.540624 -0.250901 -0.104574 0.101005 0.118852 0.643032 -0.180304 -0.513665 0.00371872 0.00543156 0.053347 0.653439 0.284939 0.888117 0.93196 0.720001 0.122722 0.384549 0.577208 -0.761951 0.42896 0.42503 
-1.0939 0.090124 0.245557 -0.60509 -0.924757 -0.888743 0.273155 -0.511522 -0.535281 -0.144883 -0.187872 0.00612321 0.122503 0.729751 -0.202306 -0.443072 0.0599153 0.118733 0.129259 0.613859 0.313148 0.936311 0.943539 0.739602 0.183543 0.405747 0.5888 -0.84432 0.443932 0.370822 
-1.05321 0.0644394 0.230043 -0.670165 -0.898146 -0.897961 0.257105 -0.487115 -0.571132 -0.197986 -0.110683 0.0524617 0.141755 0.677079 -0.172899 -0.462261 0.0214319 0.0826439 0.0244855 0.671369 0.307333 0.878163 0.916064 0.773976 0.142486 0.461871 0.513965 -0.784241 0.380311 0.364323 
-1.04058 0.123631 0.215313 -0.671317 -0.927355 -0.884191 0.252588 -0.514168 -0.605021 -0.234167 -0.127375 0.134164 0.174234 0.682088 -0.126934 -0.488092 0.0253035 -0.015795 0.0628173 0.719413 0.244906 0.875156 0.921817 0.688622 0.178143 0.455316 0.563764 -0.73317 0.416873 0.408086 
-1.09095 0.0563368 0.299706 -0.746926 -0.922245 -0.872261 0.240115 -0.580194 -0.512363 -0.240942 -0.0872992 0.0547423 0.179971 0.649317 -0.176591 -0.494788 0.014314 -0.0418184 0.107074 0.710429 0.348511 0.814676 0.939819 0.6979 0.160745 0.443542 0.587464 -0.737148 0.41982 0.373764 
-1.04406 0.0797413 0.226385 -0.592048 -0.939853 -0.889582 0.232999 -0.521008 -0.48085 -0.256643 -0.187648 0.0152232 0.0924288 0.688361 -0.184255 -0.504314 0.0504987 0.0313116 0.0497454 0.644673 0.275975 0.823831 0.887972 0.677501 0.175641 0.37331 0.5811 -0.682801 0.387996 0.373611 
-1.01947 0.129653 0.238171 -0.685326 -0.917969 -0.867258 0.239725 -0.471885 -0.589377 -0.142594 -0.111827 0.0566557 0.167606 0.661606 -0.161945 -0.456835 0.040393 0.0428314 0.0701438 0.630908 0.32635 0.888656 0.933074 0.676521 0.0815713 0.400283 0.552511 -0.745479 0.42059 0.408158 
-1.02632 0.0851986 0.223112 -0.715054 -0.869813 -0.892632 0.202117 -0.443643 -0.5171 -0.206437 -0.106411 0.122711 0.113161 0.660229 -0.14103 -0.496992 -0.0356571 -0.0398135 0.0650179 0.653787 0.37381 0.942956 0.966691 0.736161 0.147753 0.418573 0.598041 -0.755803 0.490986 0.374096 
-1.02383 0.134364 0.243809 -0.625004 -0.883665 -0.874281 0.271122 -0.514099 -0.638166 -0.256617 -0.15813 0.0637074 0.153134 0.691933 -0.0982625 -0.549293 0.0900064 -0.0148761 0.0807618 0.671261 0.2916 0.906296 0.907329 0.652321 0.168903 0.427825 0.551991 -0.739676 0.420119 0.426782 
-0.996499 0.111221 0.244095 -0.643042 -0.938851 -0.86793 0.257305 -0.502544 -0.535014 -0.209607 -0.105509 0.00214379 0.123822 0.656213 -0.188043 -0.480106 -0.0418517 0.0270799 0.0264469 0.676769 0.271204 0.954917 0.949546 0.705868 0.137628 0.480601 0.609142 -0.778318 0.42544 0.367335 
-1.08625 0.0997416 0.22346 -0.683148 -0.89303 -0.876755 0.247231 -0.466136 -0.546343 -0.174883 -0.100959 0.054119 0.138165 0.669258 -0.186644 -0.461212 -0.0139978 0.0308478 0.0268263 0.672109 0.303365 0.911879 0.914784 0.71086 0.136012 0.414837 0.550324 -0.783837 0.425252 0.417048 
-0.98723 0.138132 0.227204 -0.646337 -0.920368 -0.857448 0.23459 -0.496206 -0.584288 -0.227913 -0.0977871 0.0986922 0.158464 0.674298 -0.124877 -0.458397 0.0366118 0.0204594 0.0400624 0.673634 0.373761 0.928334 0.867161 0.70836 0.127386 0.4022 0.566895 -0.756733 0.42739 0.376459 
-1.03423 0.158817 0.227643 -0.698823 -0.892807 -0.838381 0.247893 -0.476651 -0.556606 -0.180529 -0.104761 0.0258293 0.103262 0.704813 -0.192561 -0.469365 -0.0307289 -0.0347855 0.0814858 0.614674 0.303292 0.933449 0.982265 0.670332 0.0942597 0.390486 0.56991 -0.760342 0.417902 0.4491 
-1.02673 0.0621625 0.210035 -0.713269 -0.901038 -0.851152 0.182942 -0.488976 -0.519164 -0.201449 -0.102373 0.0602476 0.137985 0.68667 -0.1782 -0.464286 -0.0360508 0.0249297 0.0567289 0.596772 0.314379 0.915768 0.999479 0.718912 0.120005 0.446566 0.545296 -0.782663 0.422859 0.447354 
-1.06426 0.150459 0.213403 -0.663873 -0.827203 -0.799892 0.224281 -0.474394 -0.563499 -0.228739 -0.0642192 0.120085 0.126528 0.634972 -0.132697 -0.46584 -0.069559 0.0479203 0.0641726 0.64974 0.398365 0.869217 0.938787 0.701742 0.144082 0.43645 0.534873 -0.736127 0.424222 0.381444 
-1.03988 0.0788217 0.223263 -0.649898 -0.897278 -0.894455 0.18047 -0.410816 -0.576474 -0.215189 -0.165486 0.134209 0.154643 0.658183 -0.225315 -0.49054 0.0653887 0.0830662 0.0306234 0.614782 0.299711 0.916729 0.863997 0.651921 0.126788 0.407249 0.568912 -0.743895 0.381434 0.377399 
-1.03477 0.0602138 0.230969 -0.717532 -0.881406 -0.888855 0.230102 -0.480308 -0.564413 -0.22549 -0.0889667 0.0805681 0.118089 0.688473 -0.171724 -0.46033 -0.0107181 0.00665664 0.0307621 0.661993 0.399571 0.916369 0.935706 0.711244 0.147322 0.395539 0.529873 -0.757255 0.467422 0.399719 
-1.06903 0.127882 0.243081 -0.627337 -0.842107 -0.892207 0.197558 -0.484664 -0.568275 -0.193818 -0.15838 0.0429612 0.161977 0.641478 -0.139546 -0.434746 0.0330644 0.0375953 0.0713074 0.626004 0.273706 0.949121 0.908199 0.707733 0.148113 0.485045 0.527717 -0.741842 0.44597 0.401926 
-1.05151 0.0850488 0.204381 -0.636464 -0.936586 -0.800292 0.236577 -0.468311 -0.527582 -0.241599 -0.118477 0.122579 0.152139 0.680333 -0.115961 -0.447027 -0.00684971 0.0505917 0.0180885 0.687587 0.325878 0.910284 0.929498 0.71814 0.103605 0.434388 0.550704 -0.75794 0.448797 0.379697 
-1.03489 0.151278 0.252035 -0.65652 -0.91678 -0.853028 0.283667 -0.478069 -0.56156 -0.19144 -0.145128 0.0882417 0.166698 0.661976 -0.137458 -0.504407 0.0406818 0.0279107 0.0714527 0.687763 0.308155 0.862535 0.911773 0.708008 0.142759 0.414744 0.544721 -0.76895 0.432829 0.445836 
-1.04532 0.078932 0.227978 -0.678609 -0.841538 -0.827369 0.213598 -0.44697 -0.541695 -0.226385 -0.0623894 0.0843331 0.12439 0.637875 -0.156653 -0.466013 0.00165745 0.0204849 0.0257527 0.668404 0.351095 0.903173 0.876333 0.7277 0.166026 0.386357 0.523634 -0.76329 0.481134 0.378772 
-1.03834 0.151044 0.217537 -0.698871 -0.883597 -0.864848 0.241682 -0.491567 -0.574255 -0.251251 -0.113688 0.106014 0.163606 0.638888 -0.155739 -0.497065 0.00255088 0.0196169 0.0681955 0.673089 0.326464 0.929855 0.947537 0.709647 0.113637 0.411111 0.530717 -0.745275 0.425365 0.38626 
-1.04544 0.112313 0.256589 -0.706528 -0.955769 -0.838877 0.2581 -0.443931 -0.565767 -0.230274 -0.11852 0.0778792 0.122761 0.685176 -0.175788 -0.455398 0.0327527 0.0178048 0.0686251 0.682333 0.255134 0.876265 0.901827 0.680693 0.136844 0.415372 0.580141 -0.776397 0.391321 0.381597 
-1.12598 0.0662529 0.246885 -0.691592 -0.953585 -0.894206 0.212131 -0.522171 -0.554342 -0.208546 -0.125594 0.0846524 0.178686 0.694874 -0.198834 -0.432787 0.0255258 0.00876224 0.110348 0.68965 0.323838 0.89162 0.957379 0.625197 0.207528 0.44229 0.546897 -0.778517 0.47826 0.338676 
-1.02958 0.122883 0.218983 -0.653437 -0.906165 -0.840545 0.223644 -0.466839 -0.546417 -0.22743 -0.08338 0.0715644 0.120996 0.659495 -0.11764 -0.448906 -0.0383589 0.0335737 0.0399558 0.635705 0.322541 0.89078 0.93668 0.73124 0.131344 0.394238 0.522128 -0.706191 0.417209 0.375918 
-1.03766 0.127586 0.195715 -0.622035 -0.908361 -0.885183 0.27729 -0.525998 -0.533373 -0.2373 -0.0767828 0.0630629 0.109729 0.655022 -0.115291 -0.465526 -0.00615651 -0.0273186 0.0511217 0.645885 0.285515 0.9271 0.901884 0.675439 0.120837 0.481062 0.589366 -0.731847 0.43885 0.432546 
-1.08177 0.120599 0.223364 -0.694327 -0.837072 -0.884637 0.20724 -0.450235 -0.595378 -0.224245 -0.107939 0.124275 0.103729 0.664929 -0.120678 -0.419333 -0.0266187 -0.00136257 0.018404 0.670278 0.378812 0.916686 0.899206 0.687493 0.116632 0.397187 0.546465 -0.773814 0.476205 0.399288 
-1.0354 0.113814 0.228686 -0.654232 -0.870132 -0.882623 0.244731 -0.475767 -0.524137 -0.204884 -0.0975989 0.0632398 0.100344 0.670325 -0.154001 -0.474672 -0.0162503 0.00426793 0.0328829 0.647583 0.339168 0.940135 0.962239 0.699312 0.138502 0.42609 0.568492 -0.75781 0.439086 0.422496 
-1.01514 0.0984329 0.205783 -0.692027 -0.912287 -0.844957 0.211023 -0.544942 -0.570521 -0.201031 -0.0707208 0.0823288 0.114662 0.70313 -0.134752 -0.486582 0.0727919 -0.0224389 0.0888802 0.619674 0.384611 0.902773 0.959348 0.719124 0.101713 0.41614 0.492736 -0.786468 0.471816 0.386041 
-1.07043 0.116802 0.189198 -0.717288 -0.87848 -0.902277 0.223966 -0.515673 -0.516453 -0.204818 -0.0988936 0.0708838 0.136861 0.627559 -0.207135 -0.475801 0.015526 0.0157712 0.0218406 0.671373 0.294916 0.876433 0.903502 0.690322 0.141075 0.445101 0.562487 -0.735101 0.46864 0.388439 
-1.0079 0.144264 0.205747 -0.710947 -0.869567 -0.850956 0.213286 -0.480941 -0.570907 -0.266617 -0.11171 0.0999567 0.145929 0.671439 -0.175734 -0.499989 0.00761659 0.0133376 0.083433 0.667595 0.336873 0.908626 0.919412 0.697723 0.131464 0.387253 0.546021 -0.756299 0.479917 0.360729 
-1.06093 0.128092 0.231603 -0.688919 -0.876073 -0.841356 0.242885 -0.449059 -0.509087 -0.221017 -0.0685322 0.0235562 0.149683 0.592981 -0.17924 -0.47292 -0.0138586 0.0266249 0.0701229 0.703214 0.25466 0.885039 0.927501 0.723107 0.121547 0.345682 0.578052 -0.750449 0.421465 0.415531 
-1.02548 0.101546 0.259437 -0.605678 -0.904945 -0.840276 0.259497 -0.492782 -0.580345 -0.21584 -0.165655 0.107289 0.151993 0.700868 -0.116253 -0.534071 0.0447103 -0.0279053 0.0676236 0.690575 0.253786 0.89493 0.899098 0.700831 0.16553 0.492624 0.609852 -0.745996 0.394483 0.424509 
-1.0553 0.0567127 0.187596 -0.702104 -0.931449 -0.853924 0.248191 -0.489262 -0.565637 -0.223251 -0.154547 0.11984 0.126131 0.661035 -0.14993 -0.492231 0.0169241 -0.00214321 0.0597303 0.622947 0.272128 0.895837 0.87822 0.75352 0.182897 0.413507 0.606567 -0.778165 0.434915 0.379557 
-1.04918 0.0898681 0.232226 -0.644754 -0.871194 -0.810939 0.236965 -0.478845 -0.597592 -0.251185 -0.0700756 0.035704 0.158248 0.690833 -0.0934034 -0.453331 0.0130842 0.0514614 0.0402606 0.660676 0.32285 0.922663 0.922272 0.678107 0.191822 0.444605 0.524121 -0.739874 0.369277 0.406745 
-1.08173 0.112774 0.224121 -0.651178 -0.874199 -0.851431 0.171299 -0.488545 -0.536346 -0.232884 -0.108208 0.135125 0.116718 0.638109 -0.135562 -0.51821 0.0531693 0.0157183 0.0668446 0.656306 0.329956 0.873363 0.906732 0.729709 0.120699 0.396158 0.554104 -0.729421 0.439305 0.405022 
-0.993808 0.174136 0.228302 -0.619175 -0.890074 -0.902701 0.257063 -0.494446 -0.624437 -0.261108 -0.111116 0.138254 0.137014 0.661747 -0.122854 -0.480842 0.0359917 0.00464477 0.0436657 0.718762 0.296076 0.875832 0.914671 0.68324 0.158266 0.433955 0.52122 -0.761651 0.430971 0.424086 
-1.03155 0.110644 0.188927 -0.68022 -0.8903 -0.858068 0.209564 -0.490315 -0.579562 -0.250557 -0.114746 0.10275 0.119249 0.654353 -0.161001 -0.473732 0.0059185 0.0144773 0.0482965 0.640935 0.379552 0.917793 0.941441 0.708159 0.129146 0.403916 0.5358 -0.741802 0.468319 0.40304 
-1.04684 0.126558 0.2149 -0.69677 -0.852418 -0.869957 0.239363 -0.527067 -0.517381 -0.188255 -0.149874 0.079171 0.120568 0.632687 -0.174066 -0.492706 0.0193128 0.0298701 0.0373095 0.642851 0.291002 0.900409 0.902759 0.706253 0.119776 0.39911 0.550266 -0.762778 0.465257 0.380713 
-1.0543 0.11609 0.274007 -0.685961 -0.882456 -0.872615 0.219282 -0.434494 -0.538277 -0.274956 -0.10542 0.079777 0.172242 0.664905 -0.142441 -0.43767 0.014855 0.0197008 0.131778 0.660173 0.337939 0.909673 0.926707 0.708224 0.190637 0.437822 0.609572 -0.777653 0.403274 0.371403 
-1.01891 0.103103 0.262247 -0.672893 -0.905773 -0.81985 0.194239 -0.502198 -0.510522 -0.225841 -0.103393 0.0807222 0.169715 0.623827 -0.197499 -0.494906 0.0392445 0.0142108 0.0511926 0.655363 0.271989 0.828671 0.899489 0.703265 0.160947 0.389611 0.584924 -0.769693 0.403332 0.406583 
-0.992339 0.152333 0.173395 -0.713954 -0.881443 -0.876958 0.264077 -0.483777 -0.52299 -0.165323 -0.0876529 0.0489091 0.101582 0.655959 -0.142394 -0.448826 -0.0697258 -0.0123897 0.0168318 0.577385 0.301209 0.949912 0.972115 0.725849 0.0967852 0.45316 0.594262 -0.752509 0.397861 0.427494 
-0.998924 0.177801 0.181872 -0.74145 -0.857463 -0.894416 0.246319 -0.508466 -0.519463 -0.141777 -0.092785 0.026104 0.0980547 0.666481 -0.160368 -0.444382 -0.0469112 -0.00461038 -0.00360614 0.586271 0.315668 0.967129 0.961116 0.728715 0.0769268 0.433642 0.581337 -0.764263 0.390969 0.429144 
-1.0141 0.135617 0.172752 -0.724055 -0.903988 -0.859664 0.260887 -0.471128 -0.545315 -0.171489 -0.0838831 0.0235998 0.110487 0.639048 -0.158735 -0.474793 -0.0934142 -0.0287694 0.0121251 0.574255 0.296699 0.946607 0.993458 0.717824 0.0897484 0.449352 0.578524 -0.74203 0.413738 0.417276 
-1.07834 0.0994302 0.196384 -0.693731 -0.82196 -0.861797 0.254413 -0.499113 -0.525518 -0.205723 -0.06712 0.141229 0.101579 0.705067 -0.140022 -0.427685 -0.0256668 -0.0157565 0.106326 0.648111 0.345598 0.936709 0.930577 0.708056 0.127833 0.379269 0.495663 -0.752557 0.443666 0.385164 
-1.07268 0.0808424 0.222057 -0.696249 -0.826806 -0.86162 0.25446 -0.521276 -0.504906 -0.219137 -0.0712778 0.14199 0.122168 0.718246 -0.126579 -0.450966 -0.0232448 0.00973407 0.0978595 0.639224 0.368278 0.961051 0.95475 0.698055 0.107925 0.365967 0.48967 -0.766948 0.458573 0.375343 
-1.0627 0.115139 0.21156 -0.692699 -0.821797 -0.871147 0.280151 -0.504783 -0.501792 -0.19615 -0.0494972 0.15659 0.0757359 0.682208 -0.120768 -0.410567 -0.0114696 -0.00667913 0.128692 0.674993 0.322257 0.942686 0.931758 0.711737 0.113855 0.39037 0.510512 -0.7296 0.431382 0.372811 
-1.06197 0.0585335 0.227682 -0.744191 -0.891239 -0.859672 0.201641 -0.473682 -0.556114 -0.24023 -0.0779871 0.104695 0.127705 0.65424 -0.181994 -0.481416 0.00545864 0.0288728 0.0343619 0.600758 0.373567 0.914724 0.946967 0.741946 0.143932 0.409085 0.561672 -0.74582 0.490445 0.437085 
-1.0747 0.0726111 0.209876 -0.731432 -0.880556 -0.879077 0.204596 -0.450981 -0.580748 -0.244617 -0.0655026 0.124453 0.138121 0.638963 -0.207202 -0.505256 0.0294325 0.0313587 0.0381683 0.590814 0.399523 0.893784 0.958934 0.759041 0.139056 0.43346 0.562816 -0.727337 0.502567 0.459201 
-1.07147 0.0509031 0.238137 -0.737468 -0.875807 -0.85515 0.193376 -0.49747 -0.545151 -0.254259 -0.0683359 0.121344 0.108735 0.653988 -0.206893 -0.500255 0.0183222 0.0379724 0.0605325 0.618028 0.399847 0.887678 0.948906 0.76024 0.125475 0.409672 0.57802 -0.769868 0.474644 0.45493 
-1.03652 0.140997 0.222459 -0.705983 -0.890393 -0.852492 0.218317 -0.514509 -0.538114 -0.245228 -0.134416 0.0754829 0.143017 0.633698 -0.173152 -0.482156 0.0209052 0.00262817 0.0651044 0.62206 0.327278 0.926731 0.951894 0.700718 0.117456 0.409087 0.564042 -0.733069 0.476986 0.383658 
-1.02257 0.148264 0.218031 -0.705584 -0.872027 -0.856088 0.232912 -0.541007 -0.524237 -0.21785 -0.142247 0.0803293 0.119199 0.653432 -0.196451 -0.502287 0.00886629 -0.0141812 0.0548124 0.596091 0.330093 0.923831 0.978807 0.682626 0.125911 0.394282 0.561447 -0.718143 0.503516 0.359764 
-1.02566 0.160956 0.195011 -0.695077 -0.910321 -0.861402 0.234011 -0.526959 -0.530585 -0.244771 -0.132729 0.0995087 0.15608 0.653578 -0.155185 -0.482244 0.0272773 -0.00990512 0.0893258 0.616604 0.352885 0.941616 0.930303 0.719922 0.136541 0.385136 0.538068 -0.759953 0.499197 0.37347 
-1.03812 0.109762 0.214083 -0.685226 -0.902936 -0.850306 0.229607 -0.495881 -0.537613 -0.233123 -0.0876317 0.048581 0.14417 0.678472 -0.138733 -0.462519 5.19575e-05 0.0278842 0.0498211 0.616261 0.324352 0.919347 0.951634 0.683635 0.147636 0.421915 0.586448 -0.718392 0.411347 0.382569 
-1.05751 0.102804 0.200264 -0.669967 -0.884415 -0.846086 0.206858 -0.488339 -0.526099 -0.254662 -0.106889 0.0745551 0.121337 0.680751 -0.124353 -0.45923 -6.8306e-05 0.00402177 0.0494374 0.595863 0.31335 0.903472 0.930547 0.684548 0.166792 0.441501 0.582497 -0.700693 0.410235 0.380454 
-1.05048 0.0978642 0.213348 -0.675782 -0.877393 -0.867342 0.253573 -0.489478 -0.533893 -0.223575 -0.0710534 0.033248 0.156119 0.692802 -0.16564 -0.488171 0.00126354 0.00423162 0.0748927 0.627959 0.321181 0.901317 0.935502 0.66673 0.145199 0.44817 0.569544 -0.708496 0.416605 0.390994 
-1.06287 0.0782939 0.226027 -0.657595 -0.900103 -0.899477 0.31589 -0.519326 -0.510021 -0.168842 -0.0738194 0.0350536 0.178804 0.657416 -0.172315 -0.485601 0.0223712 -0.00301104 0.0346084 0.690219 0.243479 0.918205 0.898895 0.673307 0.147604 0.385007 0.571664 -0.777211 0.388317 0.401733 
-1.05477 0.0820086 0.212037 -0.668216 -0.878432 -0.9224 0.301118 -0.503359 -0.51069 -0.170112 -0.0538659 0.0229289 0.200756 0.647397 -0.192171 -0.503944 0.0126823 0.0185687 0.0310958 0.693927 0.249344 0.910911 0.921717 0.661802 0.163712 0.358817 0.580739 -0.762377 0.379233 0.387496 
-1.07975 0.0882999 0.20865 -0.649796 -0.884084 -0.909299 0.332984 -0.491905 -0.512475 -0.142459 -0.0708564 0.0515739 0.187531 0.645869 -0.159999 -0.460537 0.045301 -0.0147962 0.0539197 0.691924 0.21811 0.926776 0.889332 0.682233 0.128687 0.374058 0.596291 -0.752861 0.386825 0.425101 
-1.03185 0.0595871 0.181503 -0.71025 -0.9238 -0.888667 0.242115 -0.494018 -0.568047 -0.20703 -0.122904 0.124263 0.131232 0.6411 -0.163805 -0.4855 0.0256764 0.0173827 0.0718194 0.615154 0.291916 0.914819 0.926825 0.726031 0.177605 0.397869 0.595519 -0.779559 0.433744 0.40575 
-1.04829 0.0588366 0.168765 -0.703891 -0.94455 -0.893317 0.237257 -0.482794 -0.581717 -0.222339 -0.134273 0.134757 0.150307 0.668157 -0.160294 -0.467634 0.0202243 -7.82162e-05 0.0798148 0.604441 0.264412 0.916678 0.902419 0.737737 0.164842 0.422932 0.576589 -0.784153 0.455976 0.395248 
-1.05754 0.0406163 0.186822 -0.715878 -0.912144 -0.891643 0.220178 -0.470951 -0.553833 -0.212981 -0.149388 0.10246 0.114919 0.642179 -0.152351 -0.477639 0.0496129 -0.0034768 0.0932897 0.610795 0.304777 0.889725 0.908092 0.726889 0.171615 0.411525 0.58208 -0.798572 0.438932 0.421791 
-1.03127 0.127922 0.202546 -0.691425 -0.901608 -0.87311 0.232245 -0.491448 -0.571577 -0.192825 -0.114903 0.0598984 0.148465 0.675674 -0.163562 -0.488316 -0.00636656 0.0143136 0.0529973 0.634294 0.296155 0.916474 0.950416 0.743033 0.125077 0.418908 0.581643 -0.772873 0.436166 0.408277 
-1.04377 0.103427 0.224486 -0.702836 -0.881372 -0.898514 0.235792 -0.502048 -0.593743 -0.209932 -0.0998305 0.0825568 0.140211 0.651439 -0.185352 -0.504683 -0.0152728 -0.00729412 0.042498 0.654789 0.320265 0.927617 0.935005 0.750979 0.148993 0.436691 0.590513 -0.754735 0.416674 0.402115 
-1.03736 0.127892 0.2223 -0.676596 -0.881661 -0.869932 0.252135 -0.466354 -0.590798 -0.167077 -0.0977468 0.0438167 0.169739 0.670464 -0.186593 -0.475555 -0.0294537 0.0120111 0.0324674 0.61329 0.310867 0.89613 0.935535 0.753378 0.113412 0.407456 0.579966 -0.786375 0.450815 0.425502 
-1.03641 0.143791 0.219243 -0.700028 -0.856511 -0.852136 0.216462 -0.51106 -0.538071 -0.243549 -0.130518 0.0469887 0.143166 0.654075 -0.168295 -0.489375 0.00896913 -0.0107085 0.06662 0.618216 0.321765 0.928204 0.926735 0.68719 0.111296 0.436801 0.548352 -0.732483 0.459554 0.378112 
-1.01394 0.170629 0.199317 -0.72637 -0.883423 -0.826189 0.197159 -0.499795 -0.523071 -0.232335 -0.131502 0.0508926 0.127685 0.672813 -0.179552 -0.512219 0.0107188 -0.0370857 0.0751069 0.614828 0.318387 0.938159 0.917255 0.670632 0.109765 0.432565 0.56133 -0.727682 0.471469 0.40438 
-1.05232 0.171162 0.215827 -0.684124 -0.852967 -0.847696 0.243463 -0.533041 -0.557217 -0.252463 -0.155597 0.073703 0.16619 0.640265 -0.179508 -0.499307 0.0214084 0.00289328 0.0571127 0.642486 0.310407 0.91911 0.937618 0.66145 0.121686 0.419099 0.542648 -0.75279 0.440416 0.36082 
-1.01322 0.166276 0.192552 -0.690096 -0.895253 -0.873259 0.236697 -0.492293 -0.537918 -0.177037 -0.0983902 0.043883 0.116304 0.679916 -0.163198 -0.474898 -0.045684 -0.00996561 0.0378713 0.59117 0.298879 0.940772 0.98756 0.702397 0.12164 0.432967 0.579938 -0.77816 0.373464 0.415293 
-1.03911 0.165544 0.185262 -0.666119 -0.917 -0.888189 0.247623 -0.477411 -0.553123 -0.187408 -0.0806191 0.0683736 0.110337 0.667907 -0.168804 -0.477652 -0.0277222 0.014005 0.0492693 0.571569 0.293646 0.937383 1.003 0.678632 0.139519 0.423102 0.588139 -0.790639 0.366997 0.417519 
-1.00127 0.161534 0.19625 -0.683879 -0.902363 -0.887332 0.242427 -0.483013 -0.531495 -0.156497 -0.106248 0.0258905 0.13915 0.658583 -0.158402 -0.50054 -0.0311653 0.00447885 0.0243677 0.609812 0.309604 0.957454 0.968686 0.685297 0.123053 0.419221 0.583726 -0.758628 0.367999 0.404558 
-1.03643 0.0745139 0.201295 -0.707006 -0.900963 -0.856878 0.23757 -0.498727 -0.54264 -0.211471 -0.132088 0.105502 0.135111 0.636866 -0.164236 -0.484042 0.0223286 0.013162 0.0702826 0.621085 0.294658 0.922515 0.945573 0.716151 0.162558 0.398067 0.565057 -0.76073 0.444399 0.394937 
-1.03582 0.105781 0.20565 -0.697658 -0.921464 -0.852525 0.236492 -0.495311 -0.565243 -0.211776 -0.111264 0.0569243 0.135626 0.649243 -0.145427 -0.479224 0.00638442 0.021665 0.0591875 0.615759 0.299803 0.918582 0.931354 0.692435 0.176053 0.413222 0.592474 -0.736997 0.411402 0.390742 
-1.06014 0.106989 0.197701 -0.690055 -0.886503 -0.851485 0.250165 -0.498798 -0.528568 -0.220111 -0.0807723 0.135392 0.112052 0.703631 -0.139108 -0.431106 -0.0168176 -0.0111674 0.105755 0.616821 0.333285 0.935371 0.944222 0.707908 0.14366 0.412187 0.56 -0.750645 0.442242 0.384098 
-1.03557 0.10659 0.225829 -0.69896 -0.892053 -0.861811 0.203946 -0.480084 -0.561489 -0.200089 -0.0947994 0.101635 0.147538 0.670162 -0.167272 -0.487814 0.00108805 0.0169383 0.0358223 0.631771 0.317884 0.914973 0.947184 0.742805 0.130017 0.411979 0.57336 -0.765257 0.480889 0.417972 
-1.00651 0.119647 0.202504 -0.691313 -0.888338 -0.867664 0.249047 -0.490409 -0.524637 -0.204319 -0.0876432 0.0488091 0.135468 0.656833 -0.142161 -0.455406 -0.00523088 0.0236565 0.029521 0.584437 0.32095 0.926543 0.966108 0.694539 0.140866 0.440256 0.592167 -0.730624 0.405423 0.393748 
-1.05546 0.0913094 0.223636 -0.682051 -0.900144 -0.891377 0.246494 -0.498867 -0.528535 -0.192567 -0.0774404 0.0395971 0.158068 0.659354 -0.151948 -0.466897 0.0181155 0.0254843 0.0371576 0.675667 0.30703 0.91875 0.904548 0.683273 0.147614 0.392595 0.578575 -0.726227 0.394627 0.386892 
-1.07148 0.166039 0.193887 -0.693036 -0.867744 -0.867928 0.248096 -0.496912 -0.53343 -0.180627 -0.0947701 0.0888475 0.106571 0.699968 -0.14912 -0.474694 -0.0280288 -0.014131 0.0402299 0.64506 0.320707 0.937391 0.9538 0.704833 0.122677 0.422772 0.519536 -0.763712 0.417211 0.392785 
-1.05285 0.0875236 0.218193 -0.742471 -0.900556 -0.856447 0.222951 -0.487942 -0.551568 -0.238325 -0.0809778 0.0627072 0.130827 0.67845 -0.178702 -0.471651 0.0021502 0.0284315 0.0387703 0.605904 0.340696 0.9165 0.948511 0.727517 0.145235 0.41608 0.57142 -0.733602 0.443075 0.416968 
-1.03743 0.117152 0.203843 -0.690619 -0.902774 -0.865202 0.230063 -0.492838 -0.540931 -0.209744 -0.0968285 0.0569603 0.146344 0.677418 -0.162642 -0.475779 -0.00478806 0.0238039 0.0525536 0.620153 0.297788 0.919032 0.951341 0.688638 0.139354 0.421317 0.585764 -0.755539 0.423723 0.403694 
-1.03565 0.135083 0.212252 -0.695632 -0.875997 -0.863406 0.219466 -0.510255 -0.554085 -0.202148 -0.115523 0.0539012 0.146187 0.669001 -0.166173 -0.488587 0.00645689 -0.010455 0.0587014 0.624327 0.304583 0.923599 0.946985 0.734848 0.117882 0.43143 0.555887 -0.744562 0.444304 0.40701 
-1.07522 0.0945739 0.215594 -0.690372 -0.826308 -0.891307 0.314892 -0.507287 -0.516509 -0.194337 -0.0724133 0.127594 0.153798 0.691618 -0.162549 -0.429525 -0.00949696 -0.0134162 0.066053 0.689349 0.344934 0.935841 0.927799 0.676829 0.143079 0.383399 0.549379 -0.7742 0.405016 0.394447 
-1.04462 0.0971798 0.22263 -0.731554 -0.894766 -0.872608 0.226664 -0.488907 -0.571531 -0.197032 -0.106447 0.0751865 0.135386 0.662156 -0.177208 -0.487555 0.00123355 0.0284124 0.0389242 0.623828 0.323992 0.916058 0.949156 0.742482 0.131126 0.410971 0.579784 -0.767368 0.478033 0.420121 
-1.03722 0.122029 0.221522 -0.70416 -0.900835 -0.851074 0.22212 -0.504483 -0.537835 -0.243185 -0.0931842 0.0723527 0.143129 0.649373 -0.160846 -0.480862 0.00162227 0.0041555 0.0605021 0.619896 0.324491 0.925513 0.951855 0.688777 0.128246 0.410887 0.564257 -0.720533 0.425816 0.383486 
-1.0264 0.147783 0.198555 -0.690634 -0.899339 -0.873135 0.234623 -0.491903 -0.554732 -0.182929 -0.110175 0.0583606 0.124977 0.676786 -0.163329 -0.484092 -0.0311925 9.29021e-05 0.0528721 0.621568 0.297241 0.929254 0.966933 0.722348 0.124822 0.420047 0.581021 -0.773639 0.422034 0.409958 
-1.01683 0.157421 0.207252 -0.698321 -0.890638 -0.871282 0.219792 -0.510891 -0.538012 -0.189676 -0.107516 0.0639586 0.134308 0.650925 -0.17024 -0.480708 0.0128433 -0.00500966 0.0605967 0.59435 0.300357 0.930943 0.96647 0.700901 0.119675 0.41193 0.577947 -0.775985 0.468438 0.400516 
-1.04014 0.162915 0.194994 -0.69024 -0.845775 -0.86497 0.237057 -0.494076 -0.535092 -0.198315 -0.0942571 0.0672506 0.108623 0.686364 -0.146326 -0.45277 -0.0381407 -0.0139171 0.0956998 0.640955 0.328293 0.93848 0.951798 0.703897 0.124431 0.382401 0.526246 -0.755703 0.381795 0.401558 
-1.03146 0.0728164 0.191641 -0.691983 -0.920668 -0.885294 0.238354 -0.493203 -0.569519 -0.201372 -0.120012 0.114041 0.137124 0.659256 -0.163565 -0.487174 0.017073 0.0147313 0.0530576 0.628856 0.293474 0.915185 0.944132 0.73275 0.132118 0.417813 0.585078 -0.775813 0.435686 0.405951 
-1.03477 0.135726 0.207088 -0.699865 -0.869478 -0.865487 0.228749 -0.495887 -0.57095 -0.222486 -0.120125 0.0566435 0.144011 0.671468 -0.165947 -0.488814 -0.0023761 0.00520689 0.0630371 0.630684 0.315631 0.926811 0.950216 0.704398 0.115042 0.435159 0.568701 -0.75314 0.440638 0.40387 
-1.03268 0.139464 0.205033 -0.692222 -0.879108 -0.863105 0.216757 -0.501714 -0.559719 -0.218078 -0.117741 0.0484018 0.147146 0.673146 -0.167335 -0.488396 0.00452131 0.000824301 0.0644629 0.623711 0.308967 0.922031 0.933034 0.715759 0.113003 0.435789 0.575375 -0.771546 0.439439 0.381868 
-1.00616 0.12539 0.202336 -0.68639 -0.898791 -0.892396 0.288652 -0.501454 -0.517333 -0.166125 -0.0863278 0.0437785 0.112502 0.656188 -0.156585 -0.458524 -0.0274324 -0.00575894 0.0264171 0.678876 0.270165 0.923994 0.940274 0.674005 0.105712 0.43563 0.582849 -0.773487 0.394438 0.410182 
