-1.03792 0.119292 0.212577 -0.683003 -0.869915 -0.916377 0.243931 -0.495527 -0.602337 -0.182318 -0.124285 0.102461 0.145314 0.626918 -0.208179 -0.514122 -0.027402 -0.0115754 0.0648644 0.657855 0.302379 0.915178 0.943284 0.732755 0.123028 0.424167 0.592507 -0.740371 0.39063 0.406089 
-1.05521 0.131391 0.217623 -0.665181 -0.807564 -0.783841 0.242331 -0.488623 -0.571768 -0.215948 -0.0562309 0.0988612 0.108722 0.656467 -0.123529 -0.483991 -0.0932378 0.0218906 0.0546672 0.663513 0.376986 0.843609 0.945515 0.695483 0.168115 0.460382 0.520349 -0.716426 0.449529 0.366497 
-1.04851 0.0705656 0.241316 -0.75194 -0.901657 -0.876775 0.221735 -0.465949 -0.544718 -0.215917 -0.0942113 0.101384 0.12164 0.660011 -0.201855 -0.461225 0.0124804 0.0249049 0.0622046 0.632729 0.302778 0.937279 0.92591 0.734385 0.156414 0.389552 0.565505 -0.764752 0.4856 0.419554 
-1.06099 0.124763 0.240797 -0.698163 -0.905971 -0.889907 0.258465 -0.467566 -0.542809 -0.170456 -0.114067 0.0575803 0.119191 0.679808 -0.174208 -0.475331 -0.010761 0.00685397 0.0278718 0.658934 0.326052 0.931533 0.888345 0.69044 0.137088 0.393971 0.569359 -0.779657 0.430541 0.393237 
-1.05038 0.151247 0.230359 -0.6292 -0.844193 -0.899353 0.180103 -0.50644 -0.560404 -0.170679 -0.173927 0.0503069 0.172142 0.667265 -0.138755 -0.445361 0.0406333 0.0499239 0.0442203 0.623255 0.298766 0.974081 0.925206 0.68362 0.123528 0.473526 0.554946 -0.735739 0.423511 0.387079 
-1.10082 0.0848552 0.214708 -0.702992 -0.804549 -0.851451 0.256349 -0.475383 -0.529286 -0.196235 -0.0829374 0.146025 0.127647 0.725337 -0.163822 -0.410507 -0.0138041 -0.0126651 0.0832236 0.669629 0.322705 0.923529 0.950341 0.710267 0.11085 0.359778 0.479028 -0.746556 0.442493 0.374885 
-1.02521 0.0737437 0.252606 -0.701655 -0.895827 -0.888693 0.202773 -0.461378 -0.586153 -0.22276 -0.0807264 0.097656 0.117408 0.671742 -0.159418 -0.469533 -0.00558673 0.0111456 0.0215015 0.656991 0.383655 0.924642 0.95295 0.721957 0.169509 0.419213 0.539298 -0.732219 0.444693 0.420232 
-1.07445 0.0301146 0.271612 -0.730241 -0.854122 -0.844174 0.225775 -0.469396 -0.576349 -0.25308 -0.1163 0.114969 0.15175 0.675934 -0.188386 -0.486783 -0.000823452 0.0462734 0.0584584 0.611348 0.359784 0.923854 0.928532 0.747109 0.182312 0.469737 0.538334 -0.726529 0.467989 0.451812 
-0.977612 0.0947053 0.230596 -0.650747 -0.956821 -0.844119 0.243143 -0.503902 -0.529883 -0.231901 -0.132713 -0.0193249 0.104028 0.665174 -0.193858 -0.492888 -0.0296035 0.0480956 0.0237059 0.663132 0.252468 0.975965 0.964685 0.725978 0.134694 0.482742 0.599363 -0.773119 0.400149 0.391951 
-1.05248 0.0999045 0.18774 -0.674498 -0.938358 -0.856521 0.241996 -0.478914 -0.575948 -0.231804 -0.0885005 0.0783828 0.117812 0.671305 -0.148925 -0.501453 -0.0169306 0.0264204 0.0450188 0.597284 0.324156 0.896999 0.930556 0.696055 0.185006 0.438136 0.576756 -0.728899 0.413122 0.396488 
-1.0619 0.126509 0.275915 -0.645219 -0.944513 -0.873453 0.257393 -0.466676 -0.579529 -0.173996 -0.144939 0.0641625 0.154087 0.664106 -0.154035 -0.504369 0.0573529 0.00673067 0.0625038 0.687543 0.306062 0.847753 0.924035 0.722052 0.158664 0.388662 0.54131 -0.766271 0.431714 0.421788 
-1.07185 0.147679 0.228223 -0.697656 -0.832519 -0.90043 0.201806 -0.424873 -0.613797 -0.235045 -0.111616 0.10226 0.120902 0.674632 -0.133606 -0.428796 -0.0493594 -0.00882705 0.000358175 0.658394 0.376752 0.930802 0.913414 0.706749 0.0965333 0.409427 0.544119 -0.778176 0.475691 0.384082 
-1.03486 0.10267 0.210638 -0.677786 -0.919861 -0.847869 0.212612 -0.51894 -0.557041 -0.217929 -0.0759531 0.0328698 0.128449 0.683233 -0.125327 -0.471862 -0.00620929 0.00460234 0.0220732 0.635875 0.320189 0.932908 0.977585 0.705392 0.174475 0.438527 0.568876 -0.7031 0.436683 0.407189 
-1.0248 0.162939 0.173808 -0.706614 -0.890166 -0.873197 0.233975 -0.477764 -0.53867 -0.196276 -0.0957379 0.0206175 0.13829 0.671076 -0.187759 -0.497108 -0.068169 -0.0106466 0.0489308 0.607802 0.279493 0.919473 0.984935 0.704114 0.137722 0.452697 0.606756 -0.787429 0.37136 0.401621 
-1.03037 0.0535169 0.248138 -0.696949 -0.826359 -0.813826 0.191937 -0.465313 -0.515617 -0.210858 -0.0548922 0.0894997 0.112782 0.617989 -0.140948 -0.446223 0.0230281 0.0227837 0.0261247 0.684542 0.328947 0.930814 0.855406 0.708933 0.139107 0.381605 0.511495 -0.749038 0.490664 0.386552 
-1.03597 0.089205 0.241157 -0.664959 -0.959987 -0.838964 0.223733 -0.501867 -0.529397 -0.201374 -0.139301 0.0546616 0.148748 0.676695 -0.173974 -0.457333 0.0347366 -0.0424911 0.0489911 0.598899 0.387749 0.86808 0.97816 0.648245 0.150465 0.412645 0.573681 -0.690121 0.464298 0.433404 
-1.05703 0.11609 0.224946 -0.627689 -0.927164 -0.848978 0.233212 -0.442092 -0.56063 -0.232323 -0.101833 0.079925 0.10507 0.653972 -0.0991193 -0.434721 -0.0375859 0.0489874 0.0597666 0.652324 0.344728 0.91728 0.936846 0.709902 0.137115 0.416359 0.513787 -0.718288 0.402207 0.354948 
-1.02933 0.0883462 0.216103 -0.66562 -0.884049 -0.8872 0.205406 -0.436605 -0.588322 -0.228326 -0.166612 0.137948 0.127801 0.654526 -0.252519 -0.507502 0.070371 0.0711282 0.0089802 0.627611 0.296969 0.9377 0.840071 0.628196 0.143482 0.398101 0.581218 -0.723588 0.366115 0.377021 
-1.04192 0.0653632 0.202086 -0.682927 -0.904072 -0.918681 0.237291 -0.512036 -0.530798 -0.183167 -0.101606 0.0629353 0.168232 0.650733 -0.167011 -0.469694 0.0278591 0.0321086 0.047239 0.660596 0.284381 0.897496 0.908577 0.698277 0.123841 0.368262 0.576118 -0.748913 0.410612 0.370963 
-1.06092 0.105406 0.21949 -0.675054 -0.895108 -0.85558 0.257464 -0.480686 -0.528877 -0.236889 -0.0853643 0.0400497 0.152092 0.682341 -0.156431 -0.511472 -0.0112762 -0.00181993 0.06833 0.603201 0.31317 0.878725 0.909313 0.67756 0.140175 0.475786 0.585177 -0.720489 0.406381 0.397695 
-1.1102 0.125348 0.272777 -0.636948 -0.899988 -0.889191 0.221603 -0.472218 -0.596277 -0.19017 -0.139261 0.0826715 0.143701 0.635362 -0.0998334 -0.54194 0.0178927 -0.0300351 0.0252877 0.698814 0.291553 0.853087 0.953133 0.67792 0.102357 0.430566 0.542279 -0.753261 0.455874 0.463329 
-1.03474 0.079077 0.204306 -0.717021 -0.915938 -0.887607 0.249382 -0.507978 -0.564198 -0.21157 -0.0977605 0.0875751 0.116087 0.669763 -0.166519 -0.471731 0.0326598 -0.0127536 0.0757819 0.64658 0.293538 0.915662 0.929949 0.719361 0.111062 0.391758 0.577333 -0.803119 0.448095 0.422605 
-1.02504 0.100518 0.238767 -0.650951 -0.924639 -0.820737 0.192895 -0.510373 -0.512611 -0.25116 -0.0809919 0.0798211 0.142334 0.610592 -0.22129 -0.521327 0.0249964 0.0112536 0.0727426 0.647421 0.248789 0.844591 0.904115 0.712868 0.155908 0.37241 0.594642 -0.781486 0.4234 0.415515 
-1.04448 0.153529 0.243017 -0.622984 -0.860925 -0.876 0.266908 -0.510187 -0.663534 -0.278122 -0.142722 0.042094 0.127738 0.68435 -0.0763452 -0.550694 0.0907311 0.0124419 0.0713583 0.698421 0.295311 0.901165 0.911699 0.638821 0.152401 0.439132 0.53114 -0.718164 0.438419 0.407718 
-1.04124 0.0716533 0.231863 -0.693278 -0.896732 -0.87577 0.156672 -0.512958 -0.513484 -0.222494 -0.0872325 0.0808173 0.112377 0.698729 -0.155147 -0.482979 -0.0299432 0.0223534 0.0318507 0.605546 0.334623 0.894957 1.01734 0.713605 0.134817 0.455199 0.543932 -0.786079 0.404588 0.457315 
-1.04639 0.0378369 0.185789 -0.727949 -0.907036 -0.869999 0.233248 -0.484763 -0.542577 -0.192346 -0.13351 0.128062 0.128656 0.622663 -0.127759 -0.495881 0.0710733 0.0143039 0.108147 0.624913 0.310986 0.910088 0.929885 0.742028 0.16186 0.388074 0.576664 -0.772798 0.417294 0.44036 
-1.05284 0.123786 0.200494 -0.675518 -0.88084 -0.874848 0.257075 -0.440041 -0.578419 -0.165966 -0.110113 0.0710992 0.172877 0.684624 -0.177965 -0.469829 -0.02682 0.0177438 0.0499475 0.607484 0.328165 0.922932 0.961533 0.728966 0.0870379 0.383172 0.585634 -0.787561 0.4257 0.410508 
-1.05219 0.0637429 0.229248 -0.678382 -0.814688 -0.875706 0.247277 -0.546237 -0.518564 -0.231809 -0.070119 0.150897 0.123644 0.718673 -0.10428 -0.464577 -0.0221214 -0.0160387 0.125397 0.619084 0.351072 0.951077 0.968308 0.672404 0.126491 0.3433 0.487817 -0.765374 0.432984 0.388152 
-1.03694 0.0571147 0.255304 -0.764881 -0.863781 -0.844836 0.185292 -0.474793 -0.575111 -0.226469 -0.0683129 0.115795 0.101319 0.627875 -0.161755 -0.454047 0.0228965 0.0464568 0.0221762 0.590573 0.386652 0.913283 0.953436 0.751129 0.145817 0.398191 0.588959 -0.761746 0.508673 0.417065 
-1.03657 0.106918 0.212105 -0.710709 -0.890128 -0.868109 0.256968 -0.475612 -0.555493 -0.204532 -0.13549 0.0449047 0.162451 0.652651 -0.145364 -0.51602 -0.0103941 0.0394685 0.0332183 0.622723 0.290095 0.902358 0.977696 0.755023 0.112299 0.44279 0.581089 -0.784496 0.430102 0.426947 
-1.02975 0.129599 0.246936 -0.662986 -0.850967 -0.90818 0.25796 -0.467301 -0.550775 -0.200275 -0.0947871 0.0357002 0.127231 0.695114 -0.149989 -0.470564 -0.0190322 -0.00870002 0.0412697 0.631066 0.340752 0.923384 0.974783 0.683875 0.125392 0.437117 0.585523 -0.758408 0.423712 0.418303 
-1.00876 0.0710414 0.225164 -0.697491 -0.927708 -0.856068 0.235283 -0.510145 -0.516011 -0.20872 -0.150723 0.119445 0.11005 0.640738 -0.154332 -0.460406 0.0184617 0.0317298 0.052629 0.640254 0.282808 0.922 0.93203 0.705054 0.157401 0.371265 0.566368 -0.76305 0.435634 0.378482 
-1.0613 0.0610648 0.239029 -0.618698 -0.965822 -0.900349 0.254568 -0.515212 -0.463897 -0.247235 -0.175616 0.00393006 0.113835 0.692375 -0.16894 -0.531898 0.0263952 0.0334776 0.0745903 0.63758 0.29271 0.831765 0.883324 0.689068 0.150251 0.380084 0.58797 -0.691149 0.404419 0.400149 
-1.06152 0.0453131 0.193736 -0.720469 -0.861218 -0.905093 0.230057 -0.476124 -0.607212 -0.257513 -0.0789599 0.136167 0.162031 0.653431 -0.19971 -0.491073 0.0562817 0.0348619 0.050608 0.581662 0.402801 0.893664 0.939758 0.7561 0.12376 0.455828 0.566417 -0.714873 0.524156 0.446898 
-1.06191 0.186257 0.201304 -0.686049 -0.861644 -0.869589 0.24771 -0.516536 -0.517878 -0.175286 -0.111967 0.0703311 0.124048 0.699497 -0.133528 -0.447512 -0.0318562 -0.013265 0.0144663 0.63651 0.328067 0.940458 0.953824 0.706675 0.113642 0.426264 0.543192 -0.758347 0.400298 0.400706 
-1.06616 0.0679164 0.170698 -0.70375 -0.909028 -0.847846 0.270109 -0.507454 -0.562345 -0.242254 -0.151769 0.125926 0.136856 0.653166 -0.163256 -0.497259 -0.00697576 0.00486696 0.0732467 0.607791 0.261114 0.870974 0.86594 0.747712 0.173109 0.439204 0.595414 -0.780906 0.415896 0.360235 
-1.02698 0.0991827 0.175924 -0.678847 -0.885086 -0.895997 0.307996 -0.479321 -0.530331 -0.188363 -0.0871277 0.0613252 0.120547 0.672027 -0.172573 -0.468315 -0.00608606 -0.00577879 0.0463596 0.661746 0.261281 0.898413 0.967208 0.652034 0.0951687 0.446511 0.573883 -0.800499 0.415618 0.388174 
-1.00986 0.15462 0.229679 -0.687227 -0.910366 -0.871474 0.194833 -0.523787 -0.530575 -0.272293 -0.156912 0.059502 0.147491 0.660744 -0.193677 -0.482551 -0.000245069 -0.000361495 0.0458386 0.637698 0.311189 0.954095 0.960308 0.705232 0.0913131 0.419628 0.56944 -0.733694 0.496164 0.399915 
-1.02353 0.149954 0.210723 -0.674904 -0.877893 -0.849602 0.256816 -0.500718 -0.540341 -0.203963 -0.11539 0.000689608 0.104629 0.694689 -0.219883 -0.490007 -0.053793 -0.0519352 0.058763 0.629715 0.29026 0.940162 0.960572 0.674681 0.0747972 0.380293 0.596155 -0.781831 0.440855 0.460965 
-1.06874 0.112352 0.194524 -0.70664 -0.874557 -0.827099 0.227595 -0.50309 -0.549115 -0.200175 -0.0915827 0.124814 0.0907037 0.718174 -0.140705 -0.410779 0.00936054 -0.0135573 0.0939834 0.607635 0.356967 0.930113 0.933202 0.725802 0.160228 0.393652 0.568063 -0.755579 0.467523 0.397732 
-1.05656 0.097996 0.198293 -0.69976 -0.887511 -0.847432 0.213416 -0.499766 -0.522688 -0.252517 -0.0717479 0.0790405 0.119519 0.656968 -0.133283 -0.471235 -0.0155847 -0.0158084 0.0875658 0.620378 0.32998 0.898396 0.932784 0.664182 0.115818 0.383952 0.543691 -0.701011 0.430795 0.403256 
-1.02092 0.134961 0.186813 -0.689215 -0.879691 -0.8745 0.227803 -0.490072 -0.510167 -0.176445 -0.0937369 0.040046 0.141036 0.651519 -0.178546 -0.493317 -0.0238773 0.0149238 0.0356207 0.587524 0.298315 0.96206 0.980016 0.690213 0.130686 0.396522 0.568239 -0.783676 0.351359 0.387685 
-1.08294 0.109303 0.207884 -0.670337 -0.855754 -0.834047 0.196936 -0.49885 -0.554898 -0.221044 -0.13543 0.139267 0.127493 0.614689 -0.111231 -0.535419 0.0738742 0.0431814 0.0888343 0.664763 0.313548 0.892393 0.901427 0.70996 0.132766 0.41735 0.550565 -0.710022 0.420726 0.402425 
-1.05731 0.109412 0.208414 -0.690204 -0.878841 -0.861371 0.23331 -0.50082 -0.556922 -0.222546 -0.108836 0.0581781 0.151327 0.683518 -0.176404 -0.465012 0.0110198 -0.00637366 0.069943 0.646647 0.322792 0.934859 0.948887 0.683905 0.104461 0.40893 0.555219 -0.774329 0.433614 0.399657 
-1.01587 0.133097 0.229264 -0.720909 -0.899026 -0.878198 0.205206 -0.511608 -0.558918 -0.180929 -0.12434 0.0510488 0.137092 0.676707 -0.192807 -0.466996 0.0212892 0.0166631 0.05918 0.603488 0.278857 0.92648 0.972452 0.709666 0.137098 0.431458 0.59803 -0.767409 0.482173 0.385547 
-1.03374 0.0976915 0.242284 -0.698156 -0.899226 -0.886396 0.180438 -0.493068 -0.536254 -0.172666 -0.115649 0.0988483 0.144105 0.685848 -0.160846 -0.506 -0.0182318 0.012251 0.0204876 0.618445 0.332396 0.909824 0.936005 0.750356 0.115029 0.402063 0.595317 -0.775787 0.465737 0.396051 
-1.01279 0.178434 0.203484 -0.726893 -0.873309 -0.889939 0.254846 -0.529124 -0.535055 -0.145284 -0.0674219 0.0466689 0.0961816 0.656297 -0.138266 -0.439257 -0.0628309 -0.00580951 -0.00996384 0.587936 0.329157 0.967713 0.963076 0.70904 0.0636211 0.458143 0.59148 -0.751974 0.414178 0.440397 
-1.00696 0.0781081 0.184772 -0.69265 -0.912934 -0.915588 0.243706 -0.483542 -0.545044 -0.231159 -0.0956798 0.146117 0.11061 0.635549 -0.14414 -0.499739 0.0196659 0.0288838 0.0568999 0.629575 0.283166 0.91375 0.912149 0.726731 0.165447 0.373992 0.584978 -0.804502 0.412684 0.395248 
-1.03542 0.11184 0.249087 -0.686485 -0.870837 -0.853205 0.246738 -0.441077 -0.540981 -0.263598 -0.128404 0.0697434 0.194402 0.650225 -0.135499 -0.414402 -0.0089307 0.0392804 0.123361 0.663819 0.345714 0.898818 0.951373 0.717982 0.209851 0.443061 0.584599 -0.755459 0.423128 0.353516 
-1.05031 0.0657893 0.225222 -0.696987 -0.862224 -0.916504 0.19716 -0.454225 -0.543586 -0.199084 -0.0969637 0.100034 0.125786 0.645301 -0.14317 -0.491856 -0.0578184 -0.0555111 0.0544825 0.672978 0.356923 0.960677 0.953666 0.731539 0.143862 0.42189 0.592976 -0.750983 0.496667 0.373101 
-0.992339 0.152333 0.173395 -0.713954 -0.881443 -0.876958 0.264077 -0.483777 -0.52299 -0.165323 -0.0876529 0.0489091 0.101582 0.655959 -0.142394 -0.448826 -0.0697258 -0.0123897 0.0168318 0.577385 0.301209 0.949912 0.972115 0.725849 0.0967852 0.45316 0.594262 -0.752509 0.397861 0.427494 
-0.969432 0.131957 0.149411 -0.727023 -0.892486 -0.895606 0.283598 -0.49293 -0.526931 -0.157171 -0.0914722 0.0430018 0.128556 0.68193 -0.116641 -0.434394 -0.0969023 -0.0313513 0.0380442 0.556626 0.324885 0.922583 0.950953 0.702172 0.081859 0.46937 0.601616 -0.731907 0.39565 0.424545 
-0.966473 0.156432 0.169832 -0.730473 -0.901688 -0.900714 0.27157 -0.497245 -0.538957 -0.144726 -0.111663 0.0708091 0.0759238 0.654398 -0.168291 -0.46326 -0.0599379 -0.0139329 0.033008 0.564209 0.311521 0.964139 0.984414 0.734628 0.0910245 0.429823 0.580128 -0.741968 0.392839 0.451452 
-1.04058 0.123631 0.215313 -0.671317 -0.927355 -0.884191 0.252588 -0.514168 -0.605021 -0.234167 -0.127375 0.134164 0.174234 0.682088 -0.126934 -0.488092 0.0253035 -0.015795 0.0628173 0.719413 0.244906 0.875156 0.921817 0.688622 0.178143 0.455316 0.563764 -0.73317 0.416873 0.408086 
-1.04625 0.118804 0.229206 -0.6742 -0.920977 -0.89018 0.264699 -0.539334 -0.580996 -0.222784 -0.103815 0.123094 0.178826 0.672352 -0.150221 -0.509102 0.0318756 -0.0359952 0.080582 0.694081 0.237566 0.889443 0.896194 0.711206 0.203112 0.432778 0.587451 -0.752943 0.435336 0.420538 
-1.03188 0.144265 0.199856 -0.653801 -0.923383 -0.860093 0.251332 -0.500709 -0.603707 -0.207038 -0.111216 0.128625 0.179827 0.694298 -0.122551 -0.505527 0.0276681 -0.0292611 0.0817057 0.709284 0.235466 0.85785 0.920469 0.700946 0.182253 0.434251 0.570473 -0.730081 0.404314 0.407085 
-1.03766 0.127586 0.195715 -0.622035 -0.908361 -0.885183 0.27729 -0.525998 -0.533373 -0.2373 -0.0767828 0.0630629 0.109729 0.655022 -0.115291 -0.465526 -0.00615651 -0.0273186 0.0511217 0.645885 0.285515 0.9271 0.901884 0.675439 0.120837 0.481062 0.589366 -0.731847 0.43885 0.432546 
-1.01746 0.102171 0.213774 -0.64903 -0.907768 -0.896746 0.289375 -0.533123 -0.559717 -0.259531 -0.0861862 0.084965 0.112958 0.661898 -0.135945 -0.456428 -0.0197031 -0.0135487 0.062049 0.669734 0.283293 0.933072 0.894092 0.653514 0.117486 0.481087 0.576047 -0.735923 0.462347 0.416439 
-1.06174 0.116578 0.202463 -0.649156 -0.918291 -0.902245 0.264937 -0.549799 -0.527857 -0.259241 -0.0621628 0.0557427 0.12887 0.635886 -0.128663 -0.472909 0.00584987 -0.0402822 0.0420032 0.643236 0.261945 0.920233 0.898613 0.674011 0.109207 0.468718 0.59084 -0.736328 0.43492 0.423765 
-1.07522 0.0945739 0.215594 -0.690372 -0.826308 -0.891307 0.314892 -0.507287 -0.516509 -0.194337 -0.0724133 0.127594 0.153798 0.691618 -0.162549 -0.429525 -0.00949696 -0.0134162 0.066053 0.689349 0.344934 0.935841 0.927799 0.676829 0.143079 0.383399 0.549379 -0.7742 0.405016 0.394447 
-1.05588 0.104429 0.234769 -0.711737 -0.827037 -0.91692 0.298699 -0.499286 -0.512598 -0.215327 -0.0875266 0.12953 0.136081 0.674414 -0.154775 -0.421363 0.00980864 0.00781783 0.0910059 0.715297 0.331733 0.955321 0.903089 0.655284 0.154549 0.387443 0.552585 -0.799952 0.378298 0.387684 
-1.05343 0.0778272 0.205691 -0.716788 -0.822215 -0.911116 0.292427 -0.514263 -0.491465 -0.178356 -0.0880353 0.139274 0.166875 0.706378 -0.173299 -0.42804 0.0159305 -0.00435633 0.0495552 0.712378 0.371614 0.946885 0.941795 0.681372 0.1461 0.38168 0.52867 -0.783923 0.423754 0.370508 
-1.04014 0.162915 0.194994 -0.69024 -0.845775 -0.86497 0.237057 -0.494076 -0.535092 -0.198315 -0.0942571 0.0672506 0.108623 0.686364 -0.146326 -0.45277 -0.0381407 -0.0139171 0.0956998 0.640955 0.328293 0.93848 0.951798 0.703897 0.124431 0.382401 0.526246 -0.755703 0.381795 0.401558 
-1.02158 0.179054 0.172386 -0.694006 -0.828717 -0.873761 0.219033 -0.521123 -0.513927 -0.184623 -0.0814028 0.0725741 0.109277 0.706944 -0.161535 -0.442753 -0.0498506 0.0113231 0.109924 0.651367 0.309875 0.941181 0.934333 0.710374 0.143531 0.36201 0.531826 -0.734642 0.406317 0.409572 
-1.05464 0.140847 0.188338 -0.684639 -0.827795 -0.876406 0.231929 -0.517146 -0.539764 -0.217461 -0.0894602 0.0832311 0.112781 0.710974 -0.156918 -0.439478 -0.0108614 -0.0112186 0.116434 0.657342 0.301162 0.940114 0.925145 0.72963 0.124231 0.404253 0.552207 -0.769278 0.404386 0.412691 
-1.03834 0.151044 0.217537 -0.698871 -0.883597 -0.864848 0.241682 -0.491567 -0.574255 -0.251251 -0.113688 0.106014 0.163606 0.638888 -0.155739 -0.497065 0.00255088 0.0196169 0.0681955 0.673089 0.326464 0.929855 0.947537 0.709647 0.113637 0.411111 0.530717 -0.745275 0.425365 0.38626 
-1.02242 0.177498 0.235109 -0.689579 -0.908496 -0.846497 0.220519 -0.480792 -0.55601 -0.250294 -0.12706 0.0848389 0.182626 0.646802 -0.168069 -0.512624 -0.0135444 -0.00719035 0.0665174 0.659032 0.301369 0.940936 0.944603 0.700911 0.133176 0.411394 0.525723 -0.766529 0.446612 0.405137 
-1.04004 0.124185 0.243328 -0.721827 -0.862129 -0.876252 0.239054 -0.496921 -0.569566 -0.257688 -0.136657 0.0978957 0.146065 0.660107 -0.139121 -0.469984 0.0128185 0.0247271 0.0427747 0.654938 0.321232 0.942206 0.930082 0.682681 0.0877904 0.417647 0.528009 -0.734827 0.431439 0.35889 
-1.03743 0.117152 0.203843 -0.690619 -0.902774 -0.865202 0.230063 -0.492838 -0.540931 -0.209744 -0.0968285 0.0569603 0.146344 0.677418 -0.162642 -0.475779 -0.00478806 0.0238039 0.0525536 0.620153 0.297788 0.919032 0.951341 0.688638 0.139354 0.421317 0.585764 -0.755539 0.423723 0.403694 
-1.05627 0.0973614 0.230315 -0.665832 -0.883575 -0.891812 0.23748 -0.507993 -0.53641 -0.236959 -0.0705226 0.0823153 0.164225 0.653825 -0.177255 -0.460197 -0.0127389 0.0136243 0.0297175 0.615273 0.286389 0.905889 0.956718 0.673398 0.114169 0.398791 0.611171 -0.754676 0.444462 0.391374 
-1.02957 0.102661 0.194214 -0.702664 -0.926473 -0.86445 0.24516 -0.49702 -0.532965 -0.230463 -0.111414 0.03097 0.158728 0.666026 -0.162151 -0.461114 -0.00669864 0.00656107 0.0774108 0.593406 0.304806 0.938952 0.930623 0.686881 0.12188 0.39943 0.579526 -0.739284 0.435698 0.379709 
-1.02257 0.148264 0.218031 -0.705584 -0.872027 -0.856088 0.232912 -0.541007 -0.524237 -0.21785 -0.142247 0.0803293 0.119199 0.653432 -0.196451 -0.502287 0.00886629 -0.0141812 0.0548124 0.596091 0.330093 0.923831 0.978807 0.682626 0.125911 0.394282 0.561447 -0.718143 0.503516 0.359764 
-1.00418 0.125811 0.245427 -0.694075 -0.857433 -0.873656 0.230033 -0.51728 -0.537076 -0.234679 -0.16718 0.0617482 0.131575 0.67262 -0.223859 -0.496863 0.00151145 0.00656891 0.0534164 0.594065 0.331658 0.932375 0.983491 0.672301 0.108973 0.407777 0.537355 -0.735588 0.481208 0.361164 
-1.02292 0.168096 0.230525 -0.71805 -0.874969 -0.839822 0.227337 -0.545316 -0.525528 -0.222033 -0.125536 0.072202 0.139983 0.630429 -0.198732 -0.496747 -0.00330455 -0.0178111 0.058835 0.589845 0.326294 0.931599 0.989257 0.682647 0.128029 0.377322 0.554696 -0.743753 0.492853 0.358926 
-1.04829 0.0588366 0.168765 -0.703891 -0.94455 -0.893317 0.237257 -0.482794 -0.581717 -0.222339 -0.134273 0.134757 0.150307 0.668157 -0.160294 -0.467634 0.0202243 -7.82162e-05 0.0798148 0.604441 0.264412 0.916678 0.902419 0.737737 0.164842 0.422932 0.576589 -0.784153 0.455976 0.395248 
-1.03697 0.0737888 0.157595 -0.720231 -0.944654 -0.890655 0.228266 -0.475059 -0.555792 -0.245822 -0.137614 0.129927 0.147487 0.662548 -0.17135 -0.478397 -0.00484162 0.00841788 0.0945798 0.585887 0.258543 0.910214 0.912107 0.743277 0.17305 0.428751 0.550304 -0.761232 0.45437 0.371733 
-1.06816 0.084742 0.182564 -0.70309 -0.963509 -0.914704 0.263573 -0.470885 -0.582286 -0.224611 -0.135564 0.133656 0.130645 0.64788 -0.17521 -0.493338 0.0156874 0.00298507 0.0765263 0.622804 0.256862 0.917763 0.919852 0.749556 0.186895 0.428151 0.554191 -0.774331 0.437242 0.391808 
-1.06093 0.128092 0.231603 -0.688919 -0.876073 -0.841356 0.242885 -0.449059 -0.509087 -0.221017 -0.0685322 0.0235562 0.149683 0.592981 -0.17924 -0.47292 -0.0138586 0.0266249 0.0701229 0.703214 0.25466 0.885039 0.927501 0.723107 0.121547 0.345682 0.578052 -0.750449 0.421465 0.415531 
-1.07626 0.149569 0.23886 -0.671696 -0.880619 -0.819959 0.219536 -0.466453 -0.533168 -0.227228 -0.0562882 0.0142348 0.148106 0.613218 -0.170765 -0.450027 -0.0312128 0.0143832 0.0559248 0.71031 0.258766 0.89737 0.911689 0.748572 0.133658 0.323995 0.561181 -0.768958 0.395894 0.38888 
-1.08655 0.102606 0.216214 -0.714026 -0.887195 -0.859562 0.249604 -0.436479 -0.504036 -0.194357 -0.0683946 0.0207072 0.136218 0.582819 -0.165266 -0.470902 -0.0305684 0.0123555 0.0569302 0.689815 0.253686 0.862862 0.930406 0.720849 0.109507 0.344717 0.55488 -0.761897 0.409399 0.39435 
-1.048 0.118942 0.21225 -0.678489 -0.88773 -0.886979 0.277985 -0.508733 -0.529381 -0.212498 -0.0739191 0.079371 0.127305 0.677551 -0.139027 -0.441566 -0.00940585 -0.0225546 0.0559156 0.651215 0.338943 0.928503 0.902564 0.676352 0.140934 0.38665 0.580782 -0.764139 0.420988 0.409395 
-1.05342 0.128075 0.222956 -0.63155 -0.904012 -0.876917 0.255303 -0.511662 -0.511475 -0.231894 -0.0727339 0.0396021 0.143122 0.595698 -0.175171 -0.467407 -0.00803516 0.00939884 0.0516918 0.650723 0.271175 0.916355 0.903021 0.701685 0.121375 0.457068 0.585676 -0.745799 0.422335 0.42281 
-1.0513 0.143281 0.221897 -0.692868 -0.880019 -0.847504 0.24216 -0.471024 -0.546667 -0.236195 -0.0896629 0.104365 0.162444 0.620918 -0.171242 -0.495653 -0.0138263 0.0229533 0.0688272 0.689299 0.32588 0.922853 0.928323 0.72201 0.115935 0.372554 0.557463 -0.748836 0.424428 0.401521 
-1.04369 0.0690116 0.211002 -0.686682 -0.931024 -0.891322 0.248541 -0.509752 -0.589788 -0.232911 -0.128354 0.134269 0.157548 0.670253 -0.132875 -0.476966 0.0241667 -0.0033053 0.0654017 0.659628 0.254311 0.876376 0.913971 0.690538 0.1768 0.440985 0.575823 -0.746796 0.427865 0.399351 
-1.03104 0.149989 0.183746 -0.627841 -0.903667 -0.884689 0.268119 -0.520002 -0.523715 -0.177517 -0.078535 0.0522343 0.106511 0.65583 -0.133207 -0.460494 -0.0581571 -0.0238951 0.0450783 0.586868 0.295415 0.944157 0.913364 0.711156 0.116372 0.459016 0.591713 -0.736289 0.412478 0.432372 
-1.03862 0.137481 0.21725 -0.675058 -0.915343 -0.870427 0.238599 -0.540997 -0.555602 -0.231841 -0.127694 0.11086 0.127004 0.674146 -0.193728 -0.495862 0.0242381 -0.0151899 0.0548353 0.663454 0.289074 0.905945 0.97448 0.68577 0.15134 0.402084 0.561728 -0.720395 0.461515 0.404929 
-1.04977 0.150552 0.200404 -0.68975 -0.86978 -0.846525 0.239352 -0.479743 -0.519452 -0.22079 -0.0796875 0.0360899 0.109876 0.659191 -0.172783 -0.472125 -0.0195608 0.0245825 0.0793356 0.70135 0.266779 0.889083 0.937048 0.707563 0.122848 0.346643 0.567413 -0.752016 0.401153 0.407508 
-1.01277 0.126845 0.197206 -0.673065 -0.900031 -0.881803 0.258516 -0.50693 -0.568747 -0.167231 -0.125115 0.0871788 0.166573 0.6725 -0.140539 -0.47315 -0.0298062 -0.0126109 0.0315018 0.614688 0.267498 0.930009 0.968674 0.712862 0.105636 0.454595 0.593115 -0.74241 0.402114 0.425694 
-1.00123 0.145754 0.187171 -0.697276 -0.88248 -0.877009 0.273387 -0.484465 -0.530989 -0.225843 -0.0870131 0.0609779 0.10971 0.655886 -0.13537 -0.464095 -0.0286429 -0.0254201 0.0329585 0.600522 0.290536 0.948701 0.921411 0.717941 0.108244 0.461992 0.591859 -0.749861 0.423046 0.427564 
-1.06062 0.0891764 0.229691 -0.693878 -0.904765 -0.870799 0.238865 -0.449929 -0.537695 -0.222278 -0.12334 0.0586127 0.149844 0.660272 -0.174297 -0.468394 0.0152481 0.00561744 0.0768575 0.694116 0.257628 0.892211 0.913147 0.725397 0.12846 0.381902 0.578036 -0.778909 0.448713 0.402983 
-1.03905 0.151676 0.204291 -0.696635 -0.861272 -0.864916 0.240431 -0.493601 -0.540971 -0.21101 -0.0976528 0.091133 0.15731 0.66632 -0.152142 -0.453348 -0.0251591 -0.0036548 0.0820997 0.646777 0.32761 0.936511 0.94906 0.707177 0.120011 0.392145 0.530143 -0.755333 0.401015 0.390109 
-1.05202 0.124989 0.231366 -0.688566 -0.921124 -0.872591 0.248379 -0.492727 -0.579466 -0.226709 -0.0917702 0.0880522 0.154841 0.642258 -0.170007 -0.483342 0.0176964 -0.00021548 0.0635116 0.703255 0.25454 0.877415 0.927035 0.701425 0.17077 0.356845 0.576321 -0.736616 0.421325 0.408561 
-0.995564 0.124577 0.168887 -0.708578 -0.93115 -0.883047 0.257926 -0.482846 -0.572998 -0.197712 -0.127588 0.128238 0.108183 0.666575 -0.148374 -0.453153 -0.0440008 -0.011285 0.0746317 0.585966 0.2973 0.917147 0.965073 0.727009 0.128262 0.431838 0.583197 -0.784005 0.419653 0.412489 
-1.03349 0.13367 0.212654 -0.701304 -0.902251 -0.864493 0.230466 -0.503449 -0.525872 -0.211991 -0.110423 0.0641557 0.125137 0.66557 -0.194122 -0.497691 0.00866844 0.0213438 0.054547 0.59871 0.309802 0.923086 0.975459 0.68577 0.13762 0.417817 0.564255 -0.723251 0.447577 0.367869 
-1.04786 0.117494 0.199857 -0.704404 -0.914197 -0.875315 0.236574 -0.484211 -0.548719 -0.220131 -0.138622 0.131813 0.123308 0.656366 -0.179857 -0.479746 0.0172288 -0.00757872 0.0760641 0.600053 0.28505 0.917238 0.90422 0.682936 0.158005 0.395388 0.564436 -0.763609 0.481562 0.387745 
-1.03757 0.118846 0.197191 -0.63961 -0.906924 -0.874205 0.237216 -0.515399 -0.539978 -0.215387 -0.0850454 0.0587135 0.11286 0.670071 -0.144647 -0.474229 -0.00525303 0.0050446 0.0519198 0.632675 0.296859 0.924469 0.922718 0.687703 0.12412 0.436021 0.588099 -0.743589 0.43776 0.413704 
-0.99382 0.145011 0.184243 -0.699476 -0.898698 -0.876878 0.251907 -0.489145 -0.530567 -0.174919 -0.0884985 0.0550568 0.12111 0.67452 -0.15926 -0.470155 -0.0664409 0.00881986 0.0454934 0.601449 0.299288 0.942156 0.971293 0.701619 0.13561 0.426381 0.589936 -0.755132 0.421161 0.423976 
-0.992388 0.131887 0.18666 -0.696432 -0.892874 -0.869803 0.250635 -0.491979 -0.524578 -0.197699 -0.093955 0.0556298 0.132021 0.659346 -0.144054 -0.457273 -0.0654968 -0.0120367 0.0191633 0.596099 0.299211 0.928341 0.957543 0.704154 0.124914 0.452428 0.592102 -0.755044 0.423058 0.408545 
-1.06266 0.115064 0.212318 -0.69039 -0.854916 -0.871914 0.259875 -0.497426 -0.522151 -0.208897 -0.0744147 0.0826822 0.147263 0.688529 -0.162606 -0.463241 -0.00855198 0.00395021 0.0647247 0.667358 0.319072 0.925517 0.935567 0.679952 0.14121 0.404736 0.561892 -0.762697 0.416247 0.396679 
-1.05067 0.140559 0.198613 -0.689287 -0.852136 -0.843411 0.242168 -0.458044 -0.525119 -0.20274 -0.0778075 0.043149 0.126891 0.616313 -0.172037 -0.460199 -0.0310847 0.0114291 0.0812858 0.699005 0.324171 0.904775 0.935822 0.705868 0.123721 0.363462 0.569973 -0.750643 0.41026 0.403079 
