-1.03184 0.107067 0.176206 -0.649196 -0.897314 -0.85811 0.271888 -0.498525 -0.526703 -0.240253 -0.0714663 0.0363527 0.106809 0.68279 -0.117846 -0.460615 -0.00828769 -0.0184241 0.050721 0.652153 0.296755 0.919485 0.923025 0.68197 0.112809 0.457407 0.60506 -0.742108 0.448479 0.451673 
-1.06453 0.125669 0.257638 -0.616094 -0.869111 -0.883182 0.170649 -0.484334 -0.569922 -0.164622 -0.183131 0.0570095 0.18 0.655797 -0.116926 -0.465831 0.0371517 0.0527606 0.0292833 0.648964 0.278855 0.999848 0.946547 0.681759 0.113272 0.453458 0.571305 -0.708903 0.421528 0.362089 
-1.07863 0.15855 0.219756 -0.697201 -0.857809 -0.923472 0.226874 -0.396972 -0.637221 -0.237373 -0.0996413 0.074284 0.0973638 0.667733 -0.152695 -0.430563 -0.0234134 0.00548451 0.0142183 0.641018 0.350681 0.953693 0.936789 0.709103 0.115407 0.435613 0.5595 -0.767197 0.498251 0.396744 
-1.05752 0.123751 0.251414 -0.706329 -0.910704 -0.864044 0.264688 -0.474848 -0.540518 -0.192368 -0.115257 0.036898 0.136669 0.706262 -0.180322 -0.478502 -0.021963 0.00316701 0.01361 0.635806 0.317791 0.947451 0.868116 0.688372 0.121844 0.403185 0.57039 -0.801131 0.438146 0.400555 
-0.938697 0.158636 0.170778 -0.708075 -0.881025 -0.878763 0.26827 -0.518046 -0.55099 -0.129801 -0.121664 0.0907739 0.0886826 0.653479 -0.190154 -0.469184 -0.0465935 -0.028179 0.0368934 0.583647 0.327163 0.945848 0.966539 0.709424 0.0917052 0.447699 0.600951 -0.731031 0.405863 0.454146 
-1.03921 0.108164 0.228248 -0.62651 -0.931459 -0.87534 0.216109 -0.449537 -0.532969 -0.245888 -0.0815806 0.0790357 0.0858378 0.629145 -0.102726 -0.410717 -0.0637699 0.0437325 0.03371 0.65882 0.343954 0.908017 0.92966 0.707478 0.140941 0.442344 0.51989 -0.734146 0.384402 0.352426 
-0.997033 0.0711946 0.240852 -0.635379 -0.948548 -0.863411 0.269368 -0.511777 -0.520627 -0.224927 -0.116151 0.00694796 0.109534 0.681713 -0.200829 -0.502825 -0.0407522 0.0414077 0.0486983 0.661218 0.226057 0.986521 0.952234 0.723175 0.120189 0.507006 0.620453 -0.787761 0.415304 0.364677 
-1.03671 0.135814 0.272857 -0.62346 -0.945705 -0.876484 0.265981 -0.492582 -0.59812 -0.198644 -0.169721 0.0553815 0.141288 0.686895 -0.132652 -0.483767 0.0589758 0.0127777 0.0710329 0.685801 0.303506 0.872047 0.907067 0.746167 0.151651 0.373324 0.527183 -0.759725 0.456616 0.436962 
-1.03894 0.104974 0.211188 -0.673229 -0.835349 -0.794056 0.254622 -0.472096 -0.57778 -0.192331 -0.0662088 0.120794 0.0945988 0.660045 -0.140727 -0.477656 -0.083435 0.0408655 0.0358437 0.678256 0.396459 0.838008 0.950276 0.669548 0.153697 0.468071 0.512477 -0.713006 0.450977 0.382054 
-1.00852 0.0759523 0.210849 -0.6502 -0.891877 -0.871463 0.263926 -0.544479 -0.576028 -0.271803 -0.0726382 0.0917051 0.127909 0.653607 -0.11709 -0.479294 -0.00914054 0.00512023 0.0599832 0.685006 0.272177 0.936575 0.91102 0.651355 0.135076 0.470912 0.588163 -0.743713 0.48998 0.39199 
-1.03639 0.162187 0.204934 -0.731573 -0.891719 -0.899825 0.277395 -0.516601 -0.520314 -0.124812 -0.0853795 0.0241515 0.0763995 0.632787 -0.119245 -0.454043 -0.0377706 -0.0149479 -0.0114139 0.59323 0.325032 0.969104 0.987927 0.684028 0.0626064 0.471633 0.598537 -0.735125 0.416956 0.461114 
-1.06857 0.0657585 0.218355 -0.753243 -0.916358 -0.879568 0.198454 -0.45978 -0.571838 -0.200162 -0.0761679 0.0921135 0.145225 0.666037 -0.229412 -0.460071 0.0121727 0.0219787 0.0871042 0.637856 0.327391 0.930058 0.903989 0.729565 0.171721 0.37409 0.588781 -0.78079 0.493047 0.43318 
-1.00197 0.106653 0.252842 -0.66822 -0.873964 -0.928891 0.280509 -0.45135 -0.550928 -0.214014 -0.068688 0.00879751 0.133487 0.692327 -0.127822 -0.495501 -0.00929464 -0.0263318 0.0594609 0.616775 0.331927 0.917265 0.953896 0.695513 0.143031 0.447945 0.604005 -0.778761 0.433399 0.436032 
-1.01856 0.0745043 0.236956 -0.678452 -0.938897 -0.877072 0.250099 -0.525681 -0.528749 -0.218271 -0.161672 0.14114 0.087053 0.634814 -0.175279 -0.478741 0.0277264 0.0276788 0.0615494 0.655177 0.29611 0.923536 0.91836 0.730395 0.132604 0.366364 0.557077 -0.742216 0.460577 0.400824 
-1.0256 0.127503 0.216141 -0.655861 -0.938802 -0.85914 0.233702 -0.55679 -0.541062 -0.235098 -0.126652 0.130948 0.153127 0.650135 -0.19079 -0.492394 0.0301613 -0.0209213 0.0763692 0.676609 0.274098 0.93034 0.99861 0.67321 0.158317 0.399028 0.543161 -0.744545 0.483158 0.418484 
-1.03845 0.0663817 0.22578 -0.669394 -0.888037 -0.891261 0.198536 -0.431135 -0.614857 -0.232321 -0.187845 0.163623 0.149056 0.664815 -0.267885 -0.535087 0.0618289 0.0985775 -0.000718234 0.64761 0.308664 0.932151 0.834176 0.6121 0.15265 0.371529 0.578841 -0.727468 0.359712 0.378782 
-1.01514 0.145753 0.218746 -0.712968 -0.892124 -0.896966 0.184855 -0.498901 -0.540687 -0.188514 -0.115784 0.0451249 0.143191 0.67614 -0.165429 -0.451744 0.0158568 0.0394605 0.0663699 0.617284 0.276094 0.948606 0.974718 0.708666 0.140586 0.408494 0.61977 -0.750494 0.462022 0.381453 
-1.04644 0.120233 0.201045 -0.723036 -0.888876 -0.852806 0.224564 -0.528517 -0.537917 -0.217004 -0.117767 0.0897631 0.130589 0.644186 -0.166886 -0.47122 -0.01724 -0.000505415 0.0451304 0.615844 0.335897 0.903908 0.95438 0.689079 0.130548 0.414194 0.579193 -0.72603 0.443101 0.390723 
-1.06452 0.0635437 0.17534 -0.69817 -0.844393 -0.892577 0.225279 -0.478269 -0.618272 -0.234178 -0.0618925 0.127313 0.182303 0.641117 -0.185314 -0.47746 0.057302 0.00760525 0.0456713 0.600227 0.411987 0.892721 0.958049 0.757985 0.112458 0.463458 0.585168 -0.719542 0.498112 0.458377 
-1.04984 0.13307 0.174521 -0.662078 -0.91601 -0.882442 0.228321 -0.498313 -0.540286 -0.231651 -0.0586832 0.0644272 0.118478 0.686165 -0.126686 -0.487408 -0.0115257 -0.0077869 0.0457738 0.640848 0.287061 0.899741 0.92117 0.706085 0.124519 0.411566 0.607135 -0.76076 0.416795 0.406172 
-1.04433 0.153864 0.220476 -0.655961 -0.93561 -0.882764 0.260181 -0.506284 -0.604982 -0.220985 -0.0988118 0.151161 0.192693 0.677932 -0.144218 -0.48681 0.0516751 -0.0350511 0.0831913 0.69377 0.255949 0.84645 0.923595 0.685247 0.157527 0.421801 0.573344 -0.756336 0.395458 0.419732 
-1.08503 0.183641 0.217285 -0.694183 -0.849368 -0.872582 0.244708 -0.504269 -0.518781 -0.1978 -0.105727 0.0450562 0.150624 0.718786 -0.113265 -0.444192 -0.0586247 -0.0128689 -0.0105758 0.652824 0.345222 0.930537 0.971402 0.695003 0.128074 0.414141 0.567191 -0.776495 0.374304 0.398617 
-1.10086 0.0847527 0.2119 -0.691772 -0.835188 -0.827508 0.179611 -0.520011 -0.540328 -0.227206 -0.10932 0.12955 0.114312 0.58769 -0.130379 -0.518842 0.0611241 0.0248043 0.0945328 0.68967 0.292093 0.883623 0.926022 0.724907 0.153206 0.444973 0.547664 -0.727499 0.438618 0.429638 
-1.01953 0.145451 0.233065 -0.662014 -0.903739 -0.881762 0.261689 -0.513548 -0.607491 -0.240019 -0.0987172 0.139803 0.160078 0.683607 -0.14312 -0.508711 0.0413219 -0.0452964 0.0731263 0.680539 0.214423 0.864449 0.87955 0.703489 0.20618 0.443618 0.583411 -0.726493 0.416927 0.430964 
-1.01857 0.10786 0.253327 -0.739857 -0.870565 -0.854671 0.22665 -0.520822 -0.574942 -0.234703 -0.133714 0.0703325 0.128881 0.647199 -0.144125 -0.491538 0.0394778 0.0248748 0.0579616 0.673836 0.318373 0.922266 0.937129 0.663901 0.0899974 0.442715 0.530366 -0.736479 0.456811 0.381136 
-1.01593 0.110791 0.208569 -0.721764 -0.863176 -0.855943 0.259097 -0.453322 -0.544642 -0.199392 -0.160546 0.0312172 0.148933 0.679684 -0.152034 -0.522528 -0.0301775 0.028053 0.0194153 0.625358 0.263742 0.929729 0.999863 0.763039 0.127788 0.436974 0.56822 -0.778086 0.438192 0.413204 
-1.04052 0.0954269 0.243037 -0.661066 -0.981503 -0.864298 0.205663 -0.520241 -0.523555 -0.178071 -0.120927 0.0710959 0.153267 0.676278 -0.19446 -0.453732 0.028261 -0.0320656 0.0333044 0.614965 0.37477 0.881547 0.95383 0.642111 0.161267 0.40382 0.563761 -0.667339 0.470071 0.452288 
-1.04394 0.130373 0.223211 -0.688691 -0.856352 -0.863045 0.233144 -0.561958 -0.544685 -0.221175 -0.134283 0.0815555 0.0942646 0.678667 -0.204529 -0.4962 1.2715e-05 -0.0354233 0.0559941 0.577173 0.344779 0.925364 0.961462 0.692551 0.118726 0.413849 0.577682 -0.720099 0.508441 0.383242 
-1.04219 0.0784236 0.184501 -0.656072 -0.900475 -0.875 0.220518 -0.520589 -0.557451 -0.238107 -0.0499417 0.0328321 0.125981 0.668776 -0.116261 -0.482141 0.0189278 -0.0216117 0.0201487 0.609107 0.345395 0.935707 0.997015 0.696909 0.194145 0.454092 0.555119 -0.695283 0.427233 0.40334 
-1.0209 0.0842838 0.253565 -0.700289 -0.919522 -0.878719 0.205956 -0.505913 -0.509689 -0.188899 -0.131422 0.0755491 0.159338 0.667342 -0.161348 -0.513072 0.00441533 0.00812195 0.0291972 0.604801 0.34802 0.896498 0.910188 0.756944 0.134285 0.418071 0.611366 -0.771548 0.49223 0.392661 
-1.04687 0.0996297 0.202202 -0.675046 -0.919616 -0.866839 0.225881 -0.489922 -0.522502 -0.217541 -0.120466 0.0676158 0.153817 0.675117 -0.163836 -0.465785 0.00773555 0.0291235 0.0268482 0.609479 0.295254 0.91078 0.944864 0.663511 0.114862 0.417678 0.608264 -0.73301 0.418441 0.416013 
-0.994181 0.121493 0.191776 -0.712309 -0.890039 -0.892735 0.271118 -0.504686 -0.503862 -0.16709 -0.0638354 0.050217 0.109252 0.659888 -0.136636 -0.495973 -0.0870439 -0.00456779 0.044355 0.608651 0.309518 0.967623 0.946848 0.706057 0.138498 0.415671 0.606146 -0.728699 0.422625 0.406602 
-1.03846 0.0415839 0.196702 -0.722833 -0.885734 -0.870483 0.259494 -0.470682 -0.563504 -0.202135 -0.116564 0.12561 0.155157 0.626606 -0.141299 -0.501332 0.0653072 0.0383776 0.120763 0.615911 0.299981 0.906161 0.908003 0.765073 0.18886 0.375019 0.549235 -0.787276 0.400865 0.431177 
-0.983095 0.0551276 0.161954 -0.691194 -0.937078 -0.918008 0.262374 -0.487547 -0.531735 -0.206707 -0.0977186 0.158677 0.083357 0.610898 -0.146655 -0.522459 0.0362377 0.0436193 0.0368898 0.631651 0.278521 0.898859 0.927234 0.748257 0.183099 0.392627 0.585049 -0.781128 0.425351 0.38258 
-1.06695 0.0697742 0.246832 -0.702853 -0.82334 -0.896727 0.22653 -0.565585 -0.505794 -0.213129 -0.0849243 0.146833 0.101493 0.718645 -0.116341 -0.48958 -0.0363515 -0.0261365 0.126533 0.632385 0.35621 0.970313 0.958918 0.694008 0.130481 0.34323 0.500766 -0.768259 0.439744 0.366579 
-1.03437 0.18742 0.205786 -0.698331 -0.857012 -0.852257 0.226093 -0.486179 -0.523229 -0.186568 -0.081047 0.0469176 0.109591 0.710003 -0.138272 -0.440299 -0.0465985 -0.00619012 0.109959 0.656998 0.353744 0.956594 0.969306 0.706076 0.0996013 0.376282 0.534909 -0.736279 0.401508 0.4142 
-1.06217 0.0985564 0.208853 -0.701655 -0.861014 -0.849483 0.216632 -0.526218 -0.56006 -0.242104 -0.129533 0.0775755 0.137668 0.699235 -0.202881 -0.441267 0.0321162 0.0137015 0.045579 0.631273 0.307391 0.926718 0.974669 0.69538 0.104145 0.426978 0.571846 -0.797642 0.44695 0.387002 
-1.04727 0.116956 0.214338 -0.697941 -0.887768 -0.852014 0.215893 -0.492335 -0.533439 -0.244722 -0.0748843 0.0536164 0.106637 0.635107 -0.118233 -0.449485 -0.00372618 -0.0147368 0.0697052 0.593356 0.345442 0.897529 0.948645 0.672339 0.112393 0.379465 0.521178 -0.695376 0.438762 0.377182 
-1.08683 0.0670079 0.210238 -0.685014 -0.798608 -0.838009 0.229595 -0.479884 -0.514979 -0.170755 -0.0876777 0.165012 0.125634 0.726011 -0.155654 -0.42248 -0.0262921 -0.0146629 0.0567763 0.657087 0.348443 0.911171 0.964802 0.705896 0.101042 0.354607 0.492395 -0.734861 0.444193 0.38279 
-1.06662 0.080196 0.252457 -0.711644 -0.892621 -0.861151 0.233365 -0.474708 -0.527366 -0.220459 -0.0966648 0.0544997 0.155325 0.642763 -0.168754 -0.489983 0.0354336 0.02506 0.101378 0.715797 0.253094 0.892128 0.90943 0.710346 0.132897 0.392071 0.551675 -0.783726 0.432689 0.426491 
-1.0591 0.11207 0.210722 -0.67974 -0.873211 -0.852182 0.232638 -0.482263 -0.50263 -0.220815 -0.0549937 0.104084 0.144053 0.663939 -0.148338 -0.460119 -0.0244742 0.00272393 0.0910968 0.666084 0.311245 0.911522 0.93865 0.660407 0.147381 0.419029 0.550499 -0.785495 0.395912 0.375772 
-1.01873 0.10537 0.23149 -0.683172 -0.935485 -0.901429 0.276931 -0.521307 -0.606654 -0.243837 -0.104081 0.130101 0.18754 0.704647 -0.108948 -0.46552 0.0241005 -0.0419684 0.0818842 0.72411 0.240298 0.873843 0.919496 0.713334 0.192871 0.476539 0.589036 -0.742722 0.409863 0.429036 
-1.0794 0.0581493 0.190559 -0.690748 -0.937549 -0.923637 0.2702 -0.458262 -0.602412 -0.221787 -0.159576 0.142787 0.105647 0.6323 -0.177411 -0.503628 -0.00188869 0.0219269 0.102821 0.60389 0.233556 0.895442 0.938519 0.749385 0.189713 0.409441 0.554335 -0.764508 0.450279 0.399637 
-1.01746 0.10028 0.187232 -0.710303 -0.91377 -0.891914 0.245668 -0.482771 -0.559217 -0.188598 -0.143046 0.151362 0.121361 0.670786 -0.127947 -0.476207 -0.0520038 -0.00976433 0.056096 0.564924 0.305753 0.929516 0.952439 0.709944 0.110159 0.435499 0.589299 -0.800747 0.446741 0.43712 
-1.05105 0.14629 0.230941 -0.696372 -0.935941 -0.858891 0.229443 -0.469535 -0.584935 -0.235987 -0.0957381 0.0708916 0.162796 0.662373 -0.188329 -0.47393 -0.00615828 -0.0223941 0.0882344 0.718446 0.258238 0.869218 0.943531 0.726412 0.170118 0.364299 0.588121 -0.723964 0.420464 0.38474 
-1.07554 0.0939197 0.182172 -0.648228 -0.947092 -0.878607 0.262536 -0.461058 -0.601057 -0.226341 -0.0626952 0.0846662 0.130244 0.650531 -0.125618 -0.507226 -0.0309886 0.0199567 0.0194578 0.569878 0.297546 0.921001 0.953142 0.713088 0.16107 0.442436 0.56579 -0.754496 0.403184 0.37895 
-1.02195 0.108577 0.218702 -0.663231 -0.877618 -0.923204 0.242305 -0.521264 -0.623601 -0.167655 -0.14716 0.0999619 0.127686 0.607069 -0.225449 -0.519054 -0.0370421 -0.0234595 0.0839396 0.682254 0.322553 0.933054 0.924558 0.71575 0.133978 0.419544 0.590889 -0.713092 0.394417 0.429262 
-1.01712 0.193903 0.228542 -0.665876 -0.888031 -0.830761 0.227313 -0.482652 -0.570726 -0.243861 -0.10793 0.0920999 0.19078 0.652303 -0.156472 -0.509765 -0.0386754 -0.0266656 0.075114 0.63601 0.293522 0.918982 0.933891 0.724441 0.120991 0.438515 0.534262 -0.780925 0.447195 0.385641 
-1.04503 0.162023 0.230576 -0.669889 -0.860789 -0.853689 0.249266 -0.503691 -0.554419 -0.20264 -0.119702 0.0207877 0.0934748 0.707721 -0.225248 -0.488702 -0.0343771 -0.0389247 0.0482168 0.623803 0.317373 0.95233 0.934262 0.662457 0.0496599 0.377704 0.599127 -0.795545 0.457455 0.455466 
-1.0038 0.101253 0.182411 -0.664317 -0.892159 -0.878411 0.277134 -0.516045 -0.558354 -0.152064 -0.141366 0.0814436 0.176056 0.669438 -0.126279 -0.495115 -0.0197237 -0.00101065 0.0525364 0.61945 0.245072 0.957075 0.973336 0.733064 0.117128 0.437565 0.584484 -0.74165 0.427872 0.435525 
-1.05464 0.140847 0.188338 -0.684639 -0.827795 -0.876406 0.231929 -0.517146 -0.539764 -0.217461 -0.0894602 0.0832311 0.112781 0.710974 -0.156918 -0.439478 -0.0108614 -0.0112186 0.116434 0.657342 0.301162 0.940114 0.925145 0.72963 0.124231 0.404253 0.552207 -0.769278 0.404386 0.412691 
-1.044 0.14396 0.192032 -0.699279 -0.840984 -0.898237 0.224291 -0.537658 -0.542311 -0.207441 -0.0680449 0.0734918 0.13613 0.692517 -0.165571 -0.450739 -0.0137908 -0.0343081 0.116479 0.668278 0.298971 0.918335 0.927554 0.746961 0.106764 0.399284 0.551014 -0.795756 0.386427 0.389698 
-1.07044 0.125878 0.20984 -0.691051 -0.841689 -0.867515 0.236428 -0.510242 -0.540331 -0.197843 -0.0687018 0.0675127 0.109872 0.692891 -0.1803 -0.452422 0.0129214 0.0134025 0.126651 0.641595 0.287521 0.951755 0.916646 0.75519 0.136227 0.411268 0.536795 -0.774148 0.38056 0.433716 
-1.03834 0.151044 0.217537 -0.698871 -0.883597 -0.864848 0.241682 -0.491567 -0.574255 -0.251251 -0.113688 0.106014 0.163606 0.638888 -0.155739 -0.497065 0.00255088 0.0196169 0.0681955 0.673089 0.326464 0.929855 0.947537 0.709647 0.113637 0.411111 0.530717 -0.745275 0.425365 0.38626 
-1.01704 0.142054 0.193387 -0.68562 -0.86699 -0.885428 0.228234 -0.517877 -0.592843 -0.272391 -0.133508 0.0857648 0.187879 0.625104 -0.178887 -0.474817 -0.0124409 0.0389215 0.0881742 0.667938 0.348616 0.948689 0.928355 0.696757 0.108667 0.424574 0.546795 -0.733494 0.448747 0.368554 
-1.0292 0.149743 0.23864 -0.690285 -0.866303 -0.861615 0.227175 -0.49417 -0.577453 -0.246187 -0.0995448 0.0839 0.186267 0.654638 -0.146692 -0.498369 0.0203455 0.0243122 0.0546175 0.649524 0.315934 0.925283 0.932324 0.724412 0.128859 0.42995 0.509502 -0.736753 0.423224 0.376428 
-1.04786 0.117494 0.199857 -0.704404 -0.914197 -0.875315 0.236574 -0.484211 -0.548719 -0.220131 -0.138622 0.131813 0.123308 0.656366 -0.179857 -0.479746 0.0172288 -0.00757872 0.0760641 0.600053 0.28505 0.917238 0.90422 0.682936 0.158005 0.395388 0.564436 -0.763609 0.481562 0.387745 
-1.0698 0.112574 0.202014 -0.688436 -0.91224 -0.896697 0.236861 -0.511094 -0.525703 -0.227437 -0.152212 0.104703 0.137269 0.654024 -0.171533 -0.472793 0.0184099 -0.0277576 0.10104 0.5984 0.277169 0.898567 0.899964 0.66035 0.14608 0.384775 0.544719 -0.790491 0.458365 0.3939 
-1.045 0.106912 0.189904 -0.726808 -0.88781 -0.892724 0.259412 -0.473232 -0.544697 -0.235368 -0.163863 0.150316 0.105016 0.658382 -0.176773 -0.490309 0.0213902 -0.0288572 0.0955686 0.587766 0.290778 0.904067 0.887367 0.661009 0.184759 0.399246 0.55704 -0.757184 0.503301 0.361428 
-1.03697 0.0737888 0.157595 -0.720231 -0.944654 -0.890655 0.228266 -0.475059 -0.555792 -0.245822 -0.137614 0.129927 0.147487 0.662548 -0.17135 -0.478397 -0.00484162 0.00841788 0.0945798 0.585887 0.258543 0.910214 0.912107 0.743277 0.17305 0.428751 0.550304 -0.761232 0.45437 0.371733 
-1.04898 0.0706913 0.153521 -0.736397 -0.936278 -0.916495 0.224576 -0.485086 -0.541933 -0.22245 -0.162094 0.157312 0.12343 0.663476 -0.149798 -0.485682 -0.025181 0.0295881 0.0894571 0.596899 0.23711 0.908341 0.895076 0.748861 0.173554 0.41886 0.564375 -0.764237 0.431961 0.367308 
-1.01875 0.0486859 0.174398 -0.737916 -0.947723 -0.901063 0.205921 -0.499334 -0.537803 -0.243706 -0.160442 0.124727 0.169324 0.689287 -0.197064 -0.454462 -0.0181018 0.0234741 0.091946 0.558987 0.271023 0.927265 0.92543 0.760324 0.182918 0.440763 0.556507 -0.764556 0.473894 0.350884 
-1.06092 0.105406 0.21949 -0.675054 -0.895108 -0.85558 0.257464 -0.480686 -0.528877 -0.236889 -0.0853643 0.0400497 0.152092 0.682341 -0.156431 -0.511472 -0.0112762 -0.00181993 0.06833 0.603201 0.31317 0.878725 0.909313 0.67756 0.140175 0.475786 0.585177 -0.720489 0.406381 0.397695 
-1.07924 0.0808602 0.200933 -0.654892 -0.902519 -0.853444 0.230544 -0.482164 -0.545665 -0.238769 -0.06744 0.0636867 0.170978 0.69542 -0.133528 -0.504437 0.00579891 -0.00988023 0.0812842 0.5889 0.301434 0.875448 0.905009 0.672324 0.113732 0.471787 0.59713 -0.730825 0.430592 0.371626 
-1.0807 0.0795347 0.228177 -0.648848 -0.880693 -0.876304 0.262436 -0.46106 -0.542215 -0.257111 -0.0743127 0.0580631 0.137017 0.672686 -0.137843 -0.517494 -0.0162613 -0.00440893 0.0602995 0.603181 0.333696 0.85214 0.884146 0.660798 0.135303 0.490289 0.606013 -0.698869 0.380207 0.395508 
-1.02698 0.0991827 0.175924 -0.678847 -0.885086 -0.895997 0.307996 -0.479321 -0.530331 -0.188363 -0.0871277 0.0613252 0.120547 0.672027 -0.172573 -0.468315 -0.00608606 -0.00577879 0.0463596 0.661746 0.261281 0.898413 0.967208 0.652034 0.0951687 0.446511 0.573883 -0.800499 0.415618 0.388174 
-1.01361 0.0867582 0.172843 -0.672909 -0.858304 -0.89548 0.329126 -0.471747 -0.528457 -0.198946 -0.079827 0.0500701 0.0939016 0.689711 -0.168614 -0.449497 -0.0206194 0.00165471 0.0732056 0.659938 0.25292 0.893098 0.949291 0.625844 0.0718093 0.438941 0.548676 -0.815589 0.442884 0.3686 
-1.02586 0.111995 0.166694 -0.694956 -0.887397 -0.875459 0.314837 -0.495275 -0.51727 -0.168695 -0.104614 0.0834177 0.141905 0.654812 -0.171632 -0.471861 -0.0321291 -0.0144511 0.03629 0.668438 0.282028 0.894593 0.971924 0.650079 0.0752853 0.424303 0.568279 -0.817609 0.418728 0.365649 
-1.02158 0.179054 0.172386 -0.694006 -0.828717 -0.873761 0.219033 -0.521123 -0.513927 -0.184623 -0.0814028 0.0725741 0.109277 0.706944 -0.161535 -0.442753 -0.0498506 0.0113231 0.109924 0.651367 0.309875 0.941181 0.934333 0.710374 0.143531 0.36201 0.531826 -0.734642 0.406317 0.409572 
-1.02081 0.172459 0.164206 -0.719439 -0.851046 -0.847301 0.21135 -0.503834 -0.529255 -0.175449 -0.0848407 0.0769218 0.104701 0.687662 -0.151126 -0.458332 -0.0460389 0.0353026 0.0897069 0.673559 0.326804 0.923279 0.932614 0.689708 0.137326 0.353046 0.523504 -0.747513 0.392052 0.39199 
-1.00884 0.202061 0.150121 -0.691531 -0.823383 -0.896705 0.214967 -0.498341 -0.505987 -0.158157 -0.0783629 0.0657676 0.110468 0.689901 -0.173796 -0.420806 -0.0391014 0.0128364 0.0960973 0.664784 0.324182 0.934117 0.915397 0.712331 0.127551 0.36096 0.557076 -0.720339 0.404579 0.407329 
-1.02092 0.134961 0.186813 -0.689215 -0.879691 -0.8745 0.227803 -0.490072 -0.510167 -0.176445 -0.0937369 0.040046 0.141036 0.651519 -0.178546 -0.493317 -0.0238773 0.0149238 0.0356207 0.587524 0.298315 0.96206 0.980016 0.690213 0.130686 0.396522 0.568239 -0.783676 0.351359 0.387685 
-1.01395 0.110376 0.199831 -0.703515 -0.890113 -0.852487 0.211533 -0.467127 -0.489544 -0.185325 -0.0770243 0.0492421 0.119044 0.641175 -0.174615 -0.511879 -0.0367138 0.0258207 0.0497039 0.566484 0.313563 0.975949 0.959651 0.691278 0.132971 0.402177 0.550765 -0.802957 0.373934 0.368278 
-1.01582 0.11431 0.175336 -0.68543 -0.887724 -0.879115 0.248474 -0.516279 -0.495759 -0.178691 -0.0730616 0.037137 0.158118 0.658309 -0.201342 -0.513272 -0.00607968 0.0157289 0.0183382 0.606996 0.305983 0.950888 1.00513 0.685232 0.112563 0.37419 0.543715 -0.79815 0.366981 0.404818 
-1.06093 0.128092 0.231603 -0.688919 -0.876073 -0.841356 0.242885 -0.449059 -0.509087 -0.221017 -0.0685322 0.0235562 0.149683 0.592981 -0.17924 -0.47292 -0.0138586 0.0266249 0.0701229 0.703214 0.25466 0.885039 0.927501 0.723107 0.121547 0.345682 0.578052 -0.750449 0.421465 0.415531 
-1.06009 0.115328 0.252682 -0.70566 -0.886705 -0.817166 0.266787 -0.463743 -0.521983 -0.20989 -0.0506906 -0.00158685 0.176797 0.594703 -0.190964 -0.44667 -0.0348978 0.00154602 0.0934089 0.676744 0.237035 0.88432 0.921443 0.737229 0.135174 0.353931 0.598232 -0.726563 0.406381 0.390165 
-1.0418 0.134819 0.221278 -0.668214 -0.876022 -0.84516 0.222133 -0.44719 -0.498577 -0.242305 -0.0777976 0.0134713 0.162634 0.593408 -0.203589 -0.498934 -0.0312592 0.0149836 0.0726724 0.724757 0.228804 0.886621 0.952807 0.72732 0.122606 0.340189 0.582462 -0.72407 0.395582 0.43816 
-1.05342 0.128075 0.222956 -0.63155 -0.904012 -0.876917 0.255303 -0.511662 -0.511475 -0.231894 -0.0727339 0.0396021 0.143122 0.595698 -0.175171 -0.467407 -0.00803516 0.00939884 0.0516918 0.650723 0.271175 0.916355 0.903021 0.701685 0.121375 0.457068 0.585676 -0.745799 0.422335 0.42281 
-1.03398 0.11356 0.241707 -0.649921 -0.909289 -0.888034 0.249874 -0.537326 -0.503468 -0.237573 -0.0782351 0.0152266 0.141799 0.611257 -0.15308 -0.488136 0.00476844 -0.00817478 0.0549968 0.673688 0.268208 0.892034 0.877947 0.688829 0.0959677 0.445375 0.598187 -0.743935 0.405609 0.400264 
-1.04526 0.122966 0.23814 -0.641347 -0.903583 -0.868662 0.250224 -0.531556 -0.529638 -0.23979 -0.0800463 0.0200161 0.149042 0.605601 -0.193132 -0.462717 -0.0125685 0.0170357 0.0317306 0.64431 0.250661 0.935933 0.898624 0.699649 0.107356 0.469424 0.585904 -0.754492 0.432215 0.415529 
-1.02628 0.129157 0.207776 -0.643257 -0.890018 -0.876413 0.250225 -0.509886 -0.51081 -0.20804 -0.0833233 0.0398529 0.141126 0.624091 -0.176799 -0.47065 -0.0135736 0.0137153 0.0473412 0.631724 0.289935 0.946247 0.943863 0.690693 0.12689 0.411988 0.572366 -0.758107 0.366984 0.416243 
-1.03603 0.104007 0.183223 -0.689472 -0.894603 -0.881771 0.262632 -0.482991 -0.532011 -0.19805 -0.0986448 0.101415 0.122307 0.657076 -0.173628 -0.47909 0.0058328 -0.00599215 0.0561622 0.655934 0.276653 0.909234 0.938119 0.655317 0.11153 0.430525 0.56504 -0.794524 0.430408 0.387753 
-1.04427 0.114548 0.18263 -0.68214 -0.861511 -0.881508 0.265804 -0.496154 -0.530478 -0.212733 -0.0893673 0.0629682 0.116177 0.704466 -0.171938 -0.458983 -0.00722418 -0.0100417 0.0558867 0.660976 0.290963 0.932579 0.927533 0.655736 0.0965339 0.418727 0.557578 -0.793776 0.410565 0.395019 
-1.05376 0.116316 0.211987 -0.689262 -0.908862 -0.866796 0.238763 -0.48152 -0.535901 -0.220274 -0.128764 0.0453283 0.129265 0.680513 -0.174261 -0.509096 -0.00921226 -0.00625488 0.0746399 0.603093 0.29783 0.889591 0.907235 0.679736 0.150517 0.466727 0.571737 -0.752912 0.472124 0.392882 
-1.02765 0.0976117 0.171755 -0.685235 -0.944557 -0.892787 0.271938 -0.476745 -0.555199 -0.196745 -0.0929009 0.107085 0.124071 0.666786 -0.171744 -0.476286 -0.00558201 -0.00382013 0.0701697 0.646441 0.259773 0.904662 0.921399 0.657516 0.140002 0.43041 0.560012 -0.782706 0.419127 0.382847 
-1.04864 0.140441 0.182553 -0.679732 -0.858636 -0.876894 0.234603 -0.499467 -0.531494 -0.193245 -0.0893609 0.063613 0.117476 0.702688 -0.168168 -0.461574 -0.0075851 -0.0102449 0.0572851 0.658758 0.269067 0.917324 0.941516 0.69165 0.111871 0.443499 0.558382 -0.78224 0.411885 0.393726 
-1.05317 0.0926968 0.17409 -0.678791 -0.897216 -0.874967 0.253012 -0.476806 -0.549474 -0.243656 -0.0892452 0.0657814 0.149312 0.665791 -0.166873 -0.496454 -0.00519361 0.00106505 0.0853367 0.588724 0.296463 0.879542 0.91158 0.679281 0.160097 0.469083 0.578843 -0.72744 0.444707 0.395004 
-1.0499 0.133364 0.228275 -0.689145 -0.8778 -0.850681 0.239376 -0.45553 -0.509432 -0.211606 -0.0708992 0.0319618 0.143968 0.597348 -0.178807 -0.486322 -0.0230339 0.0252693 0.0490688 0.609503 0.266015 0.893535 0.953936 0.702729 0.125565 0.352072 0.570882 -0.777257 0.373686 0.411672 
-1.02297 0.155296 0.175466 -0.694194 -0.836788 -0.873099 0.235567 -0.505411 -0.573016 -0.185909 -0.0905637 0.0862327 0.134022 0.685903 -0.157281 -0.442869 -0.01055 0.017217 0.10285 0.659359 0.3219 0.939668 0.943322 0.709765 0.11593 0.363492 0.530829 -0.736117 0.410601 0.408828 
-1.04405 0.10861 0.218767 -0.677041 -0.889638 -0.862016 0.246073 -0.483852 -0.539136 -0.248592 -0.0883603 0.0885603 0.158178 0.658028 -0.156112 -0.505985 -0.00950156 0.0108092 0.0682546 0.638482 0.31439 0.899107 0.91606 0.696004 0.137111 0.448326 0.53549 -0.736238 0.407853 0.386545 
-1.04373 0.147461 0.20266 -0.686247 -0.862628 -0.866784 0.239263 -0.491953 -0.548396 -0.231399 -0.108775 0.0883673 0.157662 0.705987 -0.156175 -0.475843 -0.00321627 -0.0110084 0.0697452 0.670618 0.312489 0.939268 0.932011 0.71326 0.124036 0.407161 0.542634 -0.758461 0.4085 0.401249 
-1.0421 0.119737 0.210097 -0.701824 -0.899309 -0.873913 0.23954 -0.488078 -0.569451 -0.226176 -0.13079 0.118889 0.159713 0.64535 -0.170551 -0.488177 0.0117768 0.00261421 0.0699093 0.639189 0.318226 0.919053 0.930806 0.705056 0.1491 0.409634 0.549978 -0.758986 0.438133 0.387233 
-1.03931 0.140596 0.184278 -0.680006 -0.863225 -0.8848 0.277399 -0.509051 -0.535948 -0.209221 -0.088823 0.066549 0.112974 0.68384 -0.162475 -0.460519 -0.00691893 -0.00925066 0.0780942 0.660113 0.299242 0.90444 0.948504 0.686778 0.11396 0.412242 0.556496 -0.782273 0.410058 0.400579 
-1.03197 0.104479 0.183103 -0.684332 -0.835411 -0.882438 0.286972 -0.486797 -0.532127 -0.207456 -0.0878662 0.0688977 0.120225 0.688988 -0.171724 -0.447415 -0.00812059 -0.00819126 0.0592688 0.6577 0.265198 0.911157 0.965614 0.699646 0.10557 0.41389 0.555361 -0.795647 0.409918 0.391677 
-1.03331 0.0917453 0.17038 -0.700261 -0.89452 -0.895453 0.234372 -0.478973 -0.553784 -0.228546 -0.0997112 0.0731037 0.136839 0.663171 -0.172462 -0.472439 -0.00603148 0.000782089 0.0849338 0.644264 0.259338 0.908239 0.925739 0.730718 0.157053 0.433106 0.561135 -0.778544 0.437205 0.372235 
-1.03508 0.138706 0.187866 -0.687155 -0.866271 -0.876222 0.229539 -0.50202 -0.529211 -0.178715 -0.0915766 0.0747528 0.13417 0.652553 -0.163928 -0.493279 -0.0199026 -0.00766523 0.0947217 0.593544 0.30017 0.961498 0.944308 0.725058 0.129766 0.398996 0.564789 -0.771269 0.365312 0.399082 
-1.04626 0.126315 0.186945 -0.695847 -0.836304 -0.87487 0.225078 -0.52013 -0.536683 -0.198431 -0.11516 0.11662 0.111836 0.681294 -0.175626 -0.458622 -0.0376523 -0.00147543 0.0761231 0.649691 0.293981 0.940082 0.92786 0.698497 0.145499 0.367334 0.559374 -0.751058 0.471683 0.405292 
-1.05494 0.128077 0.229939 -0.679346 -0.895169 -0.866769 0.242953 -0.499315 -0.510102 -0.229375 -0.0718482 0.0367701 0.145336 0.593791 -0.178143 -0.468043 -0.0109277 0.0225969 0.0586261 0.687119 0.258836 0.915243 0.921131 0.720116 0.121391 0.395277 0.584098 -0.746065 0.421572 0.41793 
-1.02282 0.102715 0.185016 -0.685145 -0.882956 -0.882389 0.254639 -0.485598 -0.511494 -0.181565 -0.0919976 0.0433624 0.138117 0.654867 -0.172629 -0.487386 -0.0119019 0.001471 0.0440118 0.654736 0.273688 0.91026 0.967921 0.686287 0.102827 0.430679 0.570651 -0.785438 0.35841 0.387791 
-1.04037 0.107506 0.180444 -0.688778 -0.885988 -0.894662 0.245034 -0.479357 -0.542933 -0.192056 -0.105948 0.0627233 0.121564 0.669649 -0.175665 -0.473672 0.0168687 -0.00743477 0.0713777 0.619118 0.267602 0.914619 0.956168 0.667594 0.129939 0.430292 0.566865 -0.779761 0.447706 0.388109 
