-1.04445 0.186402 0.140773 -0.688139 -0.861625 -0.897973 0.247682 -0.523852 -0.502988 -0.186147 -0.0876751 0.0729978 0.106885 0.713476 -0.19127 -0.461066 -0.0322438 -0.0186756 0.0851421 0.640669 0.335667 0.944409 0.960389 0.675126 0.144538 0.392431 0.519608 -0.719152 0.379107 0.419084 
-1.04607 0.16262 0.179162 -0.664955 -0.883073 -0.874826 0.274197 -0.474028 -0.519008 -0.217494 -0.104235 0.0903608 0.13234 0.671488 -0.178193 -0.485617 -0.0425947 0.0125154 0.0469611 0.688816 0.31963 0.870659 0.959443 0.673809 0.0970058 0.426183 0.555729 -0.808721 0.408948 0.42299 
-1.02958 0.160058 0.17979 -0.674097 -0.89318 -0.852175 0.22463 -0.493669 -0.499944 -0.211946 -0.0921735 0.00864672 0.175712 0.668209 -0.210765 -0.499608 -0.00337653 0.0341883 0.0621719 0.622754 0.31228 0.951312 0.956056 0.690704 0.161736 0.393398 0.594355 -0.775079 0.323902 0.400815 
-1.07005 0.123152 0.237094 -0.667214 -0.953378 -0.868539 0.291374 -0.533057 -0.572484 -0.205244 -0.0841686 0.182167 0.160902 0.650905 -0.150838 -0.493459 0.0441512 -0.0537811 0.071599 0.727323 0.233202 0.833158 0.922297 0.68365 0.14927 0.40242 0.554581 -0.732749 0.398646 0.421683 
-1.04313 0.130819 0.20382 -0.69769 -0.860421 -0.86971 0.206256 -0.52005 -0.546964 -0.180288 -0.117032 0.0632663 0.12737 0.685827 -0.18526 -0.486546 -0.00235042 -0.0219598 0.104189 0.575329 0.273244 0.936775 0.965521 0.690495 0.130773 0.370038 0.549342 -0.795093 0.391984 0.402655 
-1.03284 0.119564 0.157915 -0.664487 -0.832569 -0.86542 0.218936 -0.52493 -0.555875 -0.224571 -0.0774045 0.105568 0.11848 0.711642 -0.155878 -0.418435 -0.00470108 -0.0343305 0.148327 0.646955 0.301947 0.964752 0.941637 0.730384 0.134367 0.43489 0.538522 -0.744348 0.412624 0.405167 
-1.0073 0.129067 0.261971 -0.677475 -0.927632 -0.892545 0.268334 -0.559816 -0.534705 -0.21647 -0.085072 -0.00176178 0.154187 0.641641 -0.14343 -0.456523 -0.0078851 -0.00993033 0.0682454 0.642866 0.292808 0.86122 0.854372 0.662771 0.109892 0.44318 0.603946 -0.730616 0.41623 0.41778 
-1.02319 0.0887339 0.229124 -0.733388 -0.881596 -0.881442 0.200378 -0.486144 -0.464845 -0.156635 -0.0478356 0.0547373 0.149605 0.61936 -0.184722 -0.512784 -0.0246316 0.0119021 0.026252 0.560353 0.283635 0.950417 0.955298 0.692309 0.16105 0.424828 0.558982 -0.827981 0.401821 0.386024 
-1.08221 0.153992 0.240172 -0.636889 -0.918972 -0.872771 0.276015 -0.482954 -0.499453 -0.23023 -0.0472522 0.0535865 0.164565 0.591463 -0.156167 -0.495947 0.0122288 -0.0110998 0.0824364 0.658817 0.242729 0.930952 0.921546 0.712445 0.131087 0.478676 0.578227 -0.760154 0.414727 0.410107 
-1.01029 0.109691 0.254964 -0.601557 -0.943953 -0.866831 0.186932 -0.448419 -0.547824 -0.246179 -0.0586346 0.0609913 0.0956504 0.605835 -0.10277 -0.407392 -0.0669565 0.0598466 0.0182075 0.652229 0.326935 0.892429 0.9437 0.690978 0.137766 0.471636 0.546024 -0.711752 0.383808 0.35143 
-1.05623 0.124939 0.209962 -0.645396 -0.835711 -0.81648 0.237597 -0.469926 -0.561462 -0.2197 -0.0808396 0.121259 0.088151 0.656155 -0.125491 -0.475941 -0.111079 0.0556788 0.0329954 0.654703 0.390343 0.83665 0.951633 0.66776 0.176126 0.473922 0.50746 -0.737404 0.447036 0.377042 
-1.05411 0.0517349 0.163531 -0.667145 -0.926297 -0.898716 0.289099 -0.486402 -0.630238 -0.195843 -0.138078 0.135514 0.110204 0.608733 -0.177755 -0.508105 -0.0161534 0.0224547 0.103229 0.612439 0.260518 0.911634 0.961286 0.76045 0.177667 0.422706 0.582115 -0.751159 0.465541 0.410826 
-1.04151 0.157165 0.295808 -0.602317 -0.953519 -0.864449 0.239591 -0.507081 -0.605521 -0.205592 -0.167687 0.0732936 0.1441 0.705381 -0.142873 -0.501771 0.0650326 -0.0100053 0.0552182 0.679049 0.293589 0.85345 0.91752 0.76169 0.16648 0.366481 0.548334 -0.744745 0.462294 0.41982 
-1.00565 0.0994227 0.213931 -0.70226 -0.930782 -0.856079 0.244931 -0.505655 -0.518738 -0.201185 -0.169574 0.125565 0.104469 0.620894 -0.182379 -0.46578 0.0114922 0.000575151 0.0752833 0.640522 0.294032 0.93474 0.920763 0.753234 0.148852 0.382585 0.553399 -0.764367 0.452422 0.390907 
-1.06658 0.111595 0.235081 -0.712397 -0.906167 -0.88327 0.272561 -0.488775 -0.527391 -0.219421 -0.113802 0.0320836 0.153377 0.68706 -0.203696 -0.451111 -0.00179191 0.00758825 0.00533822 0.65612 0.324367 0.970444 0.860781 0.676853 0.103675 0.377168 0.582275 -0.792569 0.420448 0.393904 
-1.04681 0.065519 0.206434 -0.659412 -0.900124 -0.894477 0.188733 -0.441177 -0.619551 -0.241961 -0.16279 0.153343 0.168549 0.691933 -0.294515 -0.521477 0.0583431 0.109493 0.000805573 0.634814 0.291027 0.919064 0.858211 0.601023 0.163792 0.384173 0.600713 -0.730939 0.350351 0.402858 
-1.06125 0.153041 0.204753 -0.714331 -0.836583 -0.907595 0.229992 -0.421515 -0.659936 -0.229293 -0.102907 0.0733553 0.104661 0.695406 -0.153061 -0.450333 -0.0276457 -0.00656374 0.0339124 0.656294 0.346011 0.928975 0.964528 0.725277 0.124587 0.463488 0.543699 -0.779549 0.501668 0.399808 
-1.00243 0.0380543 0.143038 -0.666346 -0.912008 -0.911232 0.266798 -0.474402 -0.549444 -0.21426 -0.0963288 0.163555 0.0828233 0.612078 -0.14203 -0.502042 0.0247168 0.0394953 0.0626583 0.612366 0.27094 0.925288 0.91841 0.748158 0.158512 0.380483 0.60493 -0.772283 0.426058 0.399792 
-0.973052 0.0917457 0.252344 -0.639723 -0.93252 -0.849122 0.260558 -0.484992 -0.519373 -0.22389 -0.0932425 0.0240463 0.117662 0.700762 -0.204533 -0.529245 -0.048987 0.0631737 0.073528 0.654156 0.241477 0.980813 0.941675 0.7077 0.126759 0.489679 0.638129 -0.799027 0.396718 0.339524 
-1.04593 0.10998 0.253772 -0.719939 -0.846526 -0.870874 0.251146 -0.496271 -0.559431 -0.230926 -0.125996 0.0741422 0.106792 0.665211 -0.170285 -0.46601 0.0521572 -0.000509366 0.0478205 0.6548 0.320701 0.937459 0.933114 0.67461 0.11667 0.456265 0.536388 -0.709136 0.480996 0.36652 
-1.03426 0.0991496 0.225905 -0.647571 -0.886538 -0.900435 0.219464 -0.542738 -0.620977 -0.177793 -0.148385 0.120385 0.122696 0.630859 -0.242156 -0.524201 -0.0416365 -0.0288835 0.0674962 0.672666 0.308787 0.939775 0.902971 0.732204 0.154583 0.424984 0.614545 -0.697325 0.390156 0.404224 
-1.0603 0.170418 0.212071 -0.736457 -0.885812 -0.903158 0.266766 -0.498437 -0.535626 -0.104941 -0.0735756 0.0224456 0.0871795 0.610561 -0.131426 -0.475356 -0.0523925 -0.0115826 -0.00497619 0.583023 0.325852 0.959229 0.97076 0.673327 0.0776591 0.486692 0.590178 -0.755596 0.392736 0.457417 
-1.04061 0.109698 0.22453 -0.699209 -0.931451 -0.924898 0.266433 -0.549008 -0.584922 -0.27161 -0.105923 0.128137 0.177042 0.69196 -0.0967532 -0.453606 -0.000871652 -0.0188826 0.0657863 0.744265 0.226765 0.88849 0.936657 0.709766 0.208298 0.498031 0.607056 -0.746335 0.411116 0.417433 
-1.00304 0.135413 0.227454 -0.714349 -0.873029 -0.882233 0.237261 -0.425592 -0.553614 -0.203748 -0.133188 0.0148726 0.125759 0.670187 -0.137334 -0.544541 -0.00435126 0.0270107 -0.0036964 0.605949 0.276984 0.907489 1.02688 0.762321 0.12209 0.44504 0.541345 -0.752175 0.436164 0.405255 
-1.04828 0.0971218 0.230833 -0.698729 -0.876297 -0.857618 0.193371 -0.511936 -0.547062 -0.241205 -0.117039 0.0727754 0.127189 0.705203 -0.199891 -0.427272 0.0186038 -0.00545159 0.0503736 0.60504 0.307612 0.925148 0.965397 0.699876 0.0929691 0.408593 0.593897 -0.818148 0.434193 0.393955 
-1.04058 0.083401 0.258733 -0.716654 -0.902751 -0.855159 0.217275 -0.519788 -0.514964 -0.194028 -0.158321 0.0515835 0.133202 0.642751 -0.16079 -0.489686 0.021519 0.0327702 0.0283238 0.614193 0.370625 0.911665 0.920503 0.763218 0.129613 0.442218 0.638871 -0.773468 0.504791 0.390804 
-1.0439 0.164355 0.254944 -0.664512 -0.870993 -0.875132 0.231685 -0.521058 -0.526646 -0.195642 -0.108053 -0.00226599 0.092176 0.717204 -0.248408 -0.500034 -0.0203077 -0.0632391 0.0721199 0.646808 0.320928 0.939252 0.95194 0.689286 0.0298364 0.394385 0.598493 -0.796646 0.439859 0.457431 
-1.09044 0.105992 0.214899 -0.709941 -0.819211 -0.866522 0.257143 -0.519788 -0.545652 -0.184347 -0.0521981 0.0403234 0.115918 0.677306 -0.183642 -0.446458 0.0395779 0.0155698 0.134839 0.634957 0.265163 0.945485 0.896665 0.773895 0.146707 0.429124 0.536183 -0.765688 0.402754 0.434981 
-1.06414 0.0555211 0.25478 -0.705824 -0.898697 -0.864551 0.220088 -0.48207 -0.527725 -0.202004 -0.118756 0.0517484 0.175573 0.634056 -0.175249 -0.497193 0.0571874 -0.00208606 0.0985144 0.738618 0.264735 0.904624 0.935663 0.709564 0.130066 0.414107 0.541022 -0.798742 0.443415 0.451626 
-1.09158 0.0848812 0.221972 -0.657402 -0.887518 -0.848798 0.274345 -0.476636 -0.517128 -0.25481 -0.0653519 0.0809463 0.159761 0.690878 -0.128718 -0.513783 -0.00460293 -0.0137044 0.0465522 0.61787 0.321296 0.861858 0.900794 0.635074 0.135071 0.499668 0.59086 -0.706598 0.385248 0.376826 
-1.04818 0.0745821 0.131067 -0.745774 -0.917215 -0.919196 0.211488 -0.485993 -0.540487 -0.19471 -0.16998 0.184624 0.134606 0.663167 -0.136368 -0.482933 -0.0186409 0.0448291 0.0755297 0.585334 0.24947 0.886004 0.922731 0.727193 0.17564 0.418513 0.575991 -0.757227 0.432023 0.353407 
-1.03676 0.0941362 0.191956 -0.709246 -0.93396 -0.845878 0.242124 -0.486209 -0.535239 -0.244077 -0.120152 0.0575981 0.108108 0.666906 -0.163585 -0.50411 -0.0137836 -0.0283845 0.0838945 0.584126 0.322832 0.868299 0.891745 0.696978 0.163484 0.468643 0.546094 -0.759522 0.489737 0.39703 
-1.01694 0.18913 0.151399 -0.719199 -0.86666 -0.868066 0.207928 -0.514535 -0.547477 -0.18331 -0.102185 0.0563291 0.0911585 0.681383 -0.125743 -0.43993 -0.0367276 0.0536346 0.0911822 0.648727 0.316551 0.915514 0.913026 0.707461 0.12292 0.369204 0.540419 -0.761126 0.381676 0.409858 
-0.911339 0.154873 0.189955 -0.699046 -0.861466 -0.851576 0.259572 -0.523618 -0.542131 -0.138088 -0.137909 0.0842177 0.104921 0.666123 -0.216051 -0.45039 -0.0713143 -0.0247169 0.0383251 0.579125 0.299595 0.954736 0.983205 0.703938 0.0979029 0.42426 0.605412 -0.707683 0.423119 0.454056 
-1.02251 0.0819872 0.192736 -0.697781 -0.939873 -0.844318 0.199301 -0.470684 -0.518167 -0.199499 -0.111088 0.0644796 0.156113 0.659764 -0.138812 -0.482621 0.0126781 0.0163065 0.0154041 0.584464 0.271231 0.906465 0.958763 0.658753 0.119627 0.422537 0.620406 -0.709469 0.419763 0.419173 
-1.04368 0.0479048 0.197994 -0.712953 -0.865189 -0.886055 0.281278 -0.452485 -0.540648 -0.215224 -0.134426 0.104642 0.149451 0.619377 -0.168895 -0.487541 0.0643765 0.0415725 0.127674 0.630068 0.32468 0.88263 0.894775 0.74586 0.171397 0.360615 0.539848 -0.79634 0.406948 0.449429 
-1.00437 0.10796 0.264208 -0.649222 -0.876719 -0.906832 0.258587 -0.441754 -0.525807 -0.205367 -0.0790083 -0.0161896 0.110372 0.681328 -0.100982 -0.509236 0.00108046 -0.0248794 0.0396799 0.606844 0.353669 0.894797 0.970792 0.671888 0.132548 0.441411 0.628171 -0.772708 0.445944 0.43503 
-1.09264 0.0884877 0.18978 -0.682591 -0.807618 -0.828944 0.195308 -0.521627 -0.53909 -0.231887 -0.0998855 0.128669 0.0895484 0.569061 -0.114095 -0.526518 0.0561699 0.0359988 0.113638 0.703832 0.265229 0.905985 0.91566 0.70431 0.141322 0.441781 0.524445 -0.715108 0.440815 0.435892 
-1.00986 0.119749 0.210353 -0.715406 -0.918113 -0.873618 0.18561 -0.505355 -0.552259 -0.212846 -0.142669 0.031658 0.142712 0.671362 -0.188161 -0.465248 -0.00612363 0.0616184 0.0456286 0.59348 0.275957 0.949477 0.980138 0.722429 0.141293 0.383978 0.622358 -0.745565 0.441978 0.405923 
-0.984648 0.114935 0.177113 -0.694635 -0.895936 -0.910931 0.254522 -0.493756 -0.477288 -0.145608 -0.0826044 0.0441058 0.122912 0.665604 -0.1641 -0.489453 -0.0898029 -0.00143274 0.0589308 0.630806 0.324908 0.967107 0.930043 0.719046 0.120208 0.436897 0.578837 -0.747071 0.421673 0.383234 
-1.06027 0.0420157 0.234623 -0.661393 -0.796264 -0.860521 0.245278 -0.465723 -0.512197 -0.192935 -0.090569 0.160362 0.113152 0.699385 -0.141216 -0.43149 -0.0175435 -0.00419251 0.0465418 0.676726 0.327351 0.910149 0.944602 0.717503 0.106636 0.34478 0.501085 -0.749651 0.4514 0.374107 
-1.0688 0.101934 0.185981 -0.686961 -0.85762 -0.89904 0.267732 -0.492498 -0.525926 -0.208465 -0.0938776 0.088789 0.140413 0.727807 -0.193489 -0.436837 -0.0215215 -0.0325363 0.0601054 0.640519 0.276844 0.937069 0.932722 0.629009 0.108208 0.435919 0.5619 -0.801017 0.387899 0.384559 
-1.03052 0.12199 0.266145 -0.634706 -0.977208 -0.848952 0.209771 -0.533527 -0.511084 -0.176056 -0.120068 0.0720367 0.168979 0.667259 -0.170903 -0.427404 0.0243132 -0.0232719 0.0425235 0.64088 0.362113 0.879943 0.952249 0.625405 0.172932 0.396124 0.544444 -0.65098 0.473942 0.438027 
-1.01631 0.0980426 0.163003 -0.706255 -0.925435 -0.904485 0.23475 -0.488211 -0.546243 -0.173311 -0.142975 0.162387 0.133035 0.682075 -0.12865 -0.449861 -0.042741 0.0158708 0.0725578 0.557098 0.311996 0.917348 0.972216 0.683043 0.0910169 0.421771 0.586676 -0.777842 0.455205 0.430574 
-1.10814 0.164538 0.236388 -0.6979 -0.856073 -0.86484 0.248563 -0.51801 -0.498782 -0.195629 -0.117559 0.0259372 0.14677 0.734357 -0.0978286 -0.439349 -0.0567562 0.00174545 -0.0346604 0.642328 0.361592 0.938869 0.958266 0.669597 0.10104 0.408317 0.560693 -0.802257 0.353012 0.378906 
-1.04897 0.135598 0.205949 -0.665976 -0.88398 -0.849249 0.237027 -0.513599 -0.514283 -0.230753 -0.0838885 0.0310121 0.124157 0.601312 -0.17242 -0.449648 -0.0046678 0.00166723 0.0594138 0.71016 0.232728 0.938025 0.893887 0.746957 0.114263 0.409992 0.596119 -0.730614 0.423039 0.401241 
-1.03769 0.119304 0.211163 -0.696231 -0.910506 -0.826208 0.23475 -0.529094 -0.526858 -0.207784 -0.133811 0.116463 0.124287 0.652148 -0.163078 -0.481745 0.00505594 -0.00477213 0.0446997 0.614694 0.35755 0.886243 0.95746 0.688305 0.108993 0.435157 0.56352 -0.740357 0.432775 0.392731 
-1.03992 0.0996202 0.19402 -0.665235 -0.931441 -0.879942 0.282536 -0.449928 -0.557362 -0.180625 -0.0904948 0.0842574 0.135199 0.683532 -0.183683 -0.462954 -0.00387611 0.0192939 0.0635756 0.622796 0.272536 0.900751 0.906676 0.682324 0.146194 0.444646 0.535931 -0.778239 0.419689 0.409734 
-1.03192 0.0957709 0.180624 -0.700804 -0.893657 -0.872027 0.220837 -0.459449 -0.534228 -0.196906 -0.126508 0.136506 0.148012 0.635788 -0.197768 -0.477259 0.00593835 -0.000748717 0.0724265 0.615383 0.282893 0.938516 0.915593 0.661436 0.152921 0.371019 0.591148 -0.774075 0.461899 0.411905 
-1.03343 0.142575 0.258627 -0.662474 -0.913802 -0.905947 0.275912 -0.519419 -0.590755 -0.222078 -0.115903 0.130472 0.136987 0.685295 -0.120823 -0.533405 0.0546707 -0.044513 0.0653178 0.67886 0.219857 0.837339 0.882869 0.715991 0.196515 0.444523 0.601988 -0.724529 0.406461 0.427449 
-1.04219 0.0784236 0.184501 -0.656072 -0.900475 -0.875 0.220518 -0.520589 -0.557451 -0.238107 -0.0499417 0.0328321 0.125981 0.668776 -0.116261 -0.482141 0.0189278 -0.0216117 0.0201487 0.609107 0.345395 0.935707 0.997015 0.696909 0.194145 0.454092 0.555119 -0.695283 0.427233 0.40334 
-1.02089 0.0613757 0.17902 -0.65458 -0.914199 -0.864564 0.210608 -0.536963 -0.569925 -0.217508 -0.0251653 0.0523252 0.101791 0.654264 -0.119967 -0.458757 0.0101778 -0.0221996 0.0233828 0.609107 0.36898 0.935304 0.994716 0.688143 0.193399 0.449177 0.532867 -0.701404 0.421716 0.377435 
-1.06415 0.0536027 0.161548 -0.640419 -0.886107 -0.848673 0.231794 -0.541062 -0.530401 -0.225535 -0.0488875 0.00898987 0.13494 0.683456 -0.107728 -0.490232 0.0196517 -0.0294743 0.037899 0.597355 0.326974 0.936202 0.973468 0.6695 0.216093 0.480433 0.538141 -0.710318 0.432468 0.429034 
-1.07554 0.0939197 0.182172 -0.648228 -0.947092 -0.878607 0.262536 -0.461058 -0.601057 -0.226341 -0.0626952 0.0846662 0.130244 0.650531 -0.125618 -0.507226 -0.0309886 0.0199567 0.0194578 0.569878 0.297546 0.921001 0.953142 0.713088 0.16107 0.442436 0.56579 -0.754496 0.403184 0.37895 
-1.05707 0.073709 0.198797 -0.643311 -0.959235 -0.879339 0.263154 -0.47544 -0.579185 -0.208763 -0.0851782 0.103586 0.145443 0.624194 -0.151696 -0.49399 -0.0468604 -0.00142918 0.0422853 0.561306 0.309738 0.904753 0.945178 0.715097 0.173596 0.438155 0.564386 -0.739381 0.411931 0.399052 
-1.09177 0.115863 0.191573 -0.667456 -0.943429 -0.858959 0.245096 -0.482833 -0.60835 -0.228277 -0.0877978 0.0855006 0.136588 0.634853 -0.118688 -0.521856 -0.00727016 -0.00675474 0.00849893 0.569708 0.307642 0.925414 0.950571 0.731855 0.146212 0.428472 0.542804 -0.730637 0.421018 0.385721 
-1.04864 0.140441 0.182553 -0.679732 -0.858636 -0.876894 0.234603 -0.499467 -0.531494 -0.193245 -0.0893609 0.063613 0.117476 0.702688 -0.168168 -0.461574 -0.0075851 -0.0102449 0.0572851 0.658758 0.269067 0.917324 0.941516 0.69165 0.111871 0.443499 0.558382 -0.78224 0.411885 0.393726 
-1.06836 0.147522 0.20181 -0.663312 -0.831322 -0.877143 0.251038 -0.497428 -0.512311 -0.201462 -0.115805 0.0377943 0.0948213 0.72761 -0.162092 -0.477392 0.0162483 -0.0204934 0.0564834 0.682582 0.258064 0.92371 0.928008 0.710139 0.100233 0.457417 0.554414 -0.796691 0.385442 0.37739 
-1.03874 0.13445 0.179402 -0.67447 -0.880418 -0.88714 0.261683 -0.504717 -0.514172 -0.219083 -0.092129 0.0884514 0.121745 0.714081 -0.182184 -0.44691 -0.0149486 0.0105402 0.0471439 0.653211 0.246537 0.913294 0.96081 0.711434 0.137129 0.437361 0.56726 -0.790531 0.418915 0.418483 
-1.04727 0.116956 0.214338 -0.697941 -0.887768 -0.852014 0.215893 -0.492335 -0.533439 -0.244722 -0.0748843 0.0536164 0.106637 0.635107 -0.118233 -0.449485 -0.00372618 -0.0147368 0.0697052 0.593356 0.345442 0.897529 0.948645 0.672339 0.112393 0.379465 0.521178 -0.695376 0.438762 0.377182 
-1.02005 0.0909734 0.236361 -0.710651 -0.899345 -0.835088 0.21202 -0.486806 -0.551665 -0.222079 -0.0483169 0.0375262 0.0828294 0.655905 -0.125987 -0.428942 -0.00709336 -0.0183954 0.0842867 0.594461 0.321741 0.88734 0.940809 0.682475 0.100911 0.400767 0.531416 -0.716692 0.436676 0.38623 
-1.05027 0.0986606 0.224624 -0.699861 -0.907736 -0.827285 0.242496 -0.466017 -0.541624 -0.262952 -0.0705756 0.0557663 0.108983 0.656261 -0.0996568 -0.4534 -0.0107026 -0.0363837 0.0605684 0.585549 0.318615 0.87686 0.949259 0.656448 0.1065 0.386852 0.545839 -0.720464 0.460229 0.377038 
-1.04626 0.126315 0.186945 -0.695847 -0.836304 -0.87487 0.225078 -0.52013 -0.536683 -0.198431 -0.11516 0.11662 0.111836 0.681294 -0.175626 -0.458622 -0.0376523 -0.00147543 0.0761231 0.649691 0.293981 0.940082 0.92786 0.698497 0.145499 0.367334 0.559374 -0.751058 0.471683 0.405292 
-1.0298 0.119134 0.167076 -0.716319 -0.833557 -0.877834 0.209464 -0.522275 -0.546472 -0.197374 -0.0979781 0.0972841 0.119651 0.666907 -0.196955 -0.440234 -0.0269752 -0.00445149 0.0633397 0.668344 0.28391 0.939953 0.908453 0.693361 0.162258 0.3618 0.551056 -0.775883 0.485626 0.392441 
-1.04666 0.148141 0.195971 -0.673052 -0.846791 -0.859713 0.246208 -0.506766 -0.554095 -0.182484 -0.0933672 0.0892861 0.116773 0.708384 -0.163738 -0.43475 -0.0249952 -0.0191314 0.0733743 0.645505 0.294779 0.950572 0.919657 0.717329 0.154106 0.3876 0.564187 -0.726042 0.458583 0.423433 
-1.03603 0.104007 0.183223 -0.689472 -0.894603 -0.881771 0.262632 -0.482991 -0.532011 -0.19805 -0.0986448 0.101415 0.122307 0.657076 -0.173628 -0.47909 0.0058328 -0.00599215 0.0561622 0.655934 0.276653 0.909234 0.938119 0.655317 0.11153 0.430525 0.56504 -0.794524 0.430408 0.387753 
-1.02832 0.111728 0.191465 -0.682404 -0.887466 -0.882641 0.244606 -0.465187 -0.552905 -0.195644 -0.0901319 0.109973 0.149085 0.637273 -0.197784 -0.503312 0.0263732 -0.0244152 0.073104 0.648725 0.255155 0.894751 0.944384 0.628424 0.133389 0.406719 0.587817 -0.777291 0.40988 0.383915 
-1.03821 0.125254 0.169174 -0.676778 -0.908057 -0.879078 0.285333 -0.499086 -0.51686 -0.203094 -0.115466 0.105079 0.146948 0.663606 -0.197539 -0.494958 0.0130559 0.0141125 0.0470402 0.629911 0.297925 0.890994 0.916215 0.669186 0.0844389 0.428541 0.562887 -0.792353 0.445135 0.368912 
-1.0421 0.119737 0.210097 -0.701824 -0.899309 -0.873913 0.23954 -0.488078 -0.569451 -0.226176 -0.13079 0.118889 0.159713 0.64535 -0.170551 -0.488177 0.0117768 0.00261421 0.0699093 0.639189 0.318226 0.919053 0.930806 0.705056 0.1491 0.409634 0.549978 -0.758986 0.438133 0.387233 
-1.06198 0.0994702 0.183768 -0.690588 -0.923346 -0.856731 0.244165 -0.486364 -0.54726 -0.24204 -0.124719 0.141729 0.155751 0.657468 -0.197581 -0.509215 0.00176917 -0.019097 0.0843643 0.653031 0.29719 0.938967 0.939295 0.693884 0.172006 0.389898 0.569165 -0.751122 0.462905 0.378109 
-1.05164 0.0939393 0.217044 -0.679308 -0.918772 -0.870055 0.255003 -0.504473 -0.587867 -0.24401 -0.121418 0.0954038 0.134305 0.642208 -0.18117 -0.504722 0.0172262 -0.00724311 0.0780956 0.624763 0.333476 0.905405 0.917381 0.689331 0.133998 0.410028 0.559019 -0.783343 0.418969 0.372875 
-1.02297 0.155296 0.175466 -0.694194 -0.836788 -0.873099 0.235567 -0.505411 -0.573016 -0.185909 -0.0905637 0.0862327 0.134022 0.685903 -0.157281 -0.442869 -0.01055 0.017217 0.10285 0.659359 0.3219 0.939668 0.943322 0.709765 0.11593 0.363492 0.530829 -0.736117 0.410601 0.408828 
-1.00952 0.131493 0.191881 -0.702253 -0.811675 -0.893991 0.256274 -0.484914 -0.568077 -0.182026 -0.0734324 0.0651991 0.152096 0.688136 -0.131137 -0.448491 -0.0257274 0.00305618 0.0933561 0.667483 0.33706 0.963141 0.952551 0.72172 0.124702 0.365719 0.533311 -0.749129 0.39525 0.417094 
-1.00476 0.160896 0.174052 -0.684164 -0.826048 -0.851382 0.242395 -0.507536 -0.590489 -0.174646 -0.0741777 0.0675868 0.136561 0.684408 -0.178865 -0.42185 0.00921975 0.00902597 0.090369 0.685766 0.310688 0.947702 0.968639 0.729506 0.104529 0.340916 0.518649 -0.709624 0.415744 0.383051 
-1.0499 0.133364 0.228275 -0.689145 -0.8778 -0.850681 0.239376 -0.45553 -0.509432 -0.211606 -0.0708992 0.0319618 0.143968 0.597348 -0.178807 -0.486322 -0.0230339 0.0252693 0.0490688 0.609503 0.266015 0.893535 0.953936 0.702729 0.125565 0.352072 0.570882 -0.777257 0.373686 0.411672 
-1.04755 0.158708 0.226391 -0.664141 -0.869873 -0.874064 0.262603 -0.48078 -0.489011 -0.22437 -0.0504293 0.00708307 0.157866 0.617454 -0.186402 -0.477078 -0.035953 0.0119162 0.0450304 0.614691 0.268483 0.878366 0.966873 0.683677 0.10578 0.377205 0.591293 -0.773408 0.367259 0.39365 
-1.05157 0.113413 0.205138 -0.681375 -0.901233 -0.853274 0.229812 -0.428557 -0.483495 -0.225345 -0.073963 0.0505249 0.15149 0.620336 -0.175344 -0.470211 0.00317583 0.0030178 0.0717069 0.605709 0.259906 0.899328 0.945472 0.707886 0.103334 0.346035 0.5704 -0.780781 0.392494 0.417044 
-1.04037 0.107506 0.180444 -0.688778 -0.885988 -0.894662 0.245034 -0.479357 -0.542933 -0.192056 -0.105948 0.0627233 0.121564 0.669649 -0.175665 -0.473672 0.0168687 -0.00743477 0.0713777 0.619118 0.267602 0.914619 0.956168 0.667594 0.129939 0.430292 0.566865 -0.779761 0.447706 0.388109 
-1.05602 0.103243 0.161523 -0.687377 -0.879143 -0.905015 0.245267 -0.501912 -0.553048 -0.211444 -0.0949201 0.0504828 0.102628 0.668789 -0.202299 -0.47595 -0.009263 -0.0147104 0.0923227 0.633414 0.260671 0.900574 0.95672 0.676861 0.131441 0.44575 0.549341 -0.804391 0.470849 0.396066 
-1.06479 0.124855 0.199066 -0.713312 -0.882823 -0.901529 0.249206 -0.469614 -0.548451 -0.217942 -0.0967781 0.0413312 0.108909 0.677495 -0.200172 -0.457363 0.0407675 -0.0222399 0.0618888 0.643914 0.294623 0.89675 0.973722 0.688293 0.127515 0.43698 0.550285 -0.785349 0.441344 0.390192 
-1.04747 0.144305 0.182107 -0.684323 -0.837934 -0.874538 0.235557 -0.503827 -0.547073 -0.185925 -0.0896807 0.0771069 0.122027 0.695747 -0.160398 -0.443535 -0.00805651 -0.00347475 0.0916939 0.659017 0.282338 0.923195 0.942703 0.706176 0.11215 0.425537 0.542232 -0.751811 0.411263 0.397344 
-1.04847 0.148259 0.214312 -0.693525 -0.845695 -0.857313 0.238787 -0.466975 -0.541395 -0.203505 -0.0714163 0.0699587 0.139408 0.665017 -0.157521 -0.476277 -0.0208565 0.0197075 0.0644363 0.634813 0.28609 0.901436 0.94757 0.70921 0.125122 0.363049 0.531396 -0.749409 0.410465 0.411041 
-1.0492 0.131274 0.211462 -0.698758 -0.884464 -0.85532 0.239465 -0.464971 -0.526182 -0.217334 -0.125508 0.101611 0.153856 0.617489 -0.177007 -0.487525 0.00726444 0.00928874 0.0645666 0.626562 0.267779 0.917221 0.951232 0.704419 0.136445 0.357248 0.558216 -0.763086 0.382797 0.395449 
-1.04545 0.110938 0.201219 -0.69363 -0.904236 -0.874702 0.247571 -0.466983 -0.594968 -0.226311 -0.108905 0.0905985 0.138949 0.647671 -0.133644 -0.492132 -0.0100883 0.0175731 0.0343692 0.636569 0.304394 0.919239 0.949265 0.710367 0.150108 0.438785 0.559824 -0.754686 0.427801 0.38604 
-1.0409 0.118562 0.183163 -0.688808 -0.89163 -0.879085 0.254661 -0.496289 -0.531999 -0.196047 -0.091491 0.0952396 0.121264 0.702036 -0.173025 -0.477923 -0.000677674 -0.0083651 0.0566778 0.658651 0.276539 0.914061 0.94137 0.672804 0.111703 0.439943 0.559095 -0.792735 0.414296 0.388217 
-1.04454 0.125503 0.190019 -0.696553 -0.848789 -0.874737 0.2301 -0.512675 -0.54187 -0.225323 -0.126913 0.118032 0.158046 0.650951 -0.175355 -0.479368 0.00149188 0.000361221 0.0711158 0.642862 0.310517 0.928667 0.929941 0.701162 0.145953 0.368094 0.55518 -0.757977 0.455307 0.402958 
-1.04253 0.0815385 0.212439 -0.68515 -0.892468 -0.866347 0.220178 -0.502087 -0.551427 -0.242799 -0.0588304 0.0423318 0.112196 0.647107 -0.117766 -0.469959 -0.000210585 -0.0165396 0.0467786 0.59971 0.345429 0.924826 0.986311 0.677932 0.120146 0.420166 0.535287 -0.695301 0.436842 0.391202 
-1.04808 0.118506 0.192255 -0.680902 -0.872733 -0.859202 0.228395 -0.499031 -0.531949 -0.239345 -0.0893541 0.0612002 0.111867 0.676039 -0.160566 -0.452295 -0.00597431 -0.0131968 0.0596773 0.642637 0.33618 0.901089 0.944238 0.680355 0.111885 0.434166 0.527833 -0.697602 0.432966 0.390958 
-1.04555 0.153949 0.179138 -0.682245 -0.842897 -0.875823 0.234708 -0.504832 -0.548044 -0.186435 -0.0904154 0.0680467 0.122951 0.695862 -0.166206 -0.458942 -0.00796262 -0.00035461 0.0633093 0.658902 0.289639 0.933314 0.943055 0.692347 0.112964 0.419836 0.557112 -0.756769 0.411334 0.402626 
-1.03627 0.108279 0.185426 -0.695756 -0.867554 -0.879679 0.247041 -0.511878 -0.534229 -0.198179 -0.10721 0.103178 0.114198 0.662097 -0.174041 -0.478665 -0.00443802 -0.00271537 0.064338 0.655909 0.276704 0.916198 0.937404 0.682012 0.137592 0.392081 0.560756 -0.790758 0.44432 0.395735 
-1.02498 0.113255 0.179519 -0.692285 -0.864224 -0.893898 0.240732 -0.498515 -0.561316 -0.189079 -0.0915589 0.0719072 0.130038 0.679898 -0.171863 -0.455214 -0.00687676 0.0013468 0.0835653 0.630875 0.294564 0.927035 0.954315 0.681246 0.124826 0.37376 0.561516 -0.760918 0.429741 0.392117 
-1.04764 0.130069 0.215847 -0.695216 -0.884498 -0.851499 0.224242 -0.479232 -0.528135 -0.220367 -0.0744633 0.0361049 0.122404 0.627001 -0.156313 -0.479329 -0.0212967 0.00277896 0.0694922 0.598662 0.294976 0.894154 0.953227 0.689464 0.117411 0.364627 0.561538 -0.760618 0.411799 0.383858 
-1.05931 0.111636 0.184374 -0.652893 -0.93067 -0.878561 0.254141 -0.489537 -0.548745 -0.208855 -0.0883647 0.108179 0.121882 0.670812 -0.135282 -0.474672 -0.0331886 0.00523062 0.0575812 0.596519 0.295006 0.924848 0.95279 0.710313 0.156715 0.439086 0.564663 -0.754197 0.415106 0.379046 
-1.03747 0.104545 0.186472 -0.694692 -0.884176 -0.878511 0.243596 -0.504144 -0.533632 -0.198273 -0.113817 0.113089 0.112991 0.681103 -0.173681 -0.476667 -0.0119062 -0.00562747 0.0593242 0.650327 0.290231 0.937073 0.933672 0.658204 0.137283 0.412089 0.562989 -0.79158 0.463689 0.391912 
-1.0335 0.131799 0.177721 -0.695501 -0.836417 -0.87369 0.228905 -0.508015 -0.548826 -0.197768 -0.1108 0.102446 0.128446 0.683337 -0.169255 -0.443913 -0.0139559 0.0137168 0.0862875 0.652446 0.318349 0.93994 0.935657 0.701452 0.125145 0.364597 0.535883 -0.73774 0.439335 0.40667 
-1.04644 0.12098 0.217855 -0.696503 -0.886629 -0.868482 0.239414 -0.464138 -0.522799 -0.217527 -0.0730999 0.110596 0.156598 0.610584 -0.171984 -0.48774 -0.000203342 0.00666079 0.057843 0.639069 0.289813 0.893569 0.944579 0.704312 0.13803 0.39066 0.556589 -0.763177 0.428347 0.401773 
-1.04533 0.130079 0.185664 -0.70105 -0.897921 -0.874608 0.238172 -0.499005 -0.542395 -0.208796 -0.0925528 0.0660576 0.125936 0.656567 -0.168705 -0.466184 0.00213609 -0.00824602 0.0579747 0.657123 0.297978 0.918989 0.93617 0.702189 0.139626 0.427546 0.558168 -0.780281 0.424102 0.387879 
-1.04671 0.127743 0.21401 -0.689598 -0.86947 -0.862691 0.236678 -0.476288 -0.53111 -0.202948 -0.106968 0.0661883 0.139253 0.676973 -0.176836 -0.476877 -0.0356314 0.0249907 0.0562445 0.609716 0.284296 0.915873 0.935383 0.69862 0.140276 0.363366 0.566129 -0.764107 0.443032 0.408428 
-1.04963 0.121214 0.226423 -0.695937 -0.879488 -0.850906 0.22028 -0.489179 -0.526669 -0.217317 -0.073301 0.0432214 0.127009 0.599743 -0.166191 -0.478833 -0.0176918 0.023198 0.0682284 0.602082 0.300528 0.895467 0.949511 0.67526 0.121308 0.359769 0.522709 -0.74364 0.390465 0.389567 
-1.04963 0.127157 0.193217 -0.694206 -0.873166 -0.85897 0.230255 -0.465239 -0.534786 -0.20796 -0.0899341 0.0356008 0.123294 0.646269 -0.178686 -0.484499 -0.0311575 0.00446196 0.0508349 0.621227 0.292704 0.920877 0.938171 0.702428 0.134074 0.362706 0.568806 -0.76382 0.419958 0.406058 
