-1.0052 0.121599 0.205286 -0.700504 -0.899222 -0.90233 0.262639 -0.414361 -0.54281 -0.177883 -0.145406 0.00909465 0.115924 0.675418 -0.13193 -0.540386 0.00473708 0.0477097 -0.0299193 0.602914 0.259503 0.883608 1.02245 0.738011 0.133336 0.470962 0.560677 -0.776957 0.43651 0.424902 
-0.903416 0.151991 0.190597 -0.671761 -0.83959 -0.858797 0.27538 -0.497084 -0.554914 -0.13699 -0.161267 0.0741803 0.129793 0.639799 -0.200618 -0.425628 -0.0922154 -0.0330788 0.0345466 0.593346 0.27796 0.944083 0.970605 0.701326 0.11701 0.438957 0.618257 -0.732238 0.44341 0.479427 
-1.00042 0.10005 0.250291 -0.72182 -0.923051 -0.839977 0.209193 -0.498167 -0.564413 -0.23198 -0.0596906 0.0478175 0.0981186 0.662918 -0.141287 -0.456725 -0.0234476 -0.0322208 0.101088 0.598993 0.295819 0.906431 0.941177 0.684113 0.114403 0.381405 0.503819 -0.70522 0.425747 0.397755 
-1.03285 0.119801 0.168932 -0.721058 -0.914142 -0.856687 0.216731 -0.512737 -0.554013 -0.262663 -0.118716 0.0398678 0.105839 0.665502 -0.181623 -0.500971 -0.0269097 -0.0299683 0.0906166 0.606209 0.318144 0.856623 0.915207 0.681949 0.155877 0.460532 0.558439 -0.784599 0.490282 0.405693 
-1.07947 0.0672565 0.238664 -0.667435 -0.772891 -0.848901 0.219167 -0.442222 -0.515473 -0.177415 -0.0834082 0.174751 0.105195 0.724828 -0.141187 -0.408865 -0.0188812 -0.0282682 0.0404885 0.683906 0.319342 0.898431 0.951342 0.743435 0.11137 0.352648 0.484826 -0.769887 0.474682 0.353331 
-1.03273 0.0864783 0.205647 -0.724063 -0.890341 -0.843346 0.221047 -0.496275 -0.520198 -0.231612 -0.141022 0.0663104 0.140257 0.695511 -0.206571 -0.411907 0.0358761 0.00223792 0.0481728 0.626989 0.291042 0.902469 0.966278 0.688116 0.103502 0.404489 0.574915 -0.820706 0.420633 0.374075 
-0.993363 0.0747924 0.19357 -0.690726 -0.919386 -0.851689 0.258726 -0.527854 -0.507962 -0.228796 -0.153753 0.132931 0.123064 0.625732 -0.203252 -0.477318 -0.00188282 0.0173057 0.0883439 0.634644 0.298534 0.943246 0.933473 0.769416 0.168052 0.400973 0.527378 -0.772701 0.426857 0.392948 
-1.063 0.135656 0.213981 -0.683472 -0.860964 -0.86943 0.184329 -0.526954 -0.570727 -0.157736 -0.120396 0.047222 0.14164 0.686311 -0.192433 -0.485734 0.0179028 -0.0121044 0.126366 0.595792 0.288729 0.910745 0.988964 0.678177 0.105421 0.368835 0.552909 -0.777231 0.388581 0.384257 
-1.06289 0.133824 0.161634 -0.672718 -0.873067 -0.901732 0.263908 -0.514542 -0.547456 -0.20292 -0.0973118 0.10073 0.143151 0.725392 -0.158645 -0.481992 -0.00287838 -0.0120382 0.0742094 0.683522 0.265506 0.933034 0.95585 0.678052 0.111677 0.415992 0.577952 -0.81814 0.393617 0.379883 
-1.03126 0.0986318 0.175965 -0.656289 -0.860613 -0.844617 0.212231 -0.484736 -0.546251 -0.225098 -0.0644129 0.068971 0.0848541 0.650348 -0.166264 -0.440576 -0.0208673 0.0132033 0.0850379 0.639891 0.329409 0.910526 0.934272 0.672818 0.124009 0.424926 0.529508 -0.720035 0.423575 0.372019 
-1.07771 0.0773088 0.225966 -0.661532 -0.967369 -0.903778 0.267476 -0.502157 -0.557678 -0.210319 -0.0677433 0.122941 0.142168 0.646245 -0.125792 -0.491911 -0.0660257 0.000408158 0.0338006 0.541847 0.326268 0.901659 0.923854 0.698523 0.201227 0.416755 0.586798 -0.720981 0.399264 0.390715 
-1.04468 0.0471295 0.24605 -0.713559 -0.924346 -0.837744 0.203892 -0.493411 -0.545246 -0.175725 -0.0974423 0.0631689 0.181655 0.658057 -0.195037 -0.485838 0.061817 -0.0197305 0.0935285 0.751663 0.280863 0.881661 0.952949 0.713835 0.105857 0.408307 0.527603 -0.816622 0.438389 0.428496 
-1.01038 0.184351 0.171162 -0.738041 -0.862783 -0.852612 0.202588 -0.526839 -0.556373 -0.201909 -0.110825 0.0392964 0.0942899 0.703638 -0.104965 -0.449767 -0.0432318 0.0349479 0.0825026 0.655571 0.336302 0.899486 0.901519 0.684711 0.121123 0.362929 0.528858 -0.774311 0.373345 0.434501 
-0.99982 0.0911468 0.214939 -0.751126 -0.892485 -0.88229 0.194407 -0.486692 -0.475114 -0.136242 -0.0733308 0.0679703 0.153293 0.593668 -0.192593 -0.490158 -0.000817938 0.0304789 0.0300145 0.540259 0.279893 0.927454 0.977684 0.693342 0.171022 0.421032 0.537453 -0.809961 0.404694 0.408622 
-1.06938 0.133317 0.195074 -0.691952 -0.844519 -0.879849 0.221069 -0.492694 -0.511345 -0.214058 -0.0906835 0.0380146 0.099743 0.697001 -0.163149 -0.480809 -0.0288402 -0.0310521 0.0564424 0.664101 0.260294 0.935738 0.962151 0.687107 0.123273 0.448063 0.578996 -0.775376 0.398036 0.37841 
-1.05085 0.130567 0.172313 -0.701141 -0.843059 -0.898268 0.251068 -0.506553 -0.535164 -0.211938 -0.0675194 0.0843711 0.145098 0.681025 -0.183188 -0.457727 -0.017346 0.0135469 0.0706488 0.673897 0.278411 0.94377 0.942957 0.694497 0.0871796 0.403558 0.555562 -0.7712 0.425567 0.413456 
-1.0233 0.10443 0.230906 -0.665887 -0.866423 -0.854705 0.251091 -0.475403 -0.517681 -0.21628 -0.100077 0.0812808 0.118578 0.674269 -0.182983 -0.493117 -0.0425412 0.038482 0.0512323 0.615865 0.259325 0.928155 0.94296 0.705244 0.125151 0.345591 0.588234 -0.754308 0.42251 0.434744 
-1.03078 0.111114 0.210679 -0.693082 -0.953855 -0.919259 0.289576 -0.571651 -0.581424 -0.248008 -0.0901404 0.100954 0.192778 0.677177 -0.0905438 -0.44964 0.00215867 0.0060452 0.0471696 0.766558 0.217123 0.896679 0.943509 0.733662 0.23513 0.511184 0.586966 -0.758381 0.393156 0.40134 
-1.0719 0.0964928 0.25027 -0.699482 -0.925281 -0.841981 0.269681 -0.485098 -0.530597 -0.253968 -0.0675047 0.0614432 0.113293 0.638761 -0.100157 -0.438588 -0.0250922 -0.0419919 0.0705264 0.595268 0.334631 0.876644 0.953501 0.65886 0.101585 0.403436 0.571411 -0.730608 0.432724 0.398585 
-0.982721 0.1325 0.184115 -0.687154 -0.895533 -0.893705 0.25521 -0.491038 -0.494834 -0.129626 -0.0919352 0.0242223 0.122179 0.663397 -0.164583 -0.482483 -0.0794223 0.0167088 0.0486602 0.618251 0.312565 0.978704 0.919735 0.737885 0.114211 0.409276 0.575795 -0.722224 0.422384 0.397784 
-1.04362 0.0906019 0.256737 -0.690754 -0.93247 -0.855986 0.273448 -0.464207 -0.500534 -0.227019 -0.0888909 0.00902445 0.134854 0.70312 -0.209593 -0.475354 0.00807042 0.0162333 -0.0199154 0.650854 0.320316 0.991151 0.842229 0.688429 0.107419 0.365822 0.592836 -0.773414 0.425941 0.393491 
-1.06644 0.112916 0.204837 -0.670075 -0.888668 -0.911712 0.264472 -0.47125 -0.525699 -0.213936 -0.0857521 0.0409155 0.137148 0.657716 -0.171208 -0.459134 0.0101348 0.00974567 0.052761 0.596963 0.285605 0.919801 0.968779 0.655541 0.111593 0.41921 0.564605 -0.762101 0.430794 0.386483 
-1.09472 0.167936 0.210446 -0.662317 -0.817859 -0.867556 0.263989 -0.48645 -0.524263 -0.214157 -0.0950962 0.0505165 0.11941 0.737484 -0.163416 -0.499854 0.0436865 -0.0369494 0.0769426 0.703288 0.276909 0.896081 0.931105 0.690592 0.0985023 0.445553 0.548794 -0.819931 0.369087 0.369792 
-1.03809 0.105125 0.206545 -0.710022 -0.888482 -0.871634 0.243342 -0.439608 -0.546588 -0.200273 -0.0575908 0.114232 0.1373 0.612755 -0.170222 -0.497487 0.00685221 0.0313065 0.0504809 0.653944 0.282281 0.914229 0.946773 0.72776 0.141561 0.417748 0.548257 -0.761033 0.42473 0.411272 
-1.04052 0.086949 0.17508 -0.683573 -0.937487 -0.89854 0.239925 -0.472431 -0.559409 -0.148294 -0.155951 0.13562 0.147057 0.70878 -0.144961 -0.466898 -0.0191766 0.0237391 0.0899825 0.577842 0.337501 0.920994 0.993609 0.655397 0.0751977 0.411406 0.567599 -0.790758 0.469549 0.419657 
-1.10459 0.104422 0.167162 -0.674169 -0.92801 -0.881783 0.245221 -0.495405 -0.584468 -0.234753 -0.0858499 0.108614 0.155632 0.63981 -0.111558 -0.495257 0.00861973 -0.0315451 0.0143576 0.570316 0.288388 0.905875 0.937724 0.757993 0.119814 0.432886 0.53737 -0.729955 0.396099 0.398771 
-1.04659 0.145849 0.201402 -0.647982 -0.898992 -0.86938 0.288373 -0.529725 -0.492723 -0.23479 -0.107378 0.101415 0.0969911 0.721292 -0.158997 -0.462354 -0.0235829 0.0254816 0.0278501 0.679984 0.235775 0.923275 0.971609 0.7077 0.154555 0.437237 0.565371 -0.777783 0.446158 0.398472 
-1.03327 0.0841729 0.206313 -0.693022 -0.889646 -0.883644 0.231348 -0.469464 -0.542671 -0.170722 -0.103784 0.126144 0.12746 0.62453 -0.196407 -0.509456 0.0480812 -0.0426863 0.0846108 0.634896 0.268977 0.899264 0.971591 0.649978 0.160897 0.396152 0.568021 -0.779665 0.389203 0.389915 
-1.06819 0.114043 0.163718 -0.70747 -0.848847 -0.916982 0.268845 -0.516402 -0.512248 -0.230514 -0.0917318 0.0873836 0.126866 0.713974 -0.204163 -0.448934 -0.0270399 -0.0355458 0.0695617 0.646586 0.250752 0.961808 0.951395 0.604528 0.131245 0.443612 0.558774 -0.815967 0.361449 0.362734 
-1.01051 0.0868677 0.197174 -0.676936 -0.925212 -0.858069 0.186886 -0.53549 -0.546393 -0.22468 -0.00272698 0.0632514 0.0857707 0.631182 -0.093781 -0.449502 0.0339704 0.00398665 0.0104902 0.610261 0.342427 0.959639 0.977429 0.66798 0.205802 0.442433 0.524397 -0.692257 0.435408 0.40121 
-1.01696 0.0699309 0.204219 -0.663323 -0.907826 -0.864721 0.228649 -0.496683 -0.528579 -0.249784 -0.0839576 0.0590387 0.11712 0.663307 -0.144644 -0.470604 -0.00250201 -0.00806937 0.0407589 0.593789 0.361027 0.90474 0.977592 0.667644 0.0997905 0.418137 0.509208 -0.714056 0.410402 0.402466 
-1.01503 0.106379 0.159091 -0.716931 -0.855024 -0.867594 0.222607 -0.50882 -0.525134 -0.221718 -0.0871358 0.107894 0.141099 0.655685 -0.183491 -0.498434 0.00647353 -0.0208314 0.0390466 0.639726 0.294542 0.901928 0.917073 0.667956 0.157468 0.386807 0.562747 -0.783347 0.471562 0.421914 
-1.06365 0.11701 0.175409 -0.64944 -0.926578 -0.89699 0.268449 -0.480986 -0.566045 -0.232806 -0.0673441 0.0970404 0.112063 0.697688 -0.119478 -0.494203 -0.0189309 0.0266205 0.0682145 0.614335 0.287333 0.944187 0.928323 0.723634 0.131842 0.461078 0.556137 -0.743436 0.405992 0.397716 
-1.10309 0.0783504 0.179669 -0.657695 -0.941452 -0.892788 0.283578 -0.464616 -0.61308 -0.236068 -0.0355872 0.104343 0.111038 0.624708 -0.103062 -0.516774 -0.0482926 0.0392839 0.0424482 0.571223 0.319342 0.907189 0.94691 0.691123 0.173366 0.433694 0.564368 -0.750363 0.399442 0.355824 
-1.07064 0.141564 0.167608 -0.718947 -0.847683 -0.865391 0.215165 -0.510655 -0.538039 -0.193353 -0.111087 0.0908981 0.109729 0.668397 -0.153659 -0.477954 -0.0267466 -0.00250335 0.0723836 0.662657 0.319039 0.919602 0.901406 0.716627 0.138106 0.393062 0.542846 -0.753073 0.471649 0.426322 
-1.02099 0.0636423 0.143506 -0.688665 -0.901526 -0.893616 0.245239 -0.476808 -0.528304 -0.225419 -0.0830403 0.144813 0.0809337 0.614874 -0.126123 -0.498428 0.00134385 0.0504294 0.0583259 0.585981 0.254031 0.911746 0.89706 0.7215 0.173773 0.357381 0.598363 -0.786893 0.441725 0.401346 
-1.02317 0.140935 0.202546 -0.706289 -0.824305 -0.891944 0.233032 -0.527151 -0.548162 -0.198758 -0.0943392 0.0870483 0.12787 0.712314 -0.186225 -0.419881 -0.0104655 -0.0106223 0.111861 0.683172 0.257633 0.929029 0.935479 0.682637 0.100808 0.427968 0.539665 -0.757758 0.390599 0.416919 
-1.06593 0.0294716 0.175651 -0.690294 -0.863327 -0.86689 0.260727 -0.47685 -0.560121 -0.196181 -0.138634 0.0952566 0.169525 0.606872 -0.15996 -0.5091 0.0623989 0.0619561 0.121919 0.657599 0.315797 0.875755 0.902997 0.741088 0.180139 0.353355 0.531574 -0.813123 0.416355 0.44003 
-1.04412 0.145577 0.170196 -0.732544 -0.811695 -0.851365 0.214325 -0.510043 -0.563922 -0.184298 -0.123187 0.0738249 0.121671 0.646917 -0.220791 -0.433288 -0.0521628 0.00832066 0.090059 0.64305 0.305621 0.967163 0.904618 0.667142 0.143798 0.344405 0.528293 -0.795622 0.506843 0.389182 
-1.06865 0.0941959 0.187647 -0.679853 -0.944099 -0.851373 0.244968 -0.481839 -0.532349 -0.238361 -0.139906 0.154971 0.161832 0.681851 -0.177733 -0.528911 -0.00688652 -0.0416256 0.0588666 0.656275 0.295663 0.955473 0.915114 0.678063 0.184138 0.38421 0.560761 -0.735132 0.483429 0.359562 
-1.04311 0.115375 0.248635 -0.67616 -0.869794 -0.857969 0.196286 -0.498105 -0.548047 -0.242093 -0.0843794 0.0270297 0.146186 0.586455 -0.168355 -0.47843 0.00526537 0.0205637 0.0542561 0.612567 0.31904 0.911225 0.92533 0.670624 0.0953596 0.362019 0.505658 -0.758769 0.404301 0.377719 
-1.06903 0.192308 0.156445 -0.705563 -0.846869 -0.873608 0.228586 -0.501447 -0.504902 -0.187955 -0.107033 0.0808339 0.124174 0.734188 -0.17334 -0.446485 -0.0174369 -0.0239034 0.0738212 0.652689 0.318573 0.921311 0.966745 0.655986 0.144947 0.400323 0.497004 -0.721501 0.371089 0.394841 
-1.01447 0.172658 0.156156 -0.659717 -0.837076 -0.837452 0.243046 -0.534466 -0.617305 -0.161884 -0.0733734 0.0920235 0.112274 0.6753 -0.177596 -0.414792 0.00962371 0.0186606 0.0705613 0.680065 0.31304 0.964475 0.946812 0.714498 0.103105 0.314856 0.517654 -0.733692 0.408468 0.390149 
-1.04341 0.119765 0.227259 -0.715878 -0.905951 -0.877653 0.253708 -0.474212 -0.57566 -0.201958 -0.107015 0.102519 0.149954 0.619798 -0.179093 -0.480083 -0.0135608 -0.00947993 0.0531161 0.639714 0.335822 0.931236 0.932386 0.690674 0.172699 0.422754 0.558562 -0.78312 0.422305 0.403535 
-1.0568 0.137453 0.133509 -0.664319 -0.841022 -0.885804 0.225814 -0.522812 -0.579778 -0.225762 -0.0499776 0.118497 0.122927 0.702309 -0.174403 -0.405288 -0.0242001 -0.0236623 0.144084 0.654088 0.28415 0.949743 0.928705 0.753895 0.138662 0.427958 0.550373 -0.765218 0.413039 0.401686 
-1.06637 0.103698 0.17334 -0.672659 -0.852502 -0.931841 0.269451 -0.481664 -0.529199 -0.233464 -0.09418 0.052298 0.109461 0.69561 -0.197025 -0.451719 0.00153748 -0.0185291 0.0979805 0.617261 0.264529 0.887727 0.965637 0.667276 0.123475 0.456754 0.54284 -0.819236 0.44982 0.372831 
-1.05025 0.0596192 0.172118 -0.671997 -0.919072 -0.853464 0.201305 -0.54477 -0.563113 -0.215098 -0.0327755 0.0309358 0.128776 0.658621 -0.123029 -0.464202 0.0165546 -0.0258096 0.0347982 0.617391 0.367122 0.930825 1.0079 0.682906 0.169183 0.432733 0.580479 -0.685962 0.419859 0.381955 
-1.02807 0.134922 0.236157 -0.734226 -0.915735 -0.856507 0.170932 -0.499709 -0.547234 -0.237476 -0.12419 0.05224 0.119991 0.671246 -0.212553 -0.455542 -0.0178804 0.0464193 0.0620794 0.579731 0.269373 0.960659 0.972914 0.729192 0.139187 0.387026 0.603428 -0.771902 0.422078 0.408277 
-1.03012 0.0993084 0.184013 -0.698445 -0.871029 -0.880988 0.224228 -0.512343 -0.53482 -0.218651 -0.148189 0.0942357 0.160712 0.649037 -0.167876 -0.477452 0.00182074 -0.0161299 0.0652134 0.636185 0.317711 0.94522 0.926336 0.681429 0.159962 0.358621 0.540646 -0.776281 0.45154 0.426225 
-1.02511 0.134686 0.159556 -0.715512 -0.849805 -0.86048 0.255914 -0.488378 -0.550876 -0.223266 -0.12449 0.0889861 0.138186 0.678144 -0.187248 -0.457366 -0.0126104 -0.000641168 0.075177 0.641365 0.304127 0.927258 0.915321 0.718434 0.13195 0.390674 0.552794 -0.747756 0.438093 0.411006 
-1.03192 0.0957709 0.180624 -0.700804 -0.893657 -0.872027 0.220837 -0.459449 -0.534228 -0.196906 -0.126508 0.136506 0.148012 0.635788 -0.197768 -0.477259 0.00593835 -0.000748717 0.0724265 0.615383 0.282893 0.938516 0.915593 0.661436 0.152921 0.371019 0.591148 -0.774075 0.461899 0.411905 
-1.02251 0.102214 0.165336 -0.697443 -0.892766 -0.889913 0.232888 -0.484243 -0.554486 -0.191077 -0.128608 0.131837 0.153291 0.631043 -0.19211 -0.466757 0.010934 -0.0216752 0.068511 0.592311 0.258024 0.942594 0.889089 0.688689 0.133887 0.383092 0.605676 -0.786512 0.451906 0.432681 
-1.05635 0.0685826 0.201478 -0.691754 -0.893598 -0.884877 0.236719 -0.456396 -0.520995 -0.211506 -0.127495 0.114696 0.155635 0.652885 -0.181298 -0.489189 0.0119279 0.0232564 0.0515354 0.628855 0.266837 0.965135 0.927666 0.649665 0.175182 0.382524 0.571814 -0.793042 0.465746 0.394039 
-1.06415 0.0536027 0.161548 -0.640419 -0.886107 -0.848673 0.231794 -0.541062 -0.530401 -0.225535 -0.0488875 0.00898987 0.13494 0.683456 -0.107728 -0.490232 0.0196517 -0.0294743 0.037899 0.597355 0.326974 0.936202 0.973468 0.6695 0.216093 0.480433 0.538141 -0.710318 0.432468 0.429034 
-1.08765 0.0739059 0.173097 -0.643447 -0.868032 -0.874674 0.229411 -0.566306 -0.51624 -0.241515 -0.0628124 -0.0134309 0.13751 0.658792 -0.103216 -0.472534 0.0430429 -0.0382365 0.0544132 0.598238 0.346707 0.940546 0.952404 0.682179 0.228117 0.499455 0.530586 -0.725469 0.423334 0.403605 
-1.0441 0.0266342 0.18303 -0.653699 -0.875116 -0.863726 0.248412 -0.536189 -0.554407 -0.23504 -0.0270891 0.0192111 0.153551 0.703132 -0.0820561 -0.499538 0.0366219 -0.0331768 0.0621122 0.610708 0.347057 0.932635 0.96777 0.645755 0.221234 0.464514 0.558676 -0.719962 0.436176 0.44529 
-1.0499 0.133364 0.228275 -0.689145 -0.8778 -0.850681 0.239376 -0.45553 -0.509432 -0.211606 -0.0708992 0.0319618 0.143968 0.597348 -0.178807 -0.486322 -0.0230339 0.0252693 0.0490688 0.609503 0.266015 0.893535 0.953936 0.702729 0.125565 0.352072 0.570882 -0.777257 0.373686 0.411672 
-1.02478 0.155065 0.22096 -0.683755 -0.886118 -0.840666 0.261229 -0.435706 -0.505575 -0.20497 -0.072172 0.0298607 0.124126 0.60218 -0.19319 -0.496674 -0.0204988 0.0274737 0.042189 0.623915 0.260032 0.899173 0.979024 0.691181 0.111519 0.333216 0.58846 -0.75144 0.373374 0.432492 
-1.07278 0.144772 0.240993 -0.711228 -0.874948 -0.832947 0.226986 -0.44683 -0.510344 -0.237131 -0.0481088 0.0448474 0.12356 0.597274 -0.180811 -0.499105 -0.0100609 0.0175717 0.0672583 0.606792 0.256862 0.875018 0.949989 0.693431 0.102434 0.369451 0.570317 -0.755278 0.37236 0.391129 
-1.04727 0.116956 0.214338 -0.697941 -0.887768 -0.852014 0.215893 -0.492335 -0.533439 -0.244722 -0.0748843 0.0536164 0.106637 0.635107 -0.118233 -0.449485 -0.00372618 -0.0147368 0.0697052 0.593356 0.345442 0.897529 0.948645 0.672339 0.112393 0.379465 0.521178 -0.695376 0.438762 0.377182 
-1.02628 0.137629 0.197648 -0.697006 -0.871432 -0.871375 0.189013 -0.519403 -0.515258 -0.235244 -0.100531 0.0789925 0.0799977 0.634193 -0.0961052 -0.452136 -0.0209212 0.012411 0.0895034 0.581876 0.328679 0.892898 0.963345 0.661922 0.100386 0.379813 0.537667 -0.680954 0.435741 0.375761 
-1.06616 0.135767 0.223519 -0.69737 -0.892463 -0.873346 0.240109 -0.469612 -0.546184 -0.22674 -0.0973023 0.0680649 0.0829184 0.643024 -0.124025 -0.4386 -0.012389 -0.025619 0.0650771 0.590535 0.367082 0.888335 0.956486 0.673451 0.0974072 0.368 0.506608 -0.703907 0.438703 0.353642 
-1.03747 0.104545 0.186472 -0.694692 -0.884176 -0.878511 0.243596 -0.504144 -0.533632 -0.198273 -0.113817 0.113089 0.112991 0.681103 -0.173681 -0.476667 -0.0119062 -0.00562747 0.0593242 0.650327 0.290231 0.937073 0.933672 0.658204 0.137283 0.412089 0.562989 -0.79158 0.463689 0.391912 
-1.03662 0.0959482 0.199012 -0.721056 -0.895124 -0.872012 0.232573 -0.485935 -0.506679 -0.218113 -0.125172 0.131929 0.116252 0.690015 -0.178919 -0.470431 -0.0136704 0.0187981 0.0420272 0.645804 0.300748 0.958696 0.910566 0.649933 0.163734 0.391055 0.542623 -0.815234 0.457238 0.383393 
-1.04491 0.0884691 0.192157 -0.691625 -0.875347 -0.853208 0.258072 -0.500119 -0.539817 -0.18262 -0.140368 0.108163 0.121297 0.699273 -0.164227 -0.464024 -0.0383736 0.00851062 0.0697259 0.630224 0.285524 0.943839 0.944166 0.684548 0.112873 0.399189 0.553996 -0.802499 0.457893 0.411574 
-1.05411 0.0517349 0.163531 -0.667145 -0.926297 -0.898716 0.289099 -0.486402 -0.630238 -0.195843 -0.138078 0.135514 0.110204 0.608733 -0.177755 -0.508105 -0.0161534 0.0224547 0.103229 0.612439 0.260518 0.911634 0.961286 0.76045 0.177667 0.422706 0.582115 -0.751159 0.465541 0.410826 
-1.07131 0.0482957 0.186806 -0.676747 -0.899143 -0.875663 0.303253 -0.473019 -0.633409 -0.210593 -0.146018 0.121543 0.109191 0.612756 -0.157437 -0.528311 -0.0343749 -0.00350153 0.0994577 0.637353 0.235902 0.889483 0.978287 0.745799 0.16197 0.427135 0.607615 -0.728515 0.474967 0.436274 
-1.06735 0.0354313 0.165068 -0.659642 -0.909459 -0.898846 0.282335 -0.477049 -0.630156 -0.17486 -0.111065 0.116503 0.095799 0.602242 -0.171385 -0.50156 -0.0302696 0.0370122 0.0791467 0.587481 0.286305 0.888419 0.940516 0.756743 0.16923 0.439872 0.603276 -0.774097 0.447019 0.423457 
-1.04963 0.127157 0.193217 -0.694206 -0.873166 -0.85897 0.230255 -0.465239 -0.534786 -0.20796 -0.0899341 0.0356008 0.123294 0.646269 -0.178686 -0.484499 -0.0311575 0.00446196 0.0508349 0.621227 0.292704 0.920877 0.938171 0.702428 0.134074 0.362706 0.568806 -0.76382 0.419958 0.406058 
-1.04274 0.120307 0.208107 -0.698894 -0.897575 -0.871282 0.229179 -0.452546 -0.548942 -0.194678 -0.098806 0.0604789 0.105872 0.667016 -0.182435 -0.507765 -0.0195464 0.00662746 0.0735273 0.611381 0.268649 0.945033 0.943012 0.685399 0.122821 0.373828 0.581239 -0.753909 0.429686 0.392466 
-1.05997 0.130142 0.173574 -0.67379 -0.850014 -0.850693 0.237066 -0.445489 -0.534448 -0.223828 -0.0713495 0.0482497 0.102585 0.654176 -0.177448 -0.505066 -0.0307811 0.016706 0.0669727 0.648321 0.28562 0.894545 0.9265 0.713705 0.135907 0.356937 0.578704 -0.740658 0.429146 0.397927 
-1.04847 0.148259 0.214312 -0.693525 -0.845695 -0.857313 0.238787 -0.466975 -0.541395 -0.203505 -0.0714163 0.0699587 0.139408 0.665017 -0.157521 -0.476277 -0.0208565 0.0197075 0.0644363 0.634813 0.28609 0.901436 0.94757 0.70921 0.125122 0.363049 0.531396 -0.749409 0.410465 0.411041 
-1.05222 0.175376 0.218504 -0.69251 -0.844149 -0.855034 0.264217 -0.476143 -0.517045 -0.195747 -0.0945305 0.0634089 0.147944 0.687728 -0.178707 -0.453988 0.00617262 0.00842323 0.0449463 0.654222 0.313188 0.89227 0.929566 0.684855 0.109585 0.362103 0.534372 -0.764732 0.431263 0.394557 
-1.02389 0.130713 0.193249 -0.717162 -0.822493 -0.855924 0.252756 -0.485563 -0.515117 -0.222602 -0.090726 0.0580137 0.16306 0.677062 -0.16095 -0.458703 -0.0232376 0.00820074 0.0828902 0.634507 0.301273 0.882192 0.970381 0.708468 0.14477 0.366762 0.540424 -0.770996 0.413831 0.40133 
-1.0492 0.131274 0.211462 -0.698758 -0.884464 -0.85532 0.239465 -0.464971 -0.526182 -0.217334 -0.125508 0.101611 0.153856 0.617489 -0.177007 -0.487525 0.00726444 0.00928874 0.0645666 0.626562 0.267779 0.917221 0.951232 0.704419 0.136445 0.357248 0.558216 -0.763086 0.382797 0.395449 
-1.05435 0.145968 0.194203 -0.685436 -0.878423 -0.829752 0.265755 -0.444699 -0.541053 -0.217161 -0.137521 0.125807 0.145074 0.599232 -0.196811 -0.465675 0.0211719 0.0321327 0.0539165 0.630349 0.274995 0.914031 0.972425 0.698618 0.151338 0.383937 0.569675 -0.765237 0.362351 0.413004 
-1.04986 0.152764 0.209612 -0.689437 -0.884128 -0.866878 0.219852 -0.464794 -0.550337 -0.239297 -0.143009 0.0755086 0.135769 0.618241 -0.181607 -0.473131 0.0167388 -0.0050995 0.0640958 0.630175 0.264941 0.917027 0.951627 0.715443 0.127483 0.34603 0.557539 -0.753333 0.371292 0.396152 
-1.02297 0.155296 0.175466 -0.694194 -0.836788 -0.873099 0.235567 -0.505411 -0.573016 -0.185909 -0.0905637 0.0862327 0.134022 0.685903 -0.157281 -0.442869 -0.01055 0.017217 0.10285 0.659359 0.3219 0.939668 0.943322 0.709765 0.11593 0.363492 0.530829 -0.736117 0.410601 0.408828 
-1.01718 0.179108 0.168727 -0.714098 -0.844424 -0.887613 0.226755 -0.526267 -0.553139 -0.203875 -0.108274 0.0645903 0.111196 0.667063 -0.130809 -0.460463 0.00983967 0.0379873 0.113045 0.678298 0.309241 0.958609 0.932002 0.712815 0.0979063 0.373759 0.511347 -0.724202 0.391679 0.38599 
-1.00436 0.140095 0.182365 -0.678344 -0.827301 -0.847201 0.262099 -0.491674 -0.562467 -0.178618 -0.116128 0.100921 0.131223 0.699513 -0.145403 -0.463394 0.0148592 0.0409998 0.122644 0.66485 0.310264 0.92096 0.934247 0.69181 0.131616 0.382414 0.551305 -0.72554 0.426593 0.404838 
-1.03323 0.152347 0.177129 -0.694407 -0.876899 -0.875226 0.242168 -0.504822 -0.567063 -0.198013 -0.109985 0.0888655 0.129222 0.685151 -0.171149 -0.450524 -0.0114197 0.0166597 0.0856168 0.653958 0.321764 0.937421 0.943095 0.700085 0.127814 0.36491 0.545244 -0.767916 0.423533 0.39328 
-1.02923 0.141104 0.18001 -0.694076 -0.838333 -0.867358 0.237848 -0.459989 -0.551619 -0.186627 -0.0797097 0.0418834 0.141333 0.68321 -0.166416 -0.459374 -0.0202343 0.0237644 0.086338 0.65081 0.273941 0.939414 0.945006 0.705433 0.123305 0.355669 0.539339 -0.738943 0.401518 0.411139 
-1.04068 0.144747 0.199277 -0.69465 -0.871391 -0.862997 0.243 -0.495191 -0.539534 -0.20247 -0.0966852 0.105918 0.126361 0.675044 -0.169802 -0.476472 -0.0203256 0.0181777 0.0595968 0.63718 0.287054 0.906832 0.939287 0.665329 0.127944 0.397843 0.549241 -0.779634 0.439494 0.392483 
-1.04842 0.120291 0.212166 -0.695021 -0.873888 -0.853556 0.228193 -0.485419 -0.533727 -0.24088 -0.0773158 0.0402247 0.112016 0.641375 -0.14162 -0.483201 -0.006643 -0.0106124 0.0670994 0.60229 0.293909 0.908359 0.942537 0.6973 0.112918 0.370215 0.532066 -0.734776 0.426986 0.399537 
-1.04814 0.0893883 0.168155 -0.690597 -0.885073 -0.86917 0.23256 -0.51154 -0.552354 -0.200722 -0.0750538 0.0436963 0.134413 0.684251 -0.154664 -0.487808 0.00958594 0.00131828 0.0483024 0.621513 0.322171 0.936591 0.948222 0.705933 0.134448 0.39852 0.535634 -0.730946 0.429308 0.426762 
-1.05186 0.066771 0.184038 -0.679811 -0.902407 -0.88645 0.286055 -0.468783 -0.562135 -0.202679 -0.133811 0.0810772 0.12016 0.632228 -0.178546 -0.489496 -0.0286231 0.0184841 0.0832175 0.617881 0.289031 0.918431 0.939121 0.720875 0.147491 0.384178 0.580497 -0.751203 0.421342 0.408731 
-1.04819 0.138091 0.214313 -0.697143 -0.879582 -0.854292 0.233293 -0.483303 -0.538074 -0.234364 -0.0740519 0.0676827 0.135425 0.650206 -0.141915 -0.453537 -0.00947874 0.00935239 0.0665619 0.623258 0.33622 0.89758 0.948044 0.672345 0.123349 0.374971 0.527262 -0.725738 0.418735 0.38976 
-1.06372 0.052011 0.162284 -0.640864 -0.906104 -0.876737 0.279269 -0.539982 -0.560364 -0.215539 -0.0590015 0.0778078 0.116463 0.664134 -0.14403 -0.503578 0.00158082 0.0215329 0.0886645 0.599177 0.300992 0.92523 0.968416 0.685278 0.183958 0.445137 0.539541 -0.735687 0.464372 0.411168 
-1.02817 0.152445 0.179336 -0.691315 -0.859167 -0.868314 0.236242 -0.502336 -0.556039 -0.205356 -0.0842721 0.0440499 0.143869 0.676043 -0.17423 -0.485867 -0.0205663 0.0202763 0.077244 0.655132 0.266742 0.922502 0.950554 0.704814 0.125565 0.362093 0.564383 -0.765807 0.394245 0.410924 
-1.04865 0.137422 0.21186 -0.695062 -0.873175 -0.856791 0.239055 -0.465994 -0.536855 -0.20762 -0.0886528 0.0926612 0.144456 0.659203 -0.171757 -0.48663 -0.0194865 0.0181005 0.0644882 0.629406 0.285484 0.904772 0.948153 0.705679 0.134726 0.36234 0.556483 -0.751585 0.407612 0.40218 
-1.05328 0.07478 0.201982 -0.678875 -0.890795 -0.892546 0.281685 -0.491981 -0.591193 -0.235804 -0.0935326 0.087352 0.109642 0.61267 -0.171428 -0.501469 -0.0141581 -0.0114132 0.0976986 0.610902 0.277017 0.906914 0.956077 0.698842 0.119364 0.392741 0.563293 -0.723541 0.446074 0.386549 
-1.04228 0.110374 0.212274 -0.690679 -0.88018 -0.870743 0.240391 -0.495718 -0.520748 -0.21051 -0.0885681 0.0715662 0.114188 0.676896 -0.176432 -0.48088 -0.0207146 0.0150279 0.052599 0.649449 0.276503 0.928635 0.94816 0.685067 0.134488 0.383811 0.568962 -0.784799 0.42628 0.395634 
-1.04396 0.113876 0.191858 -0.695529 -0.88426 -0.874219 0.242043 -0.47719 -0.529279 -0.203384 -0.123098 0.104975 0.133477 0.649329 -0.175346 -0.481051 -0.0029355 0.000366498 0.0644668 0.638508 0.285806 0.936814 0.942979 0.661473 0.136839 0.360429 0.559629 -0.770859 0.386008 0.393783 
-1.05131 0.0599789 0.200895 -0.674645 -0.884599 -0.851954 0.232367 -0.523677 -0.527393 -0.225453 -0.0754333 0.0743388 0.14795 0.672255 -0.150683 -0.487767 0.015348 -0.00205701 0.0561558 0.598763 0.318052 0.920519 0.960696 0.685506 0.16605 0.384681 0.547719 -0.727641 0.411678 0.422557 
-1.0478 0.121019 0.214335 -0.698263 -0.884544 -0.853903 0.219931 -0.486007 -0.526239 -0.238913 -0.0841616 0.0985699 0.117676 0.627225 -0.126313 -0.480062 -0.00128068 -0.0075551 0.068438 0.599548 0.305385 0.903113 0.950364 0.679894 0.118618 0.375459 0.526505 -0.705849 0.438366 0.382848 
-1.04144 0.137354 0.199466 -0.693554 -0.85094 -0.858338 0.240748 -0.47791 -0.540037 -0.201027 -0.105364 0.0956172 0.128528 0.678613 -0.162781 -0.476381 -0.012026 -0.00366211 0.060579 0.64088 0.286436 0.909117 0.937477 0.704633 0.134995 0.365706 0.534874 -0.775995 0.411944 0.407022 
-1.04885 0.130896 0.214326 -0.698171 -0.884828 -0.852683 0.238183 -0.476544 -0.52995 -0.231743 -0.096643 0.059124 0.109588 0.617993 -0.137234 -0.477327 0.000960551 -0.0032669 0.0658216 0.616971 0.271499 0.910147 0.950783 0.682107 0.130822 0.367872 0.551603 -0.743133 0.396972 0.38466 
-1.0534 0.117019 0.212946 -0.682226 -0.901224 -0.85506 0.270216 -0.462647 -0.53381 -0.208784 -0.127916 0.0321507 0.112388 0.59831 -0.177915 -0.494981 -0.0187782 0.0248358 0.100509 0.610459 0.265578 0.909753 0.961227 0.758155 0.133157 0.359885 0.574812 -0.771683 0.411869 0.410909 
-1.04933 0.144101 0.20602 -0.694125 -0.868808 -0.858059 0.235755 -0.466344 -0.537426 -0.206932 -0.0877509 0.0413203 0.12611 0.653055 -0.175776 -0.484363 -0.0291059 0.0135626 0.0613285 0.634022 0.288579 0.903942 0.938179 0.704243 0.133512 0.362802 0.553379 -0.755364 0.415946 0.406115 
-1.06204 0.0928794 0.180029 -0.641103 -0.88685 -0.863123 0.221117 -0.508699 -0.533445 -0.21965 -0.059959 0.0742732 0.140046 0.644901 -0.155539 -0.489424 0.0185603 -0.0199451 0.0705133 0.60965 0.304783 0.937076 0.959914 0.665296 0.213922 0.418176 0.544854 -0.726448 0.435602 0.420289 
