-1.0102 0.137476 0.186767 -0.699326 -0.81335 -0.885521 0.252166 -0.554539 -0.555501 -0.212846 -0.112542 0.0689294 0.155469 0.700939 -0.183495 -0.394476 0.0126333 -0.0320781 0.13402 0.675475 0.260689 0.905715 0.953848 0.656851 0.124572 0.405299 0.515934 -0.78336 0.368283 0.404181 
-1.0701 0.118267 0.189143 -0.699682 -0.914242 -0.851456 0.286278 -0.457524 -0.516866 -0.210397 -0.107294 0.0546124 0.117497 0.597079 -0.186268 -0.510522 0.00666852 0.0402119 0.102678 0.619157 0.262613 0.933086 0.963104 0.74778 0.119061 0.369357 0.548329 -0.79595 0.424769 0.388244 
-1.0754 0.108012 0.215828 -0.675549 -0.903549 -0.854307 0.221055 -0.461782 -0.557268 -0.216549 -0.109006 0.0889172 0.0713224 0.62355 -0.11619 -0.454233 -0.0237494 -0.0213573 0.0389311 0.593605 0.392568 0.909506 0.966905 0.680553 0.0894178 0.366164 0.508389 -0.71965 0.424133 0.356471 
-1.05094 0.135216 0.187056 -0.701191 -0.882941 -0.849175 0.198284 -0.510267 -0.513642 -0.25223 -0.126015 0.0958361 0.0717606 0.608311 -0.103606 -0.449598 -0.00283766 0.0342213 0.0841269 0.587414 0.338621 0.889597 0.955982 0.645396 0.109497 0.382735 0.541132 -0.659135 0.42029 0.389953 
-1.05032 0.0726548 0.265416 -0.688862 -0.925756 -0.834527 0.220873 -0.517511 -0.56595 -0.196517 -0.117192 0.0547083 0.19616 0.634187 -0.189594 -0.460426 0.0724706 -0.0258055 0.0993716 0.741425 0.28674 0.898089 0.964744 0.71002 0.101789 0.406637 0.552278 -0.818643 0.419729 0.447014 
-1.01584 0.0737599 0.131059 -0.696986 -0.897853 -0.900233 0.220128 -0.501883 -0.539135 -0.200518 -0.0744298 0.165069 0.0734796 0.632442 -0.151292 -0.473281 0.0263002 0.0592029 0.0586268 0.572133 0.279895 0.915785 0.877792 0.723285 0.155612 0.377374 0.587294 -0.786118 0.452759 0.408761 
-1.03227 0.130609 0.186932 -0.68571 -0.890136 -0.856729 0.212365 -0.474597 -0.506593 -0.232782 -0.0916704 0.0681318 0.133966 0.60323 -0.12509 -0.466425 0.0148704 -0.0259532 0.0468106 0.595227 0.248912 0.921625 0.975653 0.702381 0.138229 0.37687 0.544103 -0.727224 0.377075 0.384831 
-1.05238 0.0903861 0.223571 -0.678284 -0.913538 -0.890748 0.231741 -0.493867 -0.51985 -0.177857 -0.102926 0.146213 0.115299 0.613839 -0.205148 -0.510007 0.0689879 -0.0514403 0.0793315 0.64659 0.287709 0.90102 0.960006 0.671458 0.141734 0.371376 0.575155 -0.806278 0.381386 0.388995 
-0.978253 0.125548 0.174916 -0.663259 -0.814114 -0.854572 0.245066 -0.46719 -0.559816 -0.192996 -0.0943402 0.0921667 0.113033 0.692812 -0.156885 -0.490732 0.0222056 0.0363655 0.102369 0.659245 0.283258 0.937146 0.957775 0.698695 0.158483 0.365123 0.561658 -0.719453 0.403544 0.42208 
-1.0054 0.193302 0.198181 -0.74288 -0.8584 -0.826741 0.196693 -0.552243 -0.55817 -0.205657 -0.128479 0.0329943 0.0676923 0.676709 -0.126976 -0.438028 -0.0656894 0.027307 0.0708262 0.661351 0.342481 0.911759 0.928297 0.660433 0.0958252 0.379611 0.541958 -0.746663 0.362578 0.421126 
-1.1135 0.0839737 0.191035 -0.660873 -0.917474 -0.906414 0.299246 -0.448969 -0.621821 -0.263099 -0.034418 0.124884 0.135568 0.609889 -0.0921131 -0.506688 -0.023997 0.0150466 0.0403347 0.581617 0.329283 0.924116 0.961631 0.709213 0.195047 0.414575 0.564566 -0.749618 0.376392 0.34848 
-1.087 0.0213038 0.158991 -0.656203 -0.918666 -0.894976 0.281913 -0.498847 -0.614332 -0.179686 -0.10506 0.0941267 0.0905067 0.584481 -0.187373 -0.496148 -0.0205959 0.0133282 0.0746502 0.600845 0.274924 0.880123 0.92709 0.784001 0.172976 0.4622 0.614174 -0.750404 0.438902 0.408661 
-1.00135 0.129774 0.186284 -0.708804 -0.881087 -0.92004 0.2427 -0.504664 -0.488364 -0.129806 -0.117497 0.0333673 0.11167 0.66357 -0.184368 -0.49484 -0.0800846 0.0373791 0.0457571 0.633846 0.301311 0.996914 0.9433 0.719186 0.0931405 0.427397 0.552985 -0.701057 0.418923 0.379924 
-1.01773 0.153219 0.188794 -0.690026 -0.874815 -0.846913 0.250485 -0.472057 -0.544493 -0.205807 -0.0702798 0.117532 0.120485 0.671349 -0.167382 -0.494305 -0.00140749 -0.00950241 0.0718511 0.662655 0.273215 0.879085 0.958664 0.664803 0.141924 0.383492 0.527194 -0.764344 0.458495 0.390937 
-1.04401 0.11519 0.192161 -0.638289 -0.852304 -0.868922 0.209491 -0.479885 -0.542485 -0.231683 -0.0442461 0.0745929 0.0612804 0.67812 -0.175534 -0.451343 -0.00341685 -0.0137759 0.0973135 0.664266 0.330881 0.901651 0.95256 0.650127 0.11397 0.422203 0.527197 -0.723662 0.42463 0.372124 
-0.97807 0.141226 0.223757 -0.709611 -0.903697 -0.899818 0.246995 -0.42422 -0.559128 -0.17422 -0.135141 0.0333955 0.119129 0.656449 -0.151235 -0.541995 0.0130482 0.0301047 -0.0290317 0.626937 0.258791 0.89176 1.03637 0.717407 0.148091 0.474089 0.572445 -0.788543 0.445983 0.450609 
-1.04264 0.128763 0.164018 -0.682716 -0.837814 -0.911679 0.280599 -0.494026 -0.490547 -0.243556 -0.0751672 0.0762047 0.12454 0.717723 -0.188106 -0.445446 -0.0457859 -0.0405341 0.0945241 0.671395 0.240587 0.962139 0.960883 0.600799 0.110944 0.444326 0.579121 -0.814158 0.336908 0.338387 
-1.08459 0.141246 0.211832 -0.702716 -0.844514 -0.861681 0.17114 -0.554541 -0.569608 -0.15898 -0.123649 0.0492851 0.162973 0.666094 -0.177377 -0.46118 0.0239745 0.0153694 0.106955 0.583973 0.31235 0.934916 0.981967 0.675542 0.0961039 0.393256 0.538252 -0.776199 0.363086 0.402708 
-1.02826 0.0851868 0.159667 -0.682463 -0.932303 -0.890431 0.214032 -0.470788 -0.573666 -0.120625 -0.131559 0.161437 0.132769 0.699294 -0.161318 -0.466133 0.00580397 0.0198791 0.0671233 0.583013 0.340905 0.941344 0.967191 0.64814 0.0797027 0.438533 0.5726 -0.818173 0.445786 0.395886 
-1.0849 0.050085 0.153913 -0.644371 -0.909272 -0.878097 0.284813 -0.535326 -0.582923 -0.199538 -0.0534987 0.0714644 0.125004 0.639788 -0.164015 -0.506845 0.00533129 0.00807037 0.103358 0.589864 0.317131 0.911326 0.958406 0.686987 0.207646 0.455651 0.537717 -0.716949 0.471733 0.415318 
-1.06788 0.121117 0.222292 -0.696671 -0.839815 -0.849957 0.260441 -0.459763 -0.522291 -0.199769 -0.0753346 0.0947096 0.148719 0.668909 -0.157027 -0.494897 -0.0295802 0.0140014 0.0857333 0.634831 0.258805 0.879551 0.939484 0.686358 0.150026 0.353631 0.547824 -0.757095 0.393308 0.436053 
-1.06586 0.105125 0.168674 -0.646304 -0.825651 -0.957354 0.242019 -0.489217 -0.539015 -0.213192 -0.0935937 0.0479018 0.118965 0.698914 -0.190007 -0.431021 -0.00468692 0.00537615 0.0985892 0.640488 0.272173 0.908276 0.988473 0.669826 0.138063 0.435964 0.523722 -0.80122 0.423753 0.386256 
-1.02364 0.172873 0.200069 -0.676232 -0.874543 -0.876534 0.208031 -0.451067 -0.558142 -0.241564 -0.121823 0.0668562 0.143153 0.624854 -0.181963 -0.494985 -0.00941734 -0.0207035 0.0452223 0.605248 0.242978 0.911295 0.934489 0.7061 0.105446 0.339019 0.556249 -0.776343 0.398505 0.407787 
-1.06967 0.0490995 0.172707 -0.668561 -0.915787 -0.903818 0.303989 -0.476496 -0.626739 -0.19328 -0.118886 0.141148 0.11244 0.634954 -0.160228 -0.520088 -0.0113992 0.0352632 0.101753 0.589402 0.252592 0.926459 0.952078 0.774531 0.183224 0.432278 0.607528 -0.754273 0.451605 0.383824 
-1.05898 0.112958 0.226202 -0.718544 -0.921984 -0.851837 0.221117 -0.457783 -0.521487 -0.17875 -0.122492 0.0368379 0.130617 0.691995 -0.184944 -0.513379 -0.0253421 -0.00397001 0.0696495 0.625806 0.242994 0.949988 0.925005 0.707467 0.149818 0.395715 0.588827 -0.734402 0.431897 0.409834 
-1.07504 0.163533 0.237296 -0.647198 -0.797668 -0.85901 0.23965 -0.491437 -0.526929 -0.226765 -0.109083 0.0557869 0.112681 0.746097 -0.178136 -0.49102 0.0404861 -0.0329865 0.0805969 0.711397 0.29085 0.916888 0.950288 0.699187 0.101098 0.441725 0.568231 -0.832093 0.390152 0.359649 
-1.05631 0.0743958 0.159234 -0.715029 -0.867184 -0.880979 0.258397 -0.496292 -0.5459 -0.186509 -0.0910244 0.0314386 0.12339 0.698984 -0.152719 -0.464683 0.0235158 0.0269298 0.0375532 0.605351 0.311533 0.926101 0.964769 0.729884 0.140118 0.398406 0.55307 -0.739839 0.450557 0.45045 
-1.03029 0.102065 0.224547 -0.638842 -0.891035 -0.878277 0.233457 -0.45224 -0.511869 -0.195122 -0.0894161 0.0680765 0.0924426 0.661079 -0.172734 -0.4812 -0.0238499 0.0187885 0.0398476 0.610805 0.236167 0.904509 0.94745 0.719103 0.0985452 0.364282 0.611101 -0.773913 0.431506 0.458407 
-1.06015 0.0467997 0.159087 -0.660195 -0.878163 -0.839961 0.255396 -0.543232 -0.506361 -0.208925 -0.067989 0.0312707 0.130519 0.683646 -0.0801071 -0.516805 0.00496493 -0.0117245 0.0650075 0.619055 0.340243 0.948242 0.976715 0.66201 0.189483 0.490668 0.558463 -0.690325 0.413925 0.402407 
-1.0158 0.0923037 0.223382 -0.729362 -0.910451 -0.860909 0.183646 -0.459743 -0.476308 -0.155431 -0.0906239 0.0509296 0.144245 0.608997 -0.168199 -0.464006 0.00784133 0.0565178 0.0142575 0.52753 0.282176 0.952291 0.9852 0.676177 0.147321 0.419799 0.549822 -0.822397 0.401776 0.406347 
-1.0437 0.0393739 0.17365 -0.69854 -0.847178 -0.877141 0.259779 -0.482901 -0.554851 -0.219934 -0.122446 0.111352 0.163964 0.620887 -0.17656 -0.501579 0.0413421 0.0583177 0.103716 0.676524 0.3155 0.896049 0.882258 0.732961 0.179952 0.332776 0.505194 -0.798741 0.399705 0.467641 
-1.05057 0.113228 0.173152 -0.679595 -0.903641 -0.855074 0.249375 -0.50672 -0.551731 -0.184182 -0.120819 0.126052 0.0882672 0.702111 -0.15092 -0.466289 -0.00726373 -0.0144762 0.0739886 0.663176 0.307047 0.962551 0.925712 0.649017 0.151568 0.387839 0.579958 -0.804364 0.450764 0.393786 
-0.879068 0.155103 0.208815 -0.672293 -0.864943 -0.852218 0.295669 -0.503785 -0.554093 -0.157419 -0.165528 0.0728086 0.134 0.624804 -0.2218 -0.414579 -0.0661179 -0.0425993 0.0127228 0.56996 0.267046 0.934836 0.985001 0.725198 0.143581 0.446319 0.60829 -0.705903 0.452676 0.487959 
-1.06327 0.140425 0.202321 -0.678016 -0.869691 -0.831099 0.228966 -0.474557 -0.540745 -0.21365 -0.0889794 0.0862192 0.162257 0.627335 -0.157439 -0.433407 0.0141688 -0.00475258 0.0839117 0.61812 0.354532 0.908755 0.969378 0.671595 0.134658 0.401844 0.539043 -0.710471 0.439827 0.407314 
-1.08302 0.186711 0.172888 -0.709687 -0.858193 -0.850938 0.233423 -0.501616 -0.489054 -0.204511 -0.0976306 0.0928396 0.143837 0.750979 -0.184568 -0.437445 -0.0433815 -0.0310468 0.0541936 0.634856 0.326537 0.932335 0.983651 0.660912 0.153792 0.389151 0.491432 -0.745204 0.379588 0.408 
-1.05445 0.0892161 0.182881 -0.680053 -0.875986 -0.885472 0.265272 -0.45229 -0.519782 -0.199881 -0.124082 0.0819706 0.135419 0.67266 -0.191375 -0.459103 -0.0271794 0.00948309 0.0803171 0.658485 0.270919 0.949922 0.920457 0.647756 0.126241 0.335091 0.566853 -0.744996 0.396236 0.394915 
-1.03787 0.121771 0.187749 -0.683041 -0.824066 -0.863387 0.244171 -0.468922 -0.560527 -0.198701 -0.109011 0.0917886 0.139958 0.661359 -0.153611 -0.493616 -0.0125898 -0.00124962 0.0707722 0.61882 0.265503 0.912883 0.943607 0.68602 0.113014 0.383926 0.536887 -0.797665 0.43557 0.399648 
-1.03882 0.0808684 0.217832 -0.718654 -0.900451 -0.860825 0.198709 -0.50005 -0.546769 -0.241494 -0.14596 0.0757427 0.117552 0.683774 -0.215464 -0.400785 0.0323178 -0.00975912 0.0479444 0.638162 0.263877 0.885912 0.952827 0.664903 0.128418 0.401522 0.566989 -0.818721 0.4058 0.369181 
-1.05859 0.0707991 0.224211 -0.697166 -0.919835 -0.875236 0.223962 -0.457764 -0.514636 -0.197046 -0.118359 0.109483 0.15961 0.63517 -0.199333 -0.492176 0.0379504 0.0341736 0.0531434 0.628696 0.264237 0.958204 0.933809 0.650425 0.17343 0.361388 0.587396 -0.781399 0.479285 0.419185 
-1.04046 0.0469822 0.221699 -0.670414 -0.889705 -0.862895 0.24065 -0.526991 -0.517925 -0.24876 -0.0558864 0.0759856 0.132886 0.660985 -0.164271 -0.466006 0.0028177 -0.0198396 0.057275 0.624158 0.340894 0.92289 0.947803 0.707595 0.148083 0.40515 0.574404 -0.742735 0.42939 0.40454 
-1.03289 0.0957139 0.177382 -0.718643 -0.927789 -0.872954 0.21738 -0.497111 -0.573526 -0.255521 -0.142267 0.0559032 0.102284 0.665448 -0.175306 -0.508149 -0.00466402 -0.0245205 0.0864445 0.632384 0.34305 0.83114 0.905995 0.676549 0.179468 0.487855 0.551067 -0.809999 0.47266 0.426456 
-1.06289 0.0967574 0.218178 -0.653736 -0.865123 -0.929062 0.265447 -0.472451 -0.545672 -0.216772 -0.0946952 0.0164519 0.144709 0.678543 -0.165541 -0.463145 0.0217996 0.0106342 0.0793618 0.573603 0.297733 0.927706 0.943728 0.681228 0.121988 0.426352 0.552665 -0.761412 0.422903 0.367343 
-1.04646 0.0855334 0.179732 -0.69436 -0.848137 -0.843987 0.251699 -0.525376 -0.542746 -0.179924 -0.114622 0.132942 0.126414 0.686249 -0.184529 -0.447369 -0.0548272 -0.0150162 0.0925082 0.639662 0.281899 0.958335 0.962874 0.663739 0.0896657 0.399121 0.557503 -0.809747 0.45609 0.385618 
-1.02337 0.0952775 0.228574 -0.678949 -0.900702 -0.876663 0.210849 -0.481644 -0.526824 -0.257516 -0.0699286 0.0748511 0.102087 0.685528 -0.147314 -0.458435 0.0147776 -0.0247701 0.0518133 0.606126 0.351496 0.9162 0.968575 0.660018 0.0845473 0.429652 0.500939 -0.724162 0.428452 0.382322 
-1.02713 0.166849 0.190206 -0.676609 -0.813673 -0.865342 0.20958 -0.480031 -0.560232 -0.20085 -0.0718895 0.100737 0.128812 0.665094 -0.130738 -0.456905 0.00967282 0.00938937 0.0843826 0.685663 0.336362 0.946011 0.930505 0.709882 0.135034 0.357225 0.522143 -0.756358 0.398176 0.423676 
-1.06364 0.0612542 0.182727 -0.631377 -0.852144 -0.896546 0.210089 -0.571268 -0.535164 -0.227368 -0.0755722 -0.0303188 0.118179 0.679458 -0.117584 -0.458237 0.035603 -0.0415293 0.0482604 0.599031 0.359541 0.9546 0.960346 0.699337 0.244747 0.522255 0.551416 -0.751586 0.399674 0.403826 
-1.05923 0.119609 0.23492 -0.679368 -0.922574 -0.830832 0.256316 -0.491582 -0.515 -0.226673 -0.0755003 0.0747377 0.121102 0.648415 -0.0847241 -0.430795 -0.00239297 -0.0175625 0.0619116 0.581135 0.353484 0.853834 0.938516 0.646923 0.0947095 0.393212 0.593058 -0.742937 0.425347 0.412971 
-1.05623 0.125599 0.185929 -0.663801 -0.865248 -0.821644 0.252351 -0.444572 -0.544443 -0.236617 -0.162359 0.110145 0.134451 0.579984 -0.193336 -0.454425 0.00121627 0.0286117 0.0323392 0.606911 0.275119 0.901315 0.955608 0.685588 0.126015 0.38155 0.562281 -0.776607 0.385289 0.39459 
-1.02696 0.0877883 0.232516 -0.686237 -0.878166 -0.845144 0.231395 -0.456831 -0.538862 -0.195521 -0.0329702 0.124187 0.12879 0.636142 -0.159473 -0.473519 0.0222591 0.00756379 0.0322011 0.64404 0.295727 0.910193 0.923102 0.744033 0.133087 0.393212 0.560175 -0.749116 0.426233 0.391947 
-1.06499 0.0961994 0.18819 -0.67055 -0.86244 -0.850186 0.203808 -0.493351 -0.551232 -0.25202 -0.062241 0.0426148 0.0963691 0.636759 -0.134672 -0.427251 -0.0276838 -0.0385056 0.0947682 0.591138 0.371436 0.903393 0.9454 0.685489 0.129485 0.38221 0.506652 -0.69274 0.429398 0.353626 
-1.01718 0.179108 0.168727 -0.714098 -0.844424 -0.887613 0.226755 -0.526267 -0.553139 -0.203875 -0.108274 0.0645903 0.111196 0.667063 -0.130809 -0.460463 0.00983967 0.0379873 0.113045 0.678298 0.309241 0.958609 0.932002 0.712815 0.0979063 0.373759 0.511347 -0.724202 0.391679 0.38599 
-0.997568 0.197732 0.169172 -0.71631 -0.847976 -0.867444 0.237971 -0.520654 -0.554468 -0.211585 -0.135554 0.0375774 0.101161 0.67367 -0.128104 -0.475999 0.03414 0.0429487 0.104658 0.65641 0.304855 0.985885 0.955455 0.739735 0.106014 0.390145 0.51693 -0.705394 0.396494 0.408007 
-1.00283 0.20566 0.170837 -0.696722 -0.836561 -0.894881 0.242951 -0.549423 -0.536518 -0.218145 -0.0903764 0.0914755 0.108398 0.643476 -0.145076 -0.461351 -0.00738977 0.017796 0.1015 0.662086 0.317683 0.944302 0.955056 0.723842 0.0778721 0.393422 0.532244 -0.713857 0.387744 0.369501 
-1.01503 0.106379 0.159091 -0.716931 -0.855024 -0.867594 0.222607 -0.50882 -0.525134 -0.221718 -0.0871358 0.107894 0.141099 0.655685 -0.183491 -0.498434 0.00647353 -0.0208314 0.0390466 0.639726 0.294542 0.901928 0.917073 0.667956 0.157468 0.386807 0.562747 -0.783347 0.471562 0.421914 
-1.03651 0.0969177 0.149569 -0.721051 -0.852956 -0.882425 0.19788 -0.525976 -0.542271 -0.248984 -0.084757 0.101358 0.136399 0.656608 -0.203228 -0.513993 0.0338568 -0.0144457 0.0209458 0.645634 0.31779 0.910509 0.92684 0.646376 0.149841 0.410064 0.560748 -0.763461 0.496832 0.422229 
-1.03439 0.113734 0.181802 -0.728381 -0.847545 -0.860474 0.246572 -0.508582 -0.530408 -0.20219 -0.0951007 0.0944496 0.119075 0.632439 -0.209926 -0.50522 0.00262741 -0.0197895 0.0177854 0.620075 0.301957 0.92207 0.922066 0.653775 0.173836 0.382429 0.550142 -0.791191 0.485142 0.446231 
-1.0492 0.131274 0.211462 -0.698758 -0.884464 -0.85532 0.239465 -0.464971 -0.526182 -0.217334 -0.125508 0.101611 0.153856 0.617489 -0.177007 -0.487525 0.00726444 0.00928874 0.0645666 0.626562 0.267779 0.917221 0.951232 0.704419 0.136445 0.357248 0.558216 -0.763086 0.382797 0.395449 
-1.06553 0.122453 0.216549 -0.712375 -0.909034 -0.865314 0.263852 -0.459408 -0.499496 -0.233716 -0.144809 0.122249 0.16188 0.607355 -0.203824 -0.498112 0.00889618 -0.0156326 0.0671129 0.641768 0.277641 0.937918 0.9447 0.70254 0.149596 0.379599 0.551133 -0.78022 0.394016 0.392645 
-1.06476 0.154212 0.219096 -0.672259 -0.866516 -0.868713 0.253905 -0.441086 -0.542765 -0.203445 -0.149207 0.125186 0.143465 0.606492 -0.176745 -0.508751 -0.0165335 0.0234769 0.0819779 0.635978 0.270959 0.9426 0.928037 0.713788 0.149383 0.380391 0.546174 -0.757918 0.409889 0.374189 
-1.05186 0.066771 0.184038 -0.679811 -0.902407 -0.88645 0.286055 -0.468783 -0.562135 -0.202679 -0.133811 0.0810772 0.12016 0.632228 -0.178546 -0.489496 -0.0286231 0.0184841 0.0832175 0.617881 0.289031 0.918431 0.939121 0.720875 0.147491 0.384178 0.580497 -0.751203 0.421342 0.408731 
-1.05924 0.0781492 0.161924 -0.678238 -0.894567 -0.885848 0.287594 -0.45519 -0.576243 -0.224508 -0.14153 0.07721 0.133634 0.606345 -0.166245 -0.506457 -0.0139155 -0.00369757 0.0820706 0.620253 0.294967 0.918467 0.945445 0.737876 0.120469 0.370192 0.60677 -0.755719 0.418834 0.416239 
-1.07319 0.0642565 0.197213 -0.661244 -0.899631 -0.876765 0.295782 -0.463039 -0.56722 -0.207601 -0.139503 0.0892278 0.137031 0.64672 -0.196344 -0.507367 -0.0332921 -0.0039469 0.0798493 0.636555 0.292038 0.918885 0.921124 0.730335 0.155398 0.374544 0.571409 -0.732066 0.428796 0.420064 
-1.0441 0.0266342 0.18303 -0.653699 -0.875116 -0.863726 0.248412 -0.536189 -0.554407 -0.23504 -0.0270891 0.0192111 0.153551 0.703132 -0.0820561 -0.499538 0.0366219 -0.0331768 0.0621122 0.610708 0.347057 0.932635 0.96777 0.645755 0.221234 0.464514 0.558676 -0.719962 0.436176 0.44529 
-1.06825 0.0265862 0.183211 -0.653109 -0.851803 -0.875379 0.243717 -0.556207 -0.529341 -0.216752 -0.0511515 -0.00340684 0.134308 0.709476 -0.0989638 -0.479007 0.0176891 -0.012764 0.0445388 0.589305 0.324707 0.913947 0.941651 0.63995 0.213799 0.455751 0.561718 -0.740427 0.441936 0.445326 
-1.04423 0.0449772 0.178781 -0.639761 -0.887031 -0.847002 0.242253 -0.519294 -0.562259 -0.220419 -0.0209502 0.015816 0.130704 0.679848 -0.0658635 -0.49112 0.029093 -0.0502428 0.0677972 0.634653 0.327069 0.916535 0.980945 0.657962 0.234302 0.478426 0.56478 -0.743791 0.432341 0.428441 
-1.03012 0.0993084 0.184013 -0.698445 -0.871029 -0.880988 0.224228 -0.512343 -0.53482 -0.218651 -0.148189 0.0942357 0.160712 0.649037 -0.167876 -0.477452 0.00182074 -0.0161299 0.0652134 0.636185 0.317711 0.94522 0.926336 0.681429 0.159962 0.358621 0.540646 -0.776281 0.45154 0.426225 
-1.00581 0.11453 0.163045 -0.675502 -0.863409 -0.865684 0.23506 -0.503421 -0.52101 -0.241619 -0.15857 0.092496 0.171127 0.639721 -0.17897 -0.46842 -0.0208026 -0.0212795 0.0425262 0.633832 0.294945 0.922599 0.908314 0.660159 0.154075 0.375183 0.564628 -0.756615 0.425474 0.433992 
-1.05696 0.107512 0.197819 -0.719126 -0.860692 -0.855115 0.219959 -0.505472 -0.526939 -0.237753 -0.172118 0.112867 0.163544 0.643391 -0.145783 -0.463425 0.0249787 0.00925543 0.066223 0.608952 0.34462 0.929971 0.936805 0.669599 0.143587 0.358533 0.519941 -0.751286 0.467562 0.427204 
-1.06865 0.0941959 0.187647 -0.679853 -0.944099 -0.851373 0.244968 -0.481839 -0.532349 -0.238361 -0.139906 0.154971 0.161832 0.681851 -0.177733 -0.528911 -0.00688652 -0.0416256 0.0588666 0.656275 0.295663 0.955473 0.915114 0.678063 0.184138 0.38421 0.560761 -0.735132 0.483429 0.359562 
-1.0911 0.106301 0.188686 -0.698764 -0.944841 -0.856952 0.218569 -0.465625 -0.509111 -0.25267 -0.130596 0.142635 0.178947 0.68598 -0.158963 -0.528406 0.00242659 -0.03707 0.0373432 0.681988 0.286175 0.959534 0.926782 0.693985 0.183515 0.379031 0.550008 -0.754349 0.462503 0.354686 
-1.09404 0.106324 0.201142 -0.672613 -0.947815 -0.836775 0.261977 -0.465035 -0.506314 -0.245127 -0.167074 0.131975 0.152487 0.675093 -0.199384 -0.516063 0.000690737 -0.0201149 0.0766081 0.656147 0.30899 0.940966 0.938155 0.689339 0.21121 0.396661 0.562115 -0.746603 0.486623 0.361658 
-1.05997 0.130142 0.173574 -0.67379 -0.850014 -0.850693 0.237066 -0.445489 -0.534448 -0.223828 -0.0713495 0.0482497 0.102585 0.654176 -0.177448 -0.505066 -0.0307811 0.016706 0.0669727 0.648321 0.28562 0.894545 0.9265 0.713705 0.135907 0.356937 0.578704 -0.740658 0.429146 0.397927 
-1.08515 0.122772 0.19805 -0.689457 -0.847899 -0.841607 0.221833 -0.437392 -0.534241 -0.212672 -0.0614678 0.0236611 0.114631 0.656079 -0.173445 -0.484502 -0.00399828 0.0143555 0.0871955 0.642375 0.300411 0.868393 0.94732 0.706355 0.132877 0.372271 0.59764 -0.714114 0.447752 0.394293 
-1.07189 0.110203 0.154536 -0.68504 -0.850115 -0.830733 0.233941 -0.451198 -0.508339 -0.225569 -0.0807802 0.0229115 0.110386 0.665256 -0.18353 -0.484743 -0.0360305 0.0403003 0.0762804 0.65219 0.290851 0.893062 0.932673 0.723745 0.121149 0.379747 0.596056 -0.726125 0.401997 0.399193 
-1.06204 0.0928794 0.180029 -0.641103 -0.88685 -0.863123 0.221117 -0.508699 -0.533445 -0.21965 -0.059959 0.0742732 0.140046 0.644901 -0.155539 -0.489424 0.0185603 -0.0199451 0.0705133 0.60965 0.304783 0.937076 0.959914 0.665296 0.213922 0.418176 0.544854 -0.726448 0.435602 0.420289 
-1.07647 0.0995024 0.199037 -0.660734 -0.882924 -0.883651 0.205028 -0.531451 -0.529102 -0.203501 -0.0633688 0.0907289 0.138258 0.618562 -0.170553 -0.471193 -0.00164863 -0.0180277 0.0607254 0.620873 0.322255 0.919943 0.939533 0.646975 0.213818 0.404431 0.527353 -0.73361 0.460329 0.421168 
-1.08367 0.0680316 0.168432 -0.649573 -0.8638 -0.836105 0.231907 -0.495973 -0.54644 -0.238625 -0.0824556 0.074424 0.152214 0.661036 -0.173381 -0.484871 0.0444244 -0.0374832 0.0962337 0.597038 0.277687 0.954497 0.947986 0.640205 0.193982 0.393636 0.542632 -0.737048 0.420725 0.398826 
-1.02251 0.102214 0.165336 -0.697443 -0.892766 -0.889913 0.232888 -0.484243 -0.554486 -0.191077 -0.128608 0.131837 0.153291 0.631043 -0.19211 -0.466757 0.010934 -0.0216752 0.068511 0.592311 0.258024 0.942594 0.889089 0.688689 0.133887 0.383092 0.605676 -0.786512 0.451906 0.432681 
-1.01987 0.106542 0.164058 -0.678672 -0.901765 -0.894152 0.227502 -0.471131 -0.556862 -0.205381 -0.145155 0.152886 0.137273 0.633917 -0.195278 -0.466604 0.0242984 -0.000447804 0.0813358 0.599463 0.269203 0.960159 0.906164 0.70253 0.143185 0.384362 0.628726 -0.806508 0.464727 0.438594 
-1.03697 0.0795968 0.153596 -0.72416 -0.870128 -0.875959 0.225477 -0.476493 -0.577525 -0.213777 -0.145806 0.122961 0.132798 0.628805 -0.166063 -0.455474 0.0225301 0.00270062 0.0497443 0.569666 0.262626 0.930016 0.879621 0.688324 0.116828 0.392081 0.632034 -0.77545 0.428498 0.446423 
-1.02266 0.071633 0.172805 -0.71127 -0.863673 -0.866862 0.229449 -0.522254 -0.540176 -0.231926 -0.0403274 0.0286982 0.147743 0.685509 -0.117498 -0.498517 0.02758 -0.0318205 0.0539187 0.611332 0.341172 0.920933 0.946233 0.665557 0.179316 0.42714 0.56135 -0.773105 0.443855 0.444735 
-1.05108 0.111448 0.177997 -0.697909 -0.86236 -0.859148 0.232142 -0.498723 -0.534718 -0.218712 -0.106352 0.0597172 0.150388 0.653452 -0.170161 -0.484843 -0.0104007 0.0149131 0.065401 0.644528 0.306668 0.917016 0.926468 0.71265 0.158667 0.358295 0.546753 -0.773968 0.441642 0.422166 
-1.0564 0.0782461 0.180582 -0.664611 -0.889929 -0.886047 0.283781 -0.473632 -0.547356 -0.212586 -0.0851452 0.0763289 0.121044 0.635519 -0.165959 -0.489481 0.000902685 -0.00140268 0.0827156 0.611589 0.297016 0.922593 0.952092 0.715597 0.184039 0.387227 0.56525 -0.741831 0.434824 0.418331 
-1.03891 0.109097 0.197923 -0.698553 -0.892401 -0.873206 0.237994 -0.48175 -0.53375 -0.194063 -0.127282 0.111799 0.153585 0.627843 -0.190088 -0.472971 0.00824706 -0.0145137 0.0672142 0.596386 0.263611 0.929778 0.92258 0.697387 0.135103 0.359646 0.566258 -0.771048 0.419398 0.417764 
-1.0385 0.0571673 0.18079 -0.709355 -0.855037 -0.865821 0.230847 -0.533583 -0.542298 -0.233844 -0.0705396 0.0957358 0.147841 0.663358 -0.144291 -0.499522 0.00772865 -0.0275909 0.0584963 0.619367 0.301276 0.912762 0.953684 0.655892 0.169102 0.41226 0.562653 -0.749609 0.441161 0.431408 
-1.01534 0.104606 0.169507 -0.704423 -0.863053 -0.871833 0.223473 -0.511148 -0.529227 -0.221304 -0.109803 0.106874 0.149901 0.652451 -0.169818 -0.492231 0.00551253 -0.0207032 0.0486183 0.638675 0.307576 0.910107 0.924848 0.669063 0.15974 0.384315 0.547433 -0.780689 0.452183 0.42326 
-1.04996 0.130241 0.197599 -0.696968 -0.865582 -0.854955 0.238043 -0.4635 -0.527452 -0.219602 -0.122082 0.0893412 0.106671 0.635024 -0.177328 -0.497271 -0.00768496 0.0157809 0.0662259 0.648238 0.281447 0.904842 0.948779 0.70814 0.136166 0.356986 0.558753 -0.745967 0.3855 0.396662 
-1.02385 0.154945 0.172215 -0.705946 -0.849306 -0.855762 0.229161 -0.473134 -0.54738 -0.21523 -0.118493 0.098497 0.137976 0.639047 -0.16703 -0.487283 0.00839092 0.0171703 0.0875513 0.665015 0.276773 0.919364 0.946728 0.710761 0.102622 0.362549 0.526872 -0.757986 0.391284 0.387524 
-1.06071 0.10613 0.174497 -0.679547 -0.916601 -0.851179 0.243961 -0.449794 -0.53381 -0.224329 -0.112213 0.0778341 0.144178 0.670469 -0.177699 -0.506343 -0.0241176 -0.00853682 0.0617072 0.655185 0.287978 0.940382 0.919231 0.679536 0.182611 0.383877 0.561318 -0.739862 0.453045 0.380456 
-1.02401 0.0987438 0.168254 -0.670352 -0.887916 -0.881766 0.230623 -0.487376 -0.541285 -0.219488 -0.0821162 0.0966524 0.146225 0.638087 -0.160163 -0.467419 0.0134048 -0.020637 0.0685878 0.605636 0.275201 0.940031 0.957753 0.675304 0.147813 0.407969 0.605332 -0.732979 0.448787 0.424214 
-1.04752 0.0739427 0.209897 -0.658158 -0.883039 -0.859561 0.247327 -0.47087 -0.539128 -0.231748 -0.0554723 0.0955685 0.153831 0.634582 -0.154129 -0.495364 0.0284184 -0.0212001 0.0630312 0.617454 0.278148 0.922266 0.965025 0.679728 0.212211 0.462006 0.558585 -0.756779 0.422026 0.425516 
-1.02884 0.0990743 0.178886 -0.647722 -0.856669 -0.864719 0.222135 -0.508804 -0.531207 -0.221347 -0.0658616 0.0807357 0.140487 0.646084 -0.177217 -0.494774 0.00749144 -0.0205409 0.0595654 0.611292 0.297249 0.904774 0.937675 0.665979 0.174057 0.401342 0.562513 -0.772478 0.466823 0.420355 
-1.02917 0.170842 0.186979 -0.706567 -0.852033 -0.860388 0.227376 -0.483156 -0.537993 -0.206094 -0.124268 0.101444 0.116699 0.624362 -0.146032 -0.476024 0.0087937 0.0276375 0.0776979 0.638766 0.277902 0.948021 0.944021 0.708197 0.0985676 0.372722 0.535073 -0.760858 0.388461 0.39513 
-1.05142 0.0496073 0.183221 -0.658031 -0.894302 -0.864052 0.253137 -0.496494 -0.557895 -0.207744 -0.0514466 0.0735948 0.147865 0.654121 -0.0954069 -0.499151 -0.00953387 -0.00445592 0.0747752 0.616655 0.329734 0.920137 0.943415 0.698559 0.204101 0.410853 0.567442 -0.736768 0.431248 0.432661 
-1.04932 0.167216 0.171021 -0.694206 -0.8476 -0.880081 0.230177 -0.490683 -0.549537 -0.222992 -0.0882768 0.0487273 0.108349 0.659735 -0.177344 -0.472639 -0.0307202 0.0316388 0.0742024 0.657592 0.290664 0.92649 0.929762 0.713219 0.124906 0.36649 0.519209 -0.738146 0.42684 0.389523 
-1.06087 0.0980753 0.166897 -0.69086 -0.890938 -0.868877 0.222741 -0.503157 -0.541426 -0.198943 -0.101687 0.0852781 0.150585 0.631951 -0.177891 -0.473612 0.0184665 -0.0206869 0.0698513 0.60739 0.301196 0.939846 0.896378 0.673652 0.210849 0.411631 0.587462 -0.749 0.447285 0.432082 
-1.05273 0.0620973 0.185897 -0.65524 -0.908037 -0.853581 0.24802 -0.507919 -0.542265 -0.235539 -0.121065 0.0449651 0.159338 0.685261 -0.168306 -0.500729 0.00798784 -0.0338505 0.0610519 0.641102 0.323104 0.943714 0.935148 0.662111 0.209846 0.407397 0.55953 -0.734019 0.443503 0.38012 
-1.02035 0.147137 0.185587 -0.707082 -0.908527 -0.883365 0.230985 -0.50323 -0.536467 -0.230406 -0.108759 0.0860609 0.158222 0.674972 -0.138895 -0.480406 0.00117043 -0.0375225 0.102031 0.665954 0.304744 0.956858 0.919822 0.701391 0.133089 0.374 0.548024 -0.728879 0.403784 0.365982 
-1.04606 0.063414 0.181793 -0.672917 -0.859237 -0.858619 0.242037 -0.527522 -0.537219 -0.232232 -0.0343873 0.0361009 0.1055 0.69347 -0.106697 -0.504274 -0.000900797 -0.0230291 0.0644153 0.61304 0.314114 0.902379 0.931369 0.655161 0.147871 0.431644 0.573087 -0.733206 0.433552 0.408258 
-1.05062 0.0486985 0.183375 -0.67363 -0.879144 -0.876589 0.272983 -0.485238 -0.554787 -0.218524 -0.0462293 0.0439235 0.120582 0.634269 -0.157283 -0.493763 0.0177539 0.00817608 0.0802674 0.613575 0.318201 0.922198 0.963601 0.70882 0.163227 0.429868 0.567035 -0.742331 0.426731 0.414051 
