-1.10587 0.0995037 0.216667 -0.65017 -0.932545 -0.8381 0.281781 -0.482494 -0.52804 -0.23244 -0.152683 0.115261 0.151768 0.670665 -0.221648 -0.516944 0.0302774 -0.047753 0.063277 0.68164 0.296354 0.969093 0.969798 0.69808 0.186501 0.391481 0.536951 -0.734356 0.513361 0.390303 
-1.07083 0.0823887 0.182336 -0.675906 -0.890391 -0.858234 0.178656 -0.486939 -0.579042 -0.22378 -0.0667522 0.0604859 0.111451 0.630165 -0.144743 -0.429601 -0.0215735 -0.0265788 0.123386 0.599608 0.381637 0.916893 0.973303 0.707307 0.120786 0.404878 0.483873 -0.706943 0.437875 0.328194 
-0.996798 0.116314 0.221178 -0.683081 -0.882758 -0.918963 0.255426 -0.448713 -0.562431 -0.191094 -0.144326 0.0575719 0.144789 0.632439 -0.150142 -0.559352 0.00897074 0.0457259 -0.0296826 0.638472 0.255048 0.90565 1.02929 0.721235 0.169371 0.477106 0.593055 -0.771845 0.433258 0.457521 
-1.06273 0.112771 0.199195 -0.663982 -0.904877 -0.835331 0.239492 -0.448006 -0.551735 -0.22144 -0.114881 0.0673941 0.0942906 0.601082 -0.139148 -0.443898 0.00293386 -0.0336153 0.0172159 0.600617 0.417667 0.897008 0.972261 0.70276 0.100885 0.382546 0.504153 -0.728286 0.412482 0.378372 
-1.01782 0.195718 0.211053 -0.756295 -0.833233 -0.814371 0.181622 -0.571801 -0.57061 -0.195416 -0.134044 0.00556593 0.0836566 0.676311 -0.116345 -0.451644 -0.0394677 0.0530861 0.0898009 0.652941 0.328804 0.914834 0.922358 0.644105 0.0829283 0.357115 0.520965 -0.724173 0.374137 0.446339 
-1.06702 0.0375932 0.198864 -0.687399 -0.901389 -0.889442 0.283547 -0.476022 -0.621938 -0.214682 -0.11972 0.165659 0.14008 0.612152 -0.143496 -0.499072 -0.0209191 0.0209874 0.0925724 0.574868 0.263989 0.910929 0.924192 0.766574 0.157726 0.42083 0.597172 -0.727523 0.476887 0.38573 
-1.0415 0.0849013 0.235203 -0.728846 -0.882112 -0.846521 0.203965 -0.515589 -0.563573 -0.234195 -0.155952 0.10034 0.137642 0.678964 -0.195821 -0.424003 0.041627 -0.0316812 0.0208381 0.62777 0.250177 0.864421 0.954245 0.667202 0.101087 0.406667 0.546676 -0.814096 0.415845 0.389307 
-1.06592 0.153738 0.20276 -0.690337 -0.872259 -0.83622 0.19115 -0.527433 -0.513148 -0.225591 -0.14081 0.110024 0.0786901 0.591003 -0.112843 -0.459251 0.00197258 0.0178 0.101231 0.577743 0.319133 0.909368 0.967377 0.637544 0.0832841 0.410469 0.544669 -0.66784 0.412926 0.412996 
-0.867527 0.176994 0.20743 -0.670936 -0.874208 -0.834464 0.288122 -0.51066 -0.54647 -0.133592 -0.141916 0.08334 0.131485 0.641883 -0.240773 -0.427096 -0.0811899 -0.0190746 0.0326919 0.581001 0.292188 0.943755 0.978547 0.700796 0.152776 0.427392 0.622296 -0.712596 0.469076 0.493696 
-1.01548 0.149588 0.175532 -0.680193 -0.818066 -0.892852 0.234452 -0.461573 -0.535732 -0.182733 -0.0833244 0.126131 0.107796 0.658582 -0.128447 -0.471457 0.0269605 0.0247088 0.0637512 0.707912 0.320432 0.950661 0.935135 0.710138 0.129308 0.376895 0.496934 -0.740192 0.395796 0.430821 
-1.09476 0.00417731 0.184825 -0.673246 -0.916115 -0.911526 0.266647 -0.52031 -0.596546 -0.192524 -0.116412 0.099438 0.0823291 0.602929 -0.198479 -0.469545 0.00397077 0.0126026 0.0721819 0.578462 0.272678 0.871073 0.947205 0.772127 0.165501 0.443893 0.597967 -0.740499 0.43804 0.380997 
-1.01472 0.0577734 0.16492 -0.658839 -0.921358 -0.872099 0.212592 -0.446904 -0.56959 -0.138126 -0.120326 0.172772 0.158266 0.68145 -0.188099 -0.456305 0.0188559 -0.00383049 0.0425994 0.610198 0.327391 0.920005 0.94955 0.663447 0.0595565 0.44745 0.595747 -0.817956 0.440002 0.378093 
-1.05833 0.09943 0.219591 -0.61053 -0.850392 -0.877058 0.210423 -0.4696 -0.558007 -0.221457 -0.0499614 0.0582219 0.05047 0.704038 -0.200374 -0.448207 0.0147124 -0.0291045 0.0831184 0.646179 0.345604 0.901275 0.946663 0.653226 0.137984 0.416624 0.553915 -0.739627 0.440842 0.363671 
-1.056 0.116265 0.195682 -0.709783 -0.947018 -0.891491 0.232771 -0.512641 -0.56369 -0.259408 -0.12949 0.0415761 0.0886962 0.692972 -0.160723 -0.505085 0.011262 -0.00325562 0.0838582 0.659531 0.315433 0.850433 0.904395 0.700568 0.152375 0.486573 0.547748 -0.810409 0.500161 0.434675 
-0.991482 0.061095 0.144309 -0.724346 -0.908741 -0.903864 0.242797 -0.511445 -0.538141 -0.213691 -0.0707249 0.166248 0.0795764 0.622785 -0.178837 -0.472107 0.0239897 0.0517751 0.0633054 0.560902 0.269489 0.903772 0.885117 0.704375 0.149374 0.377762 0.561866 -0.797499 0.44453 0.410848 
-0.999975 0.22287 0.188186 -0.691246 -0.844521 -0.846721 0.246532 -0.524654 -0.530719 -0.225053 -0.122899 0.0444913 0.105376 0.666717 -0.103133 -0.485786 0.0602829 0.0469814 0.127293 0.664436 0.282912 0.973068 0.934514 0.748037 0.110811 0.386116 0.512472 -0.703346 0.401068 0.418219 
-1.04978 0.0428024 0.200483 -0.63132 -0.843288 -0.899846 0.231463 -0.555732 -0.547548 -0.221601 -0.0551572 -0.042039 0.128435 0.659717 -0.13188 -0.451479 0.0373335 -0.0444442 0.0416609 0.590718 0.349807 0.974784 0.968944 0.721402 0.24686 0.523893 0.579013 -0.7421 0.378574 0.428049 
-1.01586 0.115799 0.159717 -0.732997 -0.906128 -0.944304 0.227479 -0.495232 -0.475901 -0.125092 -0.101087 0.0214466 0.118929 0.640669 -0.19653 -0.515207 -0.0867684 0.0294796 0.0483554 0.617024 0.300179 0.981094 0.933849 0.695722 0.0685066 0.440072 0.579984 -0.68333 0.409548 0.399134 
-1.02193 0.117856 0.195714 -0.749306 -0.907005 -0.85478 0.158908 -0.484322 -0.492643 -0.153472 -0.103477 0.0631479 0.158779 0.621477 -0.160516 -0.469671 0.0167148 0.0672925 -0.0122478 0.541658 0.265994 0.932333 0.983092 0.666972 0.16256 0.426525 0.552625 -0.834117 0.408934 0.420849 
-0.996957 0.0950129 0.234755 -0.698757 -0.900747 -0.869733 0.19284 -0.455886 -0.545498 -0.235288 -0.0556543 0.0720212 0.0851074 0.71057 -0.124408 -0.466389 0.0163132 -0.048798 0.0495677 0.585745 0.349578 0.936458 0.985618 0.643911 0.0718064 0.440196 0.473838 -0.736344 0.422909 0.359291 
-1.01217 0.0751499 0.203438 -0.638531 -0.86627 -0.885852 0.207433 -0.452853 -0.494232 -0.209631 -0.0972449 0.0737792 0.118826 0.638353 -0.191881 -0.462373 -0.0422209 0.0300366 0.0187158 0.600312 0.2228 0.929999 0.931141 0.692684 0.10106 0.337214 0.618537 -0.74806 0.418221 0.45421 
-0.988896 0.112309 0.184071 -0.652234 -0.817779 -0.880131 0.226007 -0.489518 -0.560177 -0.204791 -0.0684933 0.095439 0.116525 0.685086 -0.130402 -0.464564 0.0358039 0.0114616 0.0761946 0.657358 0.270709 0.960529 0.957774 0.711959 0.146291 0.340528 0.561127 -0.719198 0.41707 0.401865 
-1.02821 0.140648 0.15718 -0.699509 -0.881318 -0.847567 0.245379 -0.517752 -0.528578 -0.163513 -0.100512 0.142591 0.092378 0.715443 -0.173439 -0.457451 -0.0136007 0.000361196 0.0630524 0.683221 0.308678 0.983974 0.913751 0.653043 0.173258 0.409733 0.556546 -0.779394 0.47667 0.389216 
-1.06991 0.139209 0.246018 -0.663798 -0.890597 -0.893007 0.254347 -0.441843 -0.525011 -0.202167 -0.142491 0.10155 0.17032 0.620907 -0.157353 -0.482766 -0.0269692 0.0197849 0.0621668 0.6099 0.287961 0.950519 0.955536 0.693818 0.174377 0.354123 0.570637 -0.7382 0.385924 0.37518 
-1.07367 0.0924313 0.191301 -0.643665 -0.856605 -0.892179 0.20541 -0.528595 -0.551958 -0.191885 -0.0621776 0.100434 0.139358 0.599929 -0.160636 -0.447911 0.0190666 -0.0415122 0.0332202 0.59378 0.330018 0.89537 0.9531 0.652575 0.233192 0.379186 0.526605 -0.753556 0.446529 0.412516 
-1.08592 0.0652181 0.197535 -0.694304 -0.943207 -0.869218 0.249189 -0.433123 -0.528035 -0.219739 -0.109926 0.136577 0.179827 0.661834 -0.188592 -0.513052 0.0590647 0.0412786 0.0408028 0.65092 0.246661 0.944019 0.92213 0.675871 0.165515 0.340826 0.606717 -0.777579 0.48201 0.414307 
-1.02905 0.0889864 0.269597 -0.680625 -0.898618 -0.820412 0.209351 -0.504931 -0.560524 -0.184843 -0.135706 0.0699284 0.217422 0.60753 -0.202183 -0.480932 0.0674721 -0.012316 0.101027 0.71797 0.300309 0.877117 0.976627 0.724267 0.0767746 0.393399 0.549335 -0.841819 0.415826 0.444462 
-1.03371 0.0566212 0.184156 -0.698517 -0.881983 -0.871897 0.25789 -0.495915 -0.536097 -0.174751 -0.0981332 0.0285842 0.112918 0.705094 -0.174182 -0.469883 0.0382774 0.0497729 0.0297064 0.582676 0.307414 0.910039 0.969164 0.744663 0.144589 0.373695 0.560631 -0.748096 0.465277 0.471589 
-1.0336 0.148409 0.180232 -0.718608 -0.835896 -0.886618 0.223015 -0.502601 -0.518981 -0.19556 -0.107385 0.0852324 0.125409 0.605915 -0.171346 -0.468342 0.00257912 0.00738588 0.0826532 0.639458 0.298678 0.969848 0.956757 0.687596 0.0957994 0.375473 0.55658 -0.787043 0.385957 0.409142 
-1.05689 0.0461377 0.167848 -0.639548 -0.85828 -0.841205 0.250192 -0.540566 -0.563108 -0.246651 -0.0472908 0.0365023 0.163256 0.698052 -0.0881567 -0.507557 0.0339298 -0.00626706 0.0538689 0.592269 0.35539 0.915666 0.965869 0.64415 0.244196 0.442162 0.580888 -0.724164 0.444603 0.427704 
-1.0662 0.0877931 0.235693 -0.638468 -0.873312 -0.944745 0.277875 -0.485191 -0.560794 -0.2131 -0.102033 0.0275677 0.165338 0.666102 -0.168214 -0.451282 0.0300202 -0.0116502 0.0738374 0.55099 0.2887 0.934316 0.94811 0.679563 0.111896 0.401489 0.541883 -0.740511 0.424598 0.380198 
-1.04861 0.0636652 0.24067 -0.699407 -0.90778 -0.888876 0.245035 -0.500073 -0.519454 -0.175903 -0.0862244 0.123767 0.0882664 0.601431 -0.210392 -0.493049 0.0821186 -0.0326068 0.103771 0.671943 0.313995 0.898276 0.981124 0.671355 0.126644 0.385096 0.593246 -0.791892 0.36182 0.364614 
-1.05637 0.106868 0.199859 -0.718577 -0.855265 -0.840968 0.259093 -0.514537 -0.509866 -0.221829 -0.106901 0.107045 0.141922 0.620687 -0.215166 -0.495908 -0.00741922 -0.0442725 0.0163101 0.616058 0.325191 0.915296 0.91766 0.631177 0.152322 0.364814 0.554378 -0.805657 0.51121 0.446554 
-1.08576 0.117644 0.223155 -0.662279 -0.925261 -0.847758 0.248329 -0.471825 -0.518746 -0.199848 -0.073774 0.10163 0.134268 0.651638 -0.094011 -0.420337 -0.00897255 -0.0364891 0.0738415 0.585499 0.343017 0.878496 0.91405 0.638295 0.0909045 0.387305 0.594391 -0.745314 0.449934 0.42344 
-1.12777 0.0962897 0.173923 -0.665263 -0.93829 -0.886213 0.278505 -0.425562 -0.635822 -0.281024 -0.0414553 0.107183 0.137639 0.634519 -0.110193 -0.492472 -0.0269736 0.0163675 0.0138473 0.597061 0.321316 0.910907 0.955019 0.728654 0.196728 0.42988 0.548479 -0.755528 0.356143 0.363395 
-1.01838 0.0589699 0.200205 -0.702247 -0.844859 -0.887797 0.261081 -0.491312 -0.561374 -0.23902 -0.137067 0.114772 0.137465 0.607383 -0.191725 -0.521516 0.0252421 0.0721136 0.111634 0.650491 0.330351 0.908975 0.891134 0.734536 0.188305 0.358624 0.526685 -0.777415 0.382393 0.490732 
-1.06409 0.0339437 0.142583 -0.625871 -0.919554 -0.861324 0.288321 -0.522231 -0.559402 -0.20701 -0.0529607 0.0642189 0.143203 0.638495 -0.143837 -0.521201 0.0103028 0.00347437 0.0845738 0.563552 0.317591 0.938215 0.933756 0.705615 0.219649 0.430452 0.540562 -0.701087 0.484287 0.424253 
-1.09011 0.129473 0.152731 -0.661061 -0.805321 -0.974062 0.251978 -0.512756 -0.51181 -0.20319 -0.0904657 0.0309392 0.135065 0.710754 -0.169673 -0.417932 -0.000430214 -0.0124145 0.124366 0.63732 0.284511 0.894718 0.968199 0.688304 0.116581 0.452839 0.515881 -0.780039 0.43477 0.393758 
-1.02963 0.153684 0.205861 -0.687821 -0.869943 -0.878915 0.238753 -0.484629 -0.505079 -0.197366 -0.125064 0.071332 0.0841855 0.642596 -0.200761 -0.493552 -0.00544594 -0.00861303 0.0903164 0.623849 0.308645 0.928396 0.941745 0.684056 0.120828 0.353126 0.565699 -0.753112 0.369565 0.371378 
-1.08013 0.087103 0.174963 -0.684873 -0.890962 -0.90069 0.321836 -0.455435 -0.571535 -0.211705 -0.161878 0.114169 0.116846 0.663796 -0.207242 -0.498359 -0.0482583 0.00876972 0.0716286 0.625781 0.317145 0.896501 0.939712 0.748934 0.158612 0.379906 0.550265 -0.752432 0.410849 0.43331 
-1.02329 0.111286 0.208968 -0.694975 -0.848642 -0.894412 0.246077 -0.536249 -0.551557 -0.241126 -0.167993 0.0686354 0.144683 0.65433 -0.164766 -0.49443 -0.019361 -0.032118 0.0755464 0.634965 0.30614 0.951967 0.935743 0.673593 0.170482 0.350186 0.519932 -0.784195 0.452007 0.413652 
-1.06372 0.051571 0.179448 -0.698117 -0.884686 -0.903415 0.270626 -0.454204 -0.570103 -0.180732 -0.146477 0.0845172 0.099663 0.654375 -0.190833 -0.486314 -0.0297918 0.0299214 0.0815455 0.603308 0.269803 0.937585 0.921305 0.703134 0.128739 0.402405 0.589418 -0.724452 0.446971 0.413542 
-1.03974 0.0714651 0.196097 -0.704369 -0.882133 -0.860123 0.217334 -0.531094 -0.555682 -0.257792 -0.0475914 0.119669 0.134748 0.649906 -0.16426 -0.480284 0.0054539 -0.0286769 0.0780288 0.611299 0.328312 0.923124 0.926764 0.633255 0.164078 0.426527 0.564735 -0.745666 0.458631 0.404422 
-1.04626 0.0966294 0.198962 -0.725314 -0.843403 -0.857349 0.22806 -0.516496 -0.515824 -0.236041 -0.17953 0.0903842 0.163051 0.667615 -0.169685 -0.458615 0.0252234 0.00689564 0.0755749 0.598586 0.319505 0.927797 0.938687 0.676514 0.164141 0.340405 0.535527 -0.736191 0.475363 0.415279 
-1.08421 0.108676 0.211381 -0.710501 -0.861724 -0.875533 0.276773 -0.464183 -0.495028 -0.195714 -0.0679994 0.115122 0.141557 0.653359 -0.175612 -0.481898 -0.0366491 -0.00217395 0.0988081 0.657288 0.254212 0.858953 0.951578 0.660838 0.1562 0.347569 0.544663 -0.751935 0.385469 0.412287 
-1.03753 0.0389481 0.192474 -0.679233 -0.898226 -0.852357 0.264018 -0.513319 -0.536819 -0.196617 -0.0382074 0.0557755 0.160908 0.660582 -0.0736583 -0.517867 -0.0260156 -0.0275212 0.0767298 0.594514 0.351407 0.906796 0.967596 0.717931 0.184488 0.415356 0.587569 -0.748975 0.41163 0.449717 
-1.06842 0.170358 0.147101 -0.706356 -0.838149 -0.82891 0.257723 -0.497574 -0.463018 -0.178918 -0.10905 0.0825016 0.163173 0.746047 -0.203374 -0.44043 -0.070203 -0.0266609 0.0279523 0.608496 0.327324 0.951628 0.978055 0.685473 0.167859 0.37812 0.497313 -0.740325 0.368194 0.415065 
-0.98599 0.132919 0.186399 -0.721133 -0.834515 -0.859902 0.225196 -0.563709 -0.541213 -0.189194 -0.125881 0.0581261 0.1283 0.693966 -0.177731 -0.367628 0.00460257 -0.0558275 0.123795 0.660528 0.270623 0.909427 0.964518 0.668471 0.126574 0.412765 0.496831 -0.809351 0.366223 0.416627 
-1.05297 0.172387 0.148112 -0.693989 -0.856077 -0.904959 0.20813 -0.513992 -0.547234 -0.229825 -0.113772 0.0384977 0.132357 0.679681 -0.176719 -0.465948 -0.0314601 0.0134571 0.0795351 0.673884 0.26621 0.919487 0.939941 0.692092 0.131332 0.377201 0.530306 -0.73065 0.402641 0.413004 
-1.0075 0.0804745 0.154369 -0.690582 -0.909568 -0.877703 0.237368 -0.475521 -0.552971 -0.174614 -0.111599 0.123176 0.173116 0.627636 -0.200077 -0.492472 -0.00823252 -0.00825787 0.0908189 0.588009 0.275406 0.926125 0.868693 0.710127 0.123588 0.408294 0.595834 -0.791778 0.47671 0.423553 
-1.06825 0.0265862 0.183211 -0.653109 -0.851803 -0.875379 0.243717 -0.556207 -0.529341 -0.216752 -0.0511515 -0.00340684 0.134308 0.709476 -0.0989638 -0.479007 0.0176891 -0.012764 0.0445388 0.589305 0.324707 0.913947 0.941651 0.63995 0.213799 0.455751 0.561718 -0.740427 0.441936 0.445326 
-1.06427 0.012024 0.199808 -0.655602 -0.86081 -0.850556 0.255039 -0.577303 -0.535666 -0.233566 -0.0565819 0.019198 0.141038 0.691344 -0.110947 -0.464506 0.0399717 0.0129085 0.0454487 0.603843 0.317803 0.915346 0.923181 0.630439 0.22685 0.47499 0.545845 -0.740266 0.460748 0.434865 
-1.09309 0.0492305 0.204155 -0.676951 -0.850919 -0.900095 0.241335 -0.578745 -0.531169 -0.201644 -0.0475128 -0.00996223 0.110896 0.723919 -0.110368 -0.494382 0.0274164 0.00598455 0.0692666 0.599879 0.328507 0.924856 0.937239 0.618252 0.20683 0.446252 0.586176 -0.764753 0.461096 0.435371 
-1.05445 0.0892161 0.182881 -0.680053 -0.875986 -0.885472 0.265272 -0.45229 -0.519782 -0.199881 -0.124082 0.0819706 0.135419 0.67266 -0.191375 -0.459103 -0.0271794 0.00948309 0.0803171 0.658485 0.270919 0.949922 0.920457 0.647756 0.126241 0.335091 0.566853 -0.744996 0.396236 0.394915 
-1.05921 0.106617 0.200363 -0.674613 -0.875827 -0.901615 0.2412 -0.470144 -0.496735 -0.212069 -0.126273 0.0966731 0.113621 0.679235 -0.209991 -0.433609 -0.0247316 0.00781702 0.0794665 0.6414 0.265625 0.973698 0.945974 0.640358 0.14401 0.330779 0.557406 -0.7221 0.370647 0.387527 
-1.04385 0.078721 0.204322 -0.661708 -0.893282 -0.904263 0.273548 -0.46725 -0.53492 -0.218745 -0.125251 0.0925594 0.130481 0.648291 -0.194866 -0.438059 -0.00887227 0.0252367 0.0536743 0.663145 0.290224 0.965545 0.935117 0.673742 0.100697 0.356563 0.57394 -0.748098 0.407408 0.413114 
-1.03787 0.121771 0.187749 -0.683041 -0.824066 -0.863387 0.244171 -0.468922 -0.560527 -0.198701 -0.109011 0.0917886 0.139958 0.661359 -0.153611 -0.493616 -0.0125898 -0.00124962 0.0707722 0.61882 0.265503 0.912883 0.943607 0.68602 0.113014 0.383926 0.536887 -0.797665 0.43557 0.399648 
-1.01776 0.113314 0.183345 -0.704243 -0.843843 -0.878172 0.24007 -0.48355 -0.569554 -0.183837 -0.132142 0.10864 0.119365 0.686331 -0.168421 -0.514677 -0.0127146 -0.0249527 0.0565537 0.611947 0.243358 0.886074 0.960197 0.668326 0.0910479 0.379863 0.526095 -0.799002 0.455883 0.422426 
-1.01179 0.104172 0.190092 -0.709923 -0.839321 -0.883664 0.230197 -0.466476 -0.580468 -0.208667 -0.100462 0.114263 0.12239 0.686656 -0.168445 -0.480181 -0.0262816 -0.0163787 0.0804305 0.61666 0.272949 0.921649 0.917522 0.670584 0.0973423 0.370234 0.515297 -0.795168 0.431283 0.420229 
-1.02884 0.0990743 0.178886 -0.647722 -0.856669 -0.864719 0.222135 -0.508804 -0.531207 -0.221347 -0.0658616 0.0807357 0.140487 0.646084 -0.177217 -0.494774 0.00749144 -0.0205409 0.0595654 0.611292 0.297249 0.904774 0.937675 0.665979 0.174057 0.401342 0.562513 -0.772478 0.466823 0.420355 
-1.00675 0.12383 0.164711 -0.647098 -0.835291 -0.843718 0.197623 -0.504644 -0.521915 -0.245207 -0.0464603 0.0787227 0.138347 0.652816 -0.172667 -0.471474 -0.0195414 -0.04643 0.0719275 0.625362 0.271302 0.897395 0.954767 0.665592 0.150505 0.397113 0.549288 -0.777726 0.471531 0.421159 
-1.02895 0.102544 0.182721 -0.629231 -0.850699 -0.850346 0.225395 -0.509476 -0.553943 -0.23858 -0.0691936 0.0797886 0.156436 0.630137 -0.19995 -0.481572 0.00930137 -0.0173591 0.0844808 0.608462 0.301141 0.88154 0.926657 0.671764 0.184265 0.427476 0.549166 -0.753001 0.47038 0.431497 
-1.02266 0.071633 0.172805 -0.71127 -0.863673 -0.866862 0.229449 -0.522254 -0.540176 -0.231926 -0.0403274 0.0286982 0.147743 0.685509 -0.117498 -0.498517 0.02758 -0.0318205 0.0539187 0.611332 0.341172 0.920933 0.946233 0.665557 0.179316 0.42714 0.56135 -0.773105 0.443855 0.444735 
-1.02573 0.0839077 0.199411 -0.700131 -0.887329 -0.858629 0.240356 -0.501906 -0.56339 -0.208136 -0.0478136 0.0101599 0.142619 0.668561 -0.135021 -0.484079 0.0528276 -0.0534244 0.0764654 0.585008 0.352328 0.921495 0.962135 0.657574 0.179084 0.452518 0.571367 -0.789333 0.445448 0.45832 
-1.03113 0.0939605 0.195686 -0.726596 -0.861305 -0.881133 0.22555 -0.510612 -0.547404 -0.22916 -0.0621624 0.0311116 0.141253 0.683961 -0.118711 -0.473229 0.0102227 -0.0129434 0.0364086 0.619492 0.354966 0.899281 0.970358 0.684943 0.158288 0.447749 0.540794 -0.770078 0.426431 0.441647 
-1.06204 0.0928794 0.180029 -0.641103 -0.88685 -0.863123 0.221117 -0.508699 -0.533445 -0.21965 -0.059959 0.0742732 0.140046 0.644901 -0.155539 -0.489424 0.0185603 -0.0199451 0.0705133 0.60965 0.304783 0.937076 0.959914 0.665296 0.213922 0.418176 0.544854 -0.726448 0.435602 0.420289 
-1.08756 0.0879983 0.171049 -0.615751 -0.900958 -0.838019 0.231353 -0.518819 -0.530895 -0.233007 -0.0621633 0.0758298 0.120495 0.619691 -0.128809 -0.485962 -0.00434738 -0.0122262 0.0520151 0.609158 0.33147 0.912672 0.939959 0.682943 0.190433 0.422094 0.567232 -0.749631 0.410847 0.435744 
-1.03956 0.0756103 0.159943 -0.659454 -0.881563 -0.861969 0.224987 -0.523058 -0.545181 -0.198634 -0.0753177 0.0646887 0.120547 0.662363 -0.134276 -0.50135 0.018739 0.00652319 0.0705576 0.609666 0.298525 0.925501 0.945407 0.642233 0.236675 0.407473 0.533868 -0.749499 0.45986 0.435334 
-1.01987 0.106542 0.164058 -0.678672 -0.901765 -0.894152 0.227502 -0.471131 -0.556862 -0.205381 -0.145155 0.152886 0.137273 0.633917 -0.195278 -0.466604 0.0242984 -0.000447804 0.0813358 0.599463 0.269203 0.960159 0.906164 0.70253 0.143185 0.384362 0.628726 -0.806508 0.464727 0.438594 
-1.02786 0.131959 0.138093 -0.653406 -0.881599 -0.890365 0.224565 -0.483083 -0.530481 -0.20141 -0.160017 0.155915 0.163767 0.60783 -0.21371 -0.479922 0.0290916 -0.0200505 0.0705258 0.593044 0.294087 0.964653 0.927608 0.681256 0.15746 0.363899 0.616742 -0.831422 0.473874 0.441938 
-1.02191 0.131018 0.190039 -0.693952 -0.926354 -0.897627 0.241777 -0.483083 -0.570214 -0.215764 -0.126088 0.171697 0.130989 0.620704 -0.17916 -0.448041 0.0192416 -0.00997487 0.100096 0.606907 0.251665 0.958764 0.90011 0.692243 0.160484 0.409888 0.62843 -0.804049 0.467199 0.454238 
-1.01773 0.153219 0.188794 -0.690026 -0.874815 -0.846913 0.250485 -0.472057 -0.544493 -0.205807 -0.0702798 0.117532 0.120485 0.671349 -0.167382 -0.494305 -0.00140749 -0.00950241 0.0718511 0.662655 0.273215 0.879085 0.958664 0.664803 0.141924 0.383492 0.527194 -0.764344 0.458495 0.390937 
-1.02809 0.150201 0.196946 -0.671598 -0.874467 -0.842995 0.245837 -0.486343 -0.546228 -0.186135 -0.0620232 0.118362 0.107559 0.693501 -0.178896 -0.495269 -0.0145081 -0.0244728 0.0772714 0.675774 0.248697 0.888626 0.964393 0.672457 0.137444 0.401019 0.533971 -0.789069 0.463264 0.41599 
-0.99813 0.126678 0.170912 -0.684436 -0.880082 -0.851099 0.25995 -0.458145 -0.548478 -0.196048 -0.0782586 0.142324 0.109798 0.692525 -0.167111 -0.483512 -0.018678 0.0159886 0.0841776 0.636473 0.296947 0.853392 0.937439 0.671929 0.144229 0.394579 0.525133 -0.763948 0.458475 0.392379 
-1.0564 0.0782461 0.180582 -0.664611 -0.889929 -0.886047 0.283781 -0.473632 -0.547356 -0.212586 -0.0851452 0.0763289 0.121044 0.635519 -0.165959 -0.489481 0.000902685 -0.00140268 0.0827156 0.611589 0.297016 0.922593 0.952092 0.715597 0.184039 0.387227 0.56525 -0.741831 0.434824 0.418331 
-1.06016 0.074993 0.164779 -0.66602 -0.910325 -0.892386 0.267018 -0.491385 -0.527787 -0.222914 -0.0907496 0.0999364 0.132931 0.655885 -0.141292 -0.480986 0.00661128 0.00218239 0.08535 0.589135 0.299372 0.922084 0.952998 0.701459 0.174126 0.380639 0.566966 -0.729402 0.442353 0.392588 
-1.057 0.073265 0.177255 -0.64277 -0.865943 -0.876048 0.261733 -0.493126 -0.565068 -0.230544 -0.0608039 0.0579702 0.114532 0.637312 -0.186351 -0.48448 -0.00493416 -0.0218599 0.079918 0.605644 0.28227 0.918193 0.93271 0.701328 0.165092 0.413415 0.555897 -0.741881 0.43336 0.407595 
-1.08367 0.0680316 0.168432 -0.649573 -0.8638 -0.836105 0.231907 -0.495973 -0.54644 -0.238625 -0.0824556 0.074424 0.152214 0.661036 -0.173381 -0.484871 0.0444244 -0.0374832 0.0962337 0.597038 0.277687 0.954497 0.947986 0.640205 0.193982 0.393636 0.542632 -0.737048 0.420725 0.398826 
-1.08531 0.0936464 0.169569 -0.646046 -0.887475 -0.8343 0.251945 -0.481928 -0.528126 -0.247586 -0.0732329 0.052984 0.139675 0.637207 -0.162615 -0.505056 0.0565513 -0.0584691 0.0848886 0.619604 0.286751 0.976546 0.964884 0.638603 0.198062 0.373179 0.525387 -0.723974 0.396627 0.391473 
-1.05932 0.0520963 0.169392 -0.664945 -0.884505 -0.818715 0.216263 -0.473243 -0.547833 -0.247054 -0.0794735 0.0888802 0.130018 0.671702 -0.198951 -0.487116 0.020932 -0.0318353 0.0757779 0.578518 0.25238 0.952795 0.939926 0.660911 0.213169 0.416663 0.529274 -0.751231 0.40746 0.421058 
-1.02492 0.143387 0.184153 -0.64935 -0.867636 -0.848638 0.242465 -0.508665 -0.532578 -0.212473 -0.0679982 0.0978082 0.127681 0.665124 -0.170498 -0.494418 0.00156818 -0.0167448 0.0643725 0.63329 0.287592 0.89655 0.947969 0.665323 0.171713 0.384944 0.54289 -0.770491 0.465934 0.415881 
-1.03495 0.0860554 0.180331 -0.649062 -0.854448 -0.868018 0.230927 -0.548536 -0.530917 -0.218769 -0.0592124 0.0171532 0.135703 0.647859 -0.159718 -0.482493 0.00910861 -0.0202867 0.0504279 0.600685 0.319485 0.909379 0.938519 0.661602 0.199327 0.432263 0.562423 -0.766449 0.452218 0.443419 
-1.02796 0.114925 0.184035 -0.679586 -0.860322 -0.870597 0.233754 -0.469441 -0.558493 -0.199099 -0.123366 0.103562 0.137375 0.66034 -0.15799 -0.468095 0.00369176 -0.000900838 0.0720615 0.610216 0.265506 0.927498 0.938965 0.686387 0.1192 0.384233 0.586926 -0.798896 0.439704 0.402883 
-1.03412 0.106772 0.182314 -0.666489 -0.879074 -0.849931 0.244917 -0.498674 -0.540852 -0.214156 -0.0614596 0.0934467 0.138332 0.656454 -0.166543 -0.491008 0.00164559 -0.0155991 0.0706722 0.610229 0.282382 0.890623 0.959705 0.665244 0.194407 0.397402 0.52918 -0.759998 0.444595 0.405923 
-1.02484 0.142928 0.187928 -0.685733 -0.837887 -0.861554 0.244412 -0.470499 -0.557123 -0.199442 -0.0905948 0.094168 0.134087 0.669077 -0.165372 -0.49386 -0.00647712 -0.00802951 0.0711406 0.643239 0.270646 0.897737 0.947698 0.677692 0.116666 0.38389 0.527362 -0.78156 0.447791 0.395416 
-1.0228 0.152577 0.185172 -0.685158 -0.875517 -0.867695 0.259402 -0.461244 -0.536001 -0.205744 -0.114993 0.0877393 0.127754 0.671613 -0.170612 -0.469728 -0.0224558 0.00902524 0.0725132 0.662549 0.271213 0.937627 0.938778 0.650044 0.135665 0.353534 0.547692 -0.758507 0.427435 0.394291 
-1.06297 0.0874671 0.18215 -0.650536 -0.864514 -0.874493 0.225415 -0.53384 -0.532671 -0.218983 -0.0597446 0.0182182 0.1353 0.683367 -0.123917 -0.485306 0.0177772 -0.0143625 0.0678122 0.60066 0.314115 0.921109 0.942909 0.663186 0.213804 0.431415 0.548116 -0.736969 0.436723 0.437442 
-1.05965 0.0455125 0.183126 -0.672223 -0.87383 -0.882132 0.259602 -0.509681 -0.526897 -0.212088 -0.117488 0.0334135 0.135129 0.683429 -0.169359 -0.459587 0.00728281 0.0010132 0.0478143 0.625852 0.310798 0.935179 0.922478 0.643006 0.178059 0.370418 0.566091 -0.743832 0.399786 0.441775 
-1.05853 0.116289 0.180131 -0.670081 -0.835689 -0.863189 0.226078 -0.487334 -0.555672 -0.217203 -0.0865065 0.0898249 0.140043 0.653825 -0.154165 -0.490896 0.0132339 -0.0124001 0.0706803 0.611806 0.267349 0.916869 0.945004 0.685613 0.114699 0.400287 0.542355 -0.752013 0.435587 0.419581 
-1.07961 0.0699189 0.179686 -0.651011 -0.886892 -0.863907 0.244795 -0.493369 -0.546493 -0.214136 -0.0838246 0.0754812 0.145227 0.64702 -0.166299 -0.486881 0.00887781 -0.0243651 0.0914422 0.605746 0.283902 0.931168 0.951922 0.656381 0.189143 0.389558 0.545468 -0.740011 0.421202 0.411666 
-1.03282 0.111512 0.186635 -0.680444 -0.875605 -0.87719 0.256475 -0.461695 -0.522242 -0.202247 -0.0801234 0.0953948 0.131035 0.671936 -0.17902 -0.48024 -0.0200463 -0.00761017 0.0788037 0.659424 0.271705 0.932877 0.937637 0.653342 0.131675 0.340717 0.553481 -0.750105 0.441072 0.393375 
-1.06831 0.0749924 0.1745 -0.663704 -0.887893 -0.884104 0.234188 -0.474931 -0.547245 -0.234028 -0.0850314 0.076237 0.124743 0.653641 -0.169909 -0.487131 0.0404615 -0.0303149 0.0832252 0.600971 0.288844 0.933964 0.951687 0.647681 0.192562 0.38749 0.554164 -0.7393 0.427748 0.398961 
-1.05156 0.0432986 0.181733 -0.650703 -0.855944 -0.873016 0.240971 -0.55032 -0.53023 -0.218143 -0.0656839 -0.00103193 0.134375 0.655393 -0.175769 -0.482164 0.0123226 -0.0153806 0.0467489 0.591425 0.308716 0.912939 0.941071 0.644151 0.17851 0.412068 0.562256 -0.768148 0.46531 0.444804 
-1.05991 0.0835978 0.183169 -0.67119 -0.85612 -0.884662 0.256462 -0.511794 -0.528914 -0.205968 -0.0931399 0.0433376 0.135305 0.680471 -0.160922 -0.474718 -0.0268779 0.000196264 0.0515729 0.640591 0.273305 0.926123 0.93996 0.645412 0.165485 0.445889 0.564964 -0.741725 0.412273 0.412659 
-1.02687 0.107937 0.184304 -0.689332 -0.883709 -0.858359 0.234103 -0.479003 -0.542177 -0.211979 -0.0702028 0.101179 0.120646 0.66144 -0.162839 -0.492126 0.012365 -0.0135582 0.0705392 0.658295 0.280641 0.910143 0.958917 0.665131 0.17461 0.408906 0.53593 -0.730993 0.455175 0.419799 
-1.02583 0.0600358 0.184505 -0.676315 -0.853747 -0.850475 0.244528 -0.484038 -0.539828 -0.20599 -0.0610242 0.0155853 0.125636 0.683338 -0.121559 -0.482026 0.00795566 -0.0106677 0.0559682 0.604297 0.311048 0.912018 0.947378 0.65273 0.193447 0.445455 0.533425 -0.755895 0.44504 0.428476 
-1.0214 0.12996 0.18563 -0.675264 -0.862593 -0.860348 0.247788 -0.505721 -0.537902 -0.20955 -0.0701049 0.115952 0.139834 0.65426 -0.168815 -0.494329 -0.000582102 -0.0102092 0.0604781 0.614054 0.286357 0.895126 0.955589 0.66507 0.15893 0.398749 0.550541 -0.771934 0.462385 0.40058 
-1.01946 0.151346 0.184323 -0.666511 -0.882196 -0.878624 0.26579 -0.472109 -0.544596 -0.212173 -0.0768331 0.0955052 0.121003 0.650022 -0.166784 -0.490616 -0.000808166 -0.00520995 0.0734693 0.657929 0.27444 0.884048 0.952098 0.681014 0.156182 0.386212 0.556951 -0.761412 0.456664 0.413809 
-1.02743 0.0480668 0.181919 -0.671132 -0.852605 -0.879137 0.234758 -0.533878 -0.551139 -0.213123 -0.0539226 0.0146303 0.134481 0.693145 -0.117158 -0.472586 0.020467 -0.0119974 0.0480638 0.591509 0.306862 0.955798 0.928369 0.667477 0.161321 0.384853 0.612352 -0.745322 0.454891 0.438696 
-1.05949 0.0759224 0.177259 -0.652042 -0.868091 -0.869024 0.270205 -0.495075 -0.546832 -0.227606 -0.084487 0.076135 0.151727 0.641281 -0.166428 -0.486303 0.0184081 -0.0225289 0.0910963 0.607816 0.293094 0.937965 0.951246 0.700796 0.186344 0.391632 0.551224 -0.737645 0.42079 0.411798 
