-0.631828 0.0320131 0.20741 -0.526507 0.322743 -0.258971 0.302278 0.876313 0.318491 -1.06968 -0.231805 -0.531713 0.624807 -0.54154 -0.488494 0.611395 0.369406 0.186671 -0.266979 -1.00699 0.224941 -0.484287 0.275189 -0.191181 0.294843 -0.341098 1.06308 0.150424 -1.0618 -0.21866 
0.484915 0.957746 1.07304 0.18852 0.00344232 0.691089 -0.627562 0.392601 0.493125 0.702722 -0.578315 0.831353 0.799938 -0.382179 -0.723258 0.872536 -0.758542 0.67231 0.765254 0.514174 -0.72029 -0.593909 -0.444391 -0.59934 -0.184931 0.45508 -0.0825668 0.757146 -0.00423202 -0.717937 
-0.206127 -0.572172 -0.660454 -1.18464 0.635884 0.259712 -0.0514011 -0.181827 -0.939628 -1.26614 -0.0840305 -0.27945 -0.215262 0.498111 -1.20601 -0.84228 -1.18168 -0.410411 -0.0391948 -0.612182 1.14329 -0.197244 -1.05388 -0.15985 -0.941505 -0.172794 -0.212163 -0.764291 -0.790976 -0.490692 
0.834111 0.48549 -0.688932 0.882194 -0.359532 0.186511 -0.32434 -0.367911 0.618304 -0.541633 -0.517643 -0.699932 0.631332 -0.114265 -0.467332 0.896978 1.11363 -0.725364 -0.637041 -0.743651 0.19167 -0.873214 -0.654124 -0.582266 -0.415391 -0.909152 -0.838245 0.616119 0.803775 0.525171 
-1.03305 1.36631 -0.166598 1.14997 -0.199504 -0.00779585 -0.473966 0.621426 -0.222803 0.0166786 0.980414 -0.899442 1.93945 -0.572014 0.416055 -0.348891 -0.3855 -0.779122 0.169705 1.682 -0.451671 1.28367 2.21436 1.54233 -2.38535 -1.49258 1.39323 -0.360965 -0.27487 -0.101297 
0.0472987 0.177246 0.104727 0.237794 -0.909881 1.08148 0.444609 -0.53659 -0.671315 -0.309236 -0.188081 0.739965 0.726134 0.364223 0.539011 0.512961 -0.707321 -0.367538 0.937043 0.892001 -0.447959 -0.0383443 0.0401052 -0.38688 0.40006 0.23772 0.762681 -0.0138578 -0.504416 0.791076 
-0.819123 -0.0133495 -0.312014 -0.597163 0.175839 0.180673 0.452928 0.113525 -0.227877 0.344755 0.237447 -0.0909777 0.00644506 0.544453 1.1609 -0.551095 0.587066 -0.194447 -0.787688 -0.534765 -0.0512289 -0.913377 0.615942 -0.640695 -0.238053 -0.595851 0.571502 -0.261506 0.785098 0.775432 
-0.752684 -0.0616411 -1.16876 -0.267869 0.222325 0.612566 -0.0281018 -0.0213526 0.0384011 -0.181099 -1.34483 -0.92987 0.0713903 0.202703 0.477411 -0.28936 -1.19421 0.422399 -1.16867 -0.695406 0.373258 1.23975 -0.245633 -0.337627 -1.18396 -1.17484 -0.558383 -0.517488 0.1696 0.138459 
-0.276302 -1.82397 -0.565096 -1.67795 1.07791 -0.993863 1.34255 0.686182 -1.67828 -1.82313 0.0983314 0.637624 0.0960855 -1.63946 -1.12534 -2.20244 -0.916088 0.139553 -0.942487 1.24478 1.61534 -1.28351 0.999151 0.106223 0.0311576 -1.98598 1.82771 0.233648 -0.0800642 0.674547 
-1.09121 0.0923874 0.27026 -0.705914 -0.94665 -0.915758 0.238663 -0.548725 -0.520806 -0.17473 -0.129703 -0.00327256 0.162429 0.666174 -0.13526 -0.460728 0.0343064 0.0287705 0.0777278 0.713519 0.325359 0.878307 0.938598 0.699713 0.121705 0.463384 0.56847 -0.790652 0.398457 0.361248 
0.0819494 -0.340091 -0.111291 1.82275 -0.506639 0.823683 0.743101 -1.10318 0.710405 -1.62142 0.0272043 1.26694 -0.904254 -1.09687 -0.802504 -0.440856 0.733218 2.5056 2.28031 -1.76097 -0.463596 -2.46516 1.16071 0.533373 1.11086 0.932135 -0.264543 1.52694 1.02563 0.510545 
-0.697597 -1.07694 0.14734 -0.826301 1.12748 -0.463881 0.751639 0.505361 -1.10766 -1.15309 -0.290018 -0.23553 -0.0838361 0.337911 -0.780354 0.567233 -0.229176 -0.152647 0.357662 -0.916585 -0.291205 -0.596858 0.882414 0.454769 0.353583 0.668988 0.857581 -0.787982 -0.952612 -0.111339 
-0.720915 -1.06693 0.23199 -0.578749 0.928607 -0.354193 0.769306 0.744203 -1.16433 -0.87384 -0.286814 -0.0903454 0.101949 0.279771 -0.786723 0.568454 -0.261529 0.0257932 0.508347 -0.957432 -0.282417 -0.87741 0.872797 0.426724 0.028434 0.560113 0.574457 -0.761037 -1.13546 -0.0661059 
-0.729462 -0.945306 0.215112 -0.814958 0.903383 -0.511322 0.514894 0.706479 -1.01991 -1.01646 -0.474371 -0.0772046 0.0331942 0.499591 -0.656052 0.661331 -0.393738 -0.189657 0.411566 -0.884987 -0.399 -0.681214 0.877871 0.572724 0.0762885 0.805155 0.789783 -0.591427 -1.05199 -0.114093 
0.555459 -0.369882 0.0281447 -0.173783 -0.7326 -0.204326 -0.53396 0.90133 -0.831967 0.00511911 0.140477 -0.220681 0.331277 -0.288942 0.180066 -0.782357 -0.0875287 -0.0394432 0.0461478 0.708727 0.442829 -0.277063 0.00569762 0.556351 0.0390632 -0.664187 0.419076 -0.118026 -0.163227 -0.107877 
0.950382 0.76594 -0.218277 -0.544948 0.00603397 -0.0976646 0.463032 -0.631047 0.361115 -0.151998 -0.903021 -0.10566 -0.259816 0.668415 0.277129 0.996422 -0.220106 0.270489 0.944009 -0.385693 0.671759 -0.242377 0.538921 0.217792 0.495355 0.0942192 -0.94382 0.533532 -0.451589 -0.0596812 
-0.188456 -0.528063 0.100792 0.223811 -0.840961 -0.00475341 0.284616 0.0816053 0.327627 0.932723 -0.691399 0.569919 -0.39642 0.601914 -0.680905 -0.932855 -0.319516 0.169872 0.0192462 -0.384763 -0.474255 -0.713949 -0.0303482 -0.635763 0.481684 -0.469793 -0.747843 0.122936 0.926815 -1.03141 
-1.22573 -0.106103 0.130193 0.273751 0.818191 0.0190176 -0.317602 -0.548772 -0.155553 -1.22422 0.148469 0.753332 -0.477693 -0.00531303 -1.06536 -0.00929054 0.283692 0.868864 1.03332 -0.139102 0.379758 0.0894406 -0.424274 -1.01319 -0.199012 1.50879 -0.567315 -0.570209 -0.408597 1.4482 
1.80289 2.49122 1.17807 1.12039 0.791728 -0.80418 -1.71312 1.2506 -1.60761 -1.00571 -0.420041 -1.49551 1.18802 1.74155 -1.49325 -1.36259 -0.854173 0.253112 1.85734 1.27425 -2.20024 0.236018 -1.00978 -1.02274 2.17152 1.29161 1.56073 0.858606 0.899311 2.11283 
-0.20811 -0.638227 0.0911759 0.216068 -0.762321 -0.000669479 0.317218 -0.0718345 0.31445 0.942188 -0.572572 0.545929 -0.447724 0.677433 -0.604759 -1.0119 -0.131457 0.166917 0.213038 -0.569749 -0.588778 -0.746014 -0.144698 -0.562018 0.614908 -0.566553 -0.689391 0.188684 1.092 -0.971302 
0.237009 -0.146943 0.557454 -0.215855 0.109043 -0.472297 0.388044 -0.392186 -0.960318 -0.316771 0.425595 -0.170972 1.00761 -0.699146 -0.706484 0.110726 0.0460138 0.924721 -0.879063 0.377405 0.649254 0.753193 0.523775 -0.598089 -0.520022 0.574075 -0.670019 -0.64025 0.773629 -0.764718 
-0.288314 1.39973 0.561288 1.75541 -1.16746 1.92481 2.39989 -0.529126 -1.25535 -0.66994 1.30654 0.112081 -0.746715 1.15189 0.0646052 -0.0229125 -1.06381 -2.18328 -0.075932 -0.605135 -0.384585 1.58166 1.46626 1.21202 0.391597 0.018336 1.26577 -1.28064 -0.852743 -1.95048 
0.276542 0.48382 -0.239776 0.440429 0.862238 -0.555706 -0.763078 -0.820707 0.496959 1.10708 -0.598204 -0.899817 0.484152 0.38237 0.0668568 0.152988 0.868724 0.518088 -0.540975 -0.621262 -0.567018 -0.124597 0.811389 -0.796175 0.716392 -0.912186 0.506101 0.23617 -0.709707 0.319525 
0.0505888 -0.867411 -0.513118 0.485351 0.0818238 -0.343899 -0.491709 0.65641 -0.231308 0.939187 1.01784 0.129666 -0.307494 0.138358 0.289123 0.00784146 0.340477 -0.769011 0.626263 1.06376 -0.382712 0.144149 -1.03299 0.685822 0.248241 -0.444197 0.282558 -0.902842 -0.0207448 -1.04018 
-0.849194 0.628173 0.207512 0.470533 -0.982535 -0.439125 -0.110882 0.905795 0.218087 -0.774347 -0.157704 -0.547496 0.700683 -0.461927 -0.550451 0.59427 0.936779 0.921737 -0.207336 -0.804113 0.0762221 0.0406512 -0.00867464 -0.569063 0.52195 -0.433243 0.932793 0.506177 -0.0964099 -0.427851 
-0.343392 -0.0892814 0.391757 0.354182 -1.04601 -0.206982 0.277354 0.000831583 0.229934 0.735151 -0.364421 -0.798033 -0.338758 0.315003 -0.676805 -0.420645 -0.0613983 0.227527 -0.0704602 -0.486029 0.343094 -0.348367 -0.162257 -0.0757339 0.396878 0.0970882 -0.189616 0.205048 0.880517 -0.887105 
0.75471 0.900727 0.395369 0.643822 -0.71125 -0.502369 -0.162128 0.558718 -0.305088 -0.102917 0.0590791 -0.876418 0.28253 -0.888127 -0.252253 -0.799919 0.531037 0.129684 -0.362377 0.142848 0.619523 0.682377 -0.0682179 -0.637395 -0.576017 -0.594643 0.219804 -0.203507 0.611648 -0.274198 
-0.14107 0.0328631 -0.888186 0.651466 0.338985 -0.22433 0.308011 0.490109 -0.554429 1.06042 -0.653327 0.187702 0.397987 -0.661745 -0.0362858 0.499661 -0.592146 -0.0891773 -0.397322 -0.783618 -0.421419 -0.371389 -0.28247 -0.323355 -0.850389 -0.136246 -0.649392 0.824356 0.735157 0.641909 
0.099983 -0.892434 -0.965655 -0.161996 -0.793569 -0.844152 -0.562845 0.896833 -0.210496 0.249321 -0.134267 -0.0478637 0.343925 -0.453261 0.835735 -0.201486 -0.268106 -0.77154 0.0787516 0.845309 0.232442 -0.184354 -0.401424 1.0302 0.620145 -0.803707 0.16285 0.795364 -0.337199 -0.239099 
-0.317197 -0.964135 -0.519642 -0.711645 0.34817 -0.75578 -0.0125384 0.869242 -0.340502 -0.861882 -0.168338 -0.157822 0.0557193 -0.22995 -0.556478 0.468958 -0.23879 -0.586607 0.41001 0.0192212 0.114222 -0.469242 0.433194 0.625233 0.329078 0.205219 0.187701 -0.575896 -0.516826 -0.0699324 
1.38746 0.0562213 0.902193 0.767554 -0.466571 0.759698 -0.989629 1.67356 1.14998 -1.93232 -0.546701 0.558823 -1.41914 -1.09672 0.769098 0.0337581 -0.391106 2.8165 0.584839 1.96554 -1.88166 0.537715 -0.766957 -2.12964 1.31916 -1.71442 -0.0882006 0.809983 0.119589 -1.62223 
-0.622978 1.02475 0.899037 0.803986 -1.02149 -0.481443 0.434546 0.136856 0.15868 0.103791 -0.106847 -1.01396 0.406502 -0.904251 -0.543605 -0.445725 0.629996 -0.467839 -0.353129 0.142121 0.71898 -0.103279 -0.225409 0.244019 -0.824199 0.0894741 -0.0936658 0.244364 -0.368346 -0.600925 
-0.528292 1.04517 0.920015 0.882457 -0.944418 -0.447647 0.608045 0.0913389 0.0800388 0.194965 0.0347828 -1.0554 0.308122 -0.964458 -0.452289 -0.337443 0.643943 -0.583608 -0.332193 0.214804 0.587481 -0.212841 -0.0658722 0.127983 -0.688207 0.274239 -0.114199 0.363113 -0.352774 -0.600774 
-0.825442 0.706049 0.0869538 0.479083 -0.818904 -0.485347 -0.0662091 0.912197 0.29779 -0.786615 -0.0677315 -0.666076 0.835307 -0.603683 -0.423379 0.654864 0.937823 0.933983 -0.313612 -0.775369 0.186917 0.0223833 0.0729358 -0.604417 0.461038 -0.333576 0.925312 0.555939 -0.126249 -0.456106 
-0.205749 -0.0142148 0.291446 0.717851 -0.0639801 -0.505506 0.0155 0.653332 -0.14399 0.352294 0.205206 -0.857755 -0.0348787 -0.15529 -0.24228 0.0815173 0.678752 -0.695797 0.290269 0.649823 0.250006 -0.0727449 -0.465993 0.581718 -0.407749 -0.38477 -0.0724877 0.0312157 -0.161199 -0.961975 
-0.639589 1.02777 0.975559 0.786672 -0.880737 -0.539167 0.401145 0.140655 0.300742 0.0963122 -0.0880637 -0.996898 0.462923 -1.09017 -0.340037 -0.431195 0.709618 -0.497156 -0.375152 0.202807 0.763777 0.00112956 -0.233772 0.116564 -0.798494 0.183731 -0.0573463 0.262221 -0.234623 -0.463692 
0.676074 -0.985323 -0.81576 -0.179722 -0.623828 -0.2617 -0.514572 0.883696 -0.567792 0.205664 0.449318 -0.499816 0.309524 -0.290027 0.0937715 -0.180454 -0.0255468 -0.382445 -0.110235 0.841384 0.406268 -0.0434167 0.976904 0.468882 -0.460174 -0.681418 0.435734 -0.383214 0.315237 -0.102308 
0.076051 -0.876927 -0.938679 -0.310015 -0.622439 -1.01259 -0.585931 0.958082 -0.18608 0.303749 -0.163145 -0.0221003 0.302902 -0.431188 0.882574 -0.0350461 -0.337333 -0.790149 0.0789505 0.863327 0.339792 -0.177104 -0.437006 1.00457 0.734471 -0.701145 0.0630105 0.655441 -0.36613 -0.10031 
0.0740411 -0.977658 -0.852772 -0.288476 -0.709374 -0.842235 -0.61026 0.805828 -0.11203 0.350422 -0.0426311 -0.0242222 0.24026 -0.35824 0.776884 -0.0487939 -0.342398 -0.917045 0.155897 0.883949 0.4098 -0.249196 -0.51689 0.954603 0.689362 -0.662205 0.0983862 0.724821 -0.304455 -0.256026 
-0.403376 0.267508 -0.546037 0.688316 0.0371238 -0.243568 0.00533019 0.657927 0.285443 -0.521055 -0.510623 -0.224145 0.506143 -0.544999 -0.26973 0.638263 0.857722 0.440983 -0.377777 -0.693085 -0.53769 -0.0533264 -0.20201 -0.445775 -0.097276 -0.171305 -0.113491 0.646949 0.341176 0.395085 
-0.799654 0.697623 0.109081 0.491251 -0.82425 -0.423048 0.00636581 1.01241 0.359771 -0.857746 -0.0352837 -0.633791 0.732868 -0.508519 -0.552814 0.64636 0.966669 0.827694 -0.303385 -0.664144 0.130531 0.187425 0.0950085 -0.666194 0.429403 -0.308197 0.90606 0.539234 -0.129902 -0.572455 
-0.194556 -0.993916 0.12085 -0.658028 0.706381 -0.351731 -0.491613 0.714231 -0.377883 0.417875 0.938814 0.040913 -0.140207 0.296782 -0.407234 0.0841153 0.0200934 -0.234153 0.529133 0.791093 -0.412344 -0.265031 -0.803943 0.682979 0.164785 -0.139435 0.523228 -0.794214 -0.170073 -0.0582096 
-0.698178 -0.985214 -0.458199 -0.555587 0.592274 -0.318905 -0.360782 0.669185 -0.793657 0.741558 0.318988 0.0929708 -0.145926 0.322115 0.232462 0.603567 0.0422185 -0.181756 0.469016 0.74979 -0.441743 0.0255507 -0.619241 0.706135 0.150543 0.762931 0.263324 -0.670389 -0.242683 -0.097753 
0.339665 1.14268 0.501064 0.836488 -0.732736 -0.282139 0.223991 0.258939 -0.112637 0.860046 0.37855 -0.806302 0.714224 -0.181669 0.22501 -0.916872 -0.0560656 0.744395 0.476073 -0.060344 -0.335872 0.654914 -0.100712 0.157755 0.900496 0.659694 0.329656 0.538385 -0.0482142 0.575215 
-1.05875 0.236199 0.416935 -0.616607 -0.877892 -1.02462 0.262528 -0.656314 -0.449771 -0.128286 0.0234286 -0.178235 0.157953 0.757221 -0.225922 -0.634993 0.125486 0.026246 0.0606828 0.654806 0.329079 0.857994 0.924721 0.824645 0.046932 0.408116 0.616004 -0.99567 0.571967 0.53147 
0.161556 -0.964567 -0.51685 0.341939 0.0590583 -0.245317 -0.530292 0.704399 -0.270158 1.04385 0.858641 0.237544 -0.427483 0.27278 0.260712 0.113787 0.298891 -0.892327 0.619948 0.895195 -0.459887 0.0914786 -0.969733 0.780808 0.243078 -0.45914 0.19248 -0.806218 0.0536886 -0.934273 
-0.21757 0.0296646 -0.785972 0.662452 0.325922 -0.121614 0.233954 0.398523 -0.502742 1.01457 -0.783666 0.290784 0.446905 -0.584174 -0.0442474 0.419356 -0.668944 -0.0639274 -0.320386 -0.725815 -0.579731 -0.241419 -0.34029 -0.505124 -0.864795 -0.13135 -0.617791 0.680884 0.784306 0.625297 
1.46313 2.35699 0.0318495 -0.331116 -0.697816 -0.187143 -0.46877 0.0902409 0.673189 2.23921 0.844826 -0.0583935 -1.53879 0.710099 0.874229 -1.60188 -1.29643 -1.68791 1.47333 0.35566 1.76916 0.0280247 -0.288455 1.21684 -0.31829 -0.552501 -1.08627 -1.36337 -0.525866 0.406449 
0.17775 -0.952631 -0.583412 0.350072 0.0339734 -0.214844 -0.499427 0.777429 -0.302748 0.987039 0.935247 0.140601 -0.363142 0.282081 0.344795 0.0433613 0.328314 -0.825238 0.68121 0.953346 -0.509267 0.114575 -0.950728 0.756981 0.129271 -0.416182 0.226989 -0.842778 0.0131206 -0.954292 
1.0129 0.805337 -0.16777 -0.459847 -0.0519914 0.014963 0.584511 -0.80987 0.427506 -0.132894 -0.913014 -0.122118 -0.286764 0.610151 0.255266 0.831792 -0.0521859 0.308242 0.950632 -0.369048 0.730712 -0.425821 0.601036 0.272457 0.343794 0.213106 -0.964938 0.496607 -0.402028 -0.133048 
-1.86603 -0.408833 -0.834266 -2.09648 0.417585 -1.02459 0.403683 0.165668 -1.18291 1.26228 -1.36331 -0.845214 -1.71791 0.406387 1.52111 -1.91779 -2.2692 -0.587914 -0.277331 2.01543 -0.47147 -0.346495 0.854467 1.92158 -2.47315 -0.724323 0.781524 -0.741395 0.610507 1.34074 
-1.85347 -0.369097 -0.877443 -2.09128 0.395685 -0.997247 0.440955 0.199155 -1.21353 1.21831 -1.34292 -0.835601 -1.70385 0.36731 1.5333 -1.92742 -2.2907 -0.593104 -0.305724 2.04516 -0.504597 -0.363038 0.876475 1.93264 -2.46945 -0.699653 0.75637 -0.772475 0.585137 1.36555 
-1.86906 -0.374531 -0.823372 -2.09331 0.42629 -1.02115 0.443186 0.124668 -1.22369 1.23827 -1.39078 -0.871166 -1.73732 0.407525 1.55571 -1.9501 -2.24301 -0.55785 -0.256024 1.97008 -0.459561 -0.364792 0.862635 1.95577 -2.45602 -0.75654 0.743984 -0.750284 0.604828 1.35634 
0.8164 -0.173279 0.219994 -0.285931 -0.643559 -0.199739 -0.382042 0.947553 -0.891189 -0.185862 0.521392 -0.779721 0.178852 0.0984953 -0.0296054 -0.887029 0.150398 0.238355 -0.470262 0.66844 0.660031 0.964866 0.965403 -0.645015 -0.620019 -0.547647 0.886334 -0.756267 0.875487 0.0136383 
0.802005 -0.209072 0.198259 -0.252763 -0.652107 -0.220102 -0.345757 0.920713 -0.896395 -0.169377 0.530185 -0.78915 0.215382 0.119793 0.00833745 -0.849436 0.112856 0.24337 -0.487975 0.678068 0.683357 1.00009 0.934475 -0.690039 -0.613348 -0.531188 0.877891 -0.723625 0.914193 0.0513567 
0.808646 -0.152923 0.187631 -0.290965 -0.660287 -0.175104 -0.415892 0.914082 -0.849877 -0.221695 0.519028 -0.771068 0.135 0.0626232 -0.065982 -0.90493 0.189941 0.20477 -0.478639 0.690777 0.678259 1.00568 0.99537 -0.661026 -0.642147 -0.557452 0.865496 -0.757265 0.831546 -0.0136062 
0.982958 0.873765 -0.173405 -0.469876 -0.0351078 0.0608043 0.543228 -0.782853 0.43906 -0.18733 -0.951933 -0.151735 -0.30134 0.56278 0.275305 0.859067 -0.0817786 0.273096 0.988666 -0.365501 0.7528 -0.422131 0.561131 0.239431 0.358007 0.240479 -0.976382 0.525656 -0.458553 -0.129666 
0.961618 0.875418 -0.215044 -0.42652 0.00679413 0.0396819 0.530542 -0.775229 0.417475 -0.228482 -0.979537 -0.139182 -0.3376 0.593101 0.26157 0.835043 -0.106679 0.256921 0.991527 -0.389629 0.737561 -0.419728 0.53695 0.220054 0.321333 0.245186 -0.984423 0.486505 -0.462208 -0.15645 
0.975458 0.916941 -0.132944 -0.455905 -0.0179583 0.0205265 0.523078 -0.76232 0.441603 -0.192571 -0.972949 -0.148135 -0.31761 0.533845 0.26943 0.891855 -0.0834848 0.30742 0.968903 -0.367728 0.722328 -0.461818 0.546871 0.261114 0.37878 0.230426 -0.933324 0.566517 -0.492344 -0.171821 
0.183702 0.92622 0.816572 0.544915 -0.566666 0.0285212 0.48409 -0.429282 0.398232 -0.0542928 -0.811205 -0.636634 0.29909 0.23989 -0.384743 0.414875 0.390199 -0.114426 0.390773 0.10322 0.709879 -0.204605 0.363817 0.25505 -0.511372 0.187138 -0.650746 0.315869 -0.423938 -0.155127 
0.186272 0.943533 0.817134 0.575905 -0.546791 0.0287658 0.448856 -0.426828 0.396993 -0.0681661 -0.818173 -0.641763 0.310747 0.220118 -0.381312 0.38091 0.350018 -0.122438 0.391163 0.0751156 0.68527 -0.225832 0.374885 0.231857 -0.502345 0.220023 -0.669034 0.285002 -0.397188 -0.156763 
0.184186 0.957042 0.826888 0.577403 -0.541712 0.0519831 0.507102 -0.471992 0.367666 -0.0418682 -0.838725 -0.613822 0.295305 0.250067 -0.345041 0.4311 0.385658 -0.102429 0.396281 0.140507 0.696441 -0.235871 0.402214 0.277681 -0.541978 0.20373 -0.609877 0.288792 -0.426849 -0.197089 
0.856039 -0.143945 0.248712 -0.216618 -0.580707 -0.150959 -0.355262 0.954844 -0.833977 -0.133455 0.591547 -0.845878 0.175466 0.163393 -0.0561231 -0.918404 0.104142 0.286304 -0.43139 0.609972 0.726033 0.945068 0.988033 -0.651506 -0.57417 -0.561305 0.905152 -0.799059 0.820437 -0.0552702 
0.868083 -0.155582 0.21521 -0.199137 -0.564383 -0.113714 -0.322875 0.951544 -0.842678 -0.170112 0.622457 -0.847893 0.157138 0.172669 -0.0460042 -0.953782 0.0887229 0.299049 -0.437295 0.574842 0.705997 0.948086 0.988828 -0.683731 -0.555564 -0.579843 0.916625 -0.819855 0.782693 -0.0435641 
0.830927 -0.145709 0.2233 -0.197572 -0.583461 -0.143271 -0.387967 0.920457 -0.864428 -0.134526 0.562968 -0.849127 0.197263 0.135318 -0.0652886 -0.953645 0.0878678 0.266834 -0.462384 0.629185 0.696167 0.919073 1.02574 -0.617201 -0.577005 -0.535872 0.913189 -0.812931 0.784245 -0.0201178 
-0.813092 -0.600924 -0.314181 -0.518046 -0.0850816 -0.745911 -0.353713 0.357383 -0.380725 0.38144 0.241638 -0.0351642 -0.200454 0.614635 0.223506 -0.505552 0.144175 -0.488591 0.462908 0.640956 0.187193 0.148524 -0.153795 0.740343 0.0914636 -0.368939 0.515711 -0.842879 0.199258 0.353332 
-0.794158 -0.614959 -0.291418 -0.481459 -0.0551611 -0.72157 -0.318092 0.364681 -0.387865 0.381096 0.256635 -0.0260392 -0.231391 0.578797 0.20736 -0.528027 0.10806 -0.49409 0.487926 0.623123 0.170263 0.128443 -0.128086 0.751725 0.0911799 -0.400641 0.545891 -0.823019 0.223224 0.375763 
-0.797184 -0.637083 -0.336937 -0.521421 -0.119561 -0.736102 -0.338743 0.36249 -0.407144 0.371328 0.227022 -0.00230256 -0.221458 0.584475 0.253586 -0.468912 0.139921 -0.481592 0.491224 0.646199 0.181276 0.132182 -0.155485 0.74347 0.113529 -0.343278 0.525315 -0.847489 0.204734 0.345465 
-0.251526 -0.0167127 -0.767223 0.645937 0.345277 -0.0364947 0.226241 0.317099 -0.600914 0.909506 -0.750311 0.185465 0.447613 -0.591871 0.0457153 0.406888 -0.734651 -0.0441816 -0.376156 -0.811802 -0.545179 -0.297421 -0.381362 -0.511627 -0.815845 -0.0714936 -0.59186 0.77291 0.732244 0.586199 
-0.229345 -0.00348923 -0.751951 0.645043 0.371271 -0.021078 0.262101 0.316567 -0.613908 0.921026 -0.723252 0.17929 0.432666 -0.578437 0.0758755 0.380997 -0.762358 -0.031128 -0.349911 -0.783538 -0.536883 -0.328902 -0.410577 -0.533761 -0.799607 -0.0449014 -0.557433 0.785041 0.755174 0.58595 
-0.280535 -0.0484068 -0.74846 0.617235 0.351176 -0.0302068 0.221661 0.305759 -0.60947 0.886278 -0.717802 0.209821 0.466167 -0.600778 0.0815931 0.396033 -0.765685 -0.0649366 -0.39936 -0.826564 -0.526261 -0.304985 -0.395603 -0.534801 -0.843397 -0.0840139 -0.578086 0.744935 0.714573 0.56089 
-0.789581 0.746327 0.821976 0.688977 -0.953396 -0.434435 -0.0243006 0.213452 0.206926 0.00878605 -0.0679954 -0.839177 0.602061 -0.773429 -0.51473 0.329415 0.839629 0.324759 -0.319646 -0.579211 0.268388 0.078325 -0.0487534 0.0688628 0.041825 -0.194761 0.321943 0.321438 -0.130788 -0.519825 
-0.774823 0.711016 0.81887 0.668907 -0.952692 -0.453781 0.00631766 0.215569 0.213193 0.0417779 -0.102473 -0.810092 0.621524 -0.7866 -0.525016 0.327114 0.841365 0.337462 -0.319634 -0.567316 0.294946 0.0455233 -0.083045 0.102784 0.0100749 -0.192035 0.356879 0.356627 -0.143565 -0.541777 
-0.761744 0.724762 0.78981 0.69659 -0.921235 -0.424515 -0.0462567 0.206712 0.226358 0.0141933 -0.0490404 -0.844588 0.613625 -0.746734 -0.548289 0.347719 0.825606 0.291648 -0.311805 -0.555579 0.300769 0.0475841 -0.0419231 0.0696746 0.0585013 -0.194116 0.321496 0.286658 -0.146571 -0.536682 
-0.345703 -0.116359 0.137876 0.471029 -0.894396 0.0678588 0.0169958 0.552217 0.399704 0.000605635 -0.2334 0.270198 0.118972 -0.424361 -0.561497 -0.575534 -0.13523 0.427442 -0.140566 -0.703821 -0.471422 -0.0864668 -0.0216616 -0.626523 0.487487 -0.389902 0.367375 0.533153 0.914493 -0.638934 
-0.342417 -0.0846007 0.156173 0.469664 -0.863746 0.0933691 0.04087 0.570082 0.408949 -0.0300896 -0.267219 0.29494 0.134026 -0.395694 -0.579626 -0.588563 -0.140144 0.400877 -0.141701 -0.683996 -0.486942 -0.101468 -0.0163874 -0.658867 0.508926 -0.388408 0.401537 0.503404 0.883791 -0.608544 
-0.382062 -0.102484 0.146588 0.47576 -0.862345 0.0847773 0.0302339 0.55195 0.406523 -0.0334965 -0.217415 0.285193 0.14611 -0.439806 -0.578606 -0.600726 -0.110469 0.448148 -0.12346 -0.734834 -0.484837 -0.115264 -0.021636 -0.657016 0.487306 -0.373462 0.386691 0.524024 0.923621 -0.60783 
0.923575 -0.174376 0.307315 -0.217853 -0.635628 -0.097901 -0.311386 0.932322 -0.770614 -0.187292 0.567083 -0.889343 0.243852 0.155745 -0.0193081 -0.953778 0.093273 0.224317 -0.471336 0.615244 0.667393 0.953708 1.01406 -0.611161 -0.557934 -0.514637 0.93789 -0.848251 0.825532 -0.0611191 
0.903288 -0.197992 0.331107 -0.187536 -0.640532 -0.121911 -0.314477 0.951558 -0.793568 -0.162947 0.561794 -0.920384 0.248936 0.167501 -0.00599807 -0.95167 0.120785 0.227878 -0.487064 0.629785 0.68894 0.93357 1.00466 -0.583563 -0.56772 -0.541984 0.933766 -0.879532 0.814696 -0.0510968 
0.915555 -0.171281 0.329889 -0.200001 -0.648335 -0.118714 -0.317962 0.927257 -0.773297 -0.181942 0.583065 -0.887871 0.272587 0.184397 -0.0133776 -0.963226 0.0894828 0.197338 -0.47206 0.609999 0.656803 0.952617 0.988521 -0.616819 -0.572124 -0.489206 0.931292 -0.836384 0.807094 -0.0755568 
0.203852 -0.0708218 -0.0762258 0.48593 -0.0676752 -0.065499 -0.035486 0.934039 -0.757396 0.045514 -0.713486 -0.57642 0.184101 -0.347074 -0.00455583 -0.437025 -0.12549 0.223579 -0.426521 0.0531637 -0.378811 0.201445 -0.051946 -0.536663 -0.606848 -0.220528 -0.27886 -0.634843 0.795696 0.245771 
0.911014 -0.125681 -0.108402 -0.223174 -0.123677 -0.0565523 0.477777 0.938939 -0.55446 -0.156687 0.0487856 -0.525509 -0.136775 0.531215 0.119763 -0.695477 -0.0411231 0.27977 0.0746212 -0.206608 0.736073 0.894544 0.88725 -0.477064 -0.00935369 0.145194 -0.0203655 -0.646057 0.0729661 -0.0562453 
0.863448 -0.173519 0.266484 -0.275872 -0.640568 -0.164072 -0.3423 0.940077 -0.789879 -0.186716 0.533454 -0.790365 0.210831 0.148974 -0.0198582 -0.905401 0.133173 0.230695 -0.470868 0.62324 0.661441 0.957967 0.979079 -0.632894 -0.61405 -0.514826 0.897331 -0.776033 0.836198 -0.0564662 
0.703504 -0.0725296 0.165531 0.299019 0.242671 -0.042842 0.222585 0.88473 -0.664522 -0.00406908 -0.18687 -0.648253 0.319502 -0.0978367 -0.00686065 -0.625791 -0.577105 0.175241 -0.453039 -0.14959 -0.532835 0.760669 -0.371534 -0.556393 -0.650039 -0.193726 0.00688445 -0.548234 0.739132 0.304906 
0.723926 -0.118392 0.141472 0.420179 -0.80398 0.0263082 -0.113947 0.592751 -0.164709 -0.0246625 0.160321 -0.363628 0.145756 -0.229561 -0.056655 -0.825842 0.00177943 0.390705 -0.329642 -0.587884 0.538128 0.37343 0.542204 -0.63704 -0.0467427 -0.421472 0.750892 -0.67339 0.827251 -0.507586 
-0.0995289 -0.0639934 -0.233869 0.593858 -0.559294 -0.114972 -0.0229355 0.578703 -0.665308 0.496648 -0.0237127 -0.317767 0.33901 -0.196363 0.0113258 -0.504135 -0.525269 0.0774084 -0.402993 0.379095 -0.335654 0.337595 -0.169856 -0.604807 -0.666131 -0.256849 -0.57665 0.641824 0.802435 0.246324 
0.890691 -0.151429 0.262284 -0.217795 -0.58612 -0.150752 -0.333584 0.944936 -0.771359 -0.177681 0.573011 -0.84906 0.190681 0.160598 -0.0459974 -0.939924 0.104081 0.264699 -0.443899 0.61071 0.708525 0.948276 1.00931 -0.6474 -0.563716 -0.550897 0.925374 -0.819292 0.824716 -0.0591276 
0.0841531 -0.0906953 -0.234849 0.440345 -0.48977 -0.188223 -0.241223 0.336874 -0.802535 0.590108 0.330553 -0.650383 0.265992 -0.140353 -0.0185329 0.125818 -0.590272 0.0343357 -0.400528 0.604688 -0.162612 0.944285 0.313453 -0.55083 -0.645608 -0.250231 0.483761 0.355817 0.810098 0.549753 
-0.383016 -0.0479954 -0.460961 -1.10615 0.0800406 -0.546265 0.423737 -0.113489 0.332018 0.453344 -1.17136 -0.250344 -1.22025 0.520628 1.21584 -1.04036 -0.201677 0.230466 0.282418 0.344817 0.421468 -0.365336 0.670066 0.710053 -1.7686 -0.0580399 0.244299 0.168492 0.0831531 1.0268 
0.849371 0.273195 0.0309756 -0.340353 -0.529589 0.0118414 0.263557 0.351143 -0.176247 -0.186309 -0.176305 -0.633034 -0.30036 0.245092 0.0929994 -0.185167 -0.0129026 0.268294 0.214935 -0.20613 0.741813 0.609947 0.671982 -0.534809 -0.223013 -0.438516 -0.733258 -0.247081 0.246235 -0.0252091 
0.102222 -0.0512282 -0.131157 -0.0615775 -0.292977 0.0614286 0.151216 -0.695121 0.404118 -0.0844267 -0.506758 0.0166569 -0.106864 -0.26643 -0.377599 0.835281 -0.134477 0.380378 0.670869 -0.38496 0.439119 -0.157527 0.0740702 0.172065 0.40916 0.0647585 0.31231 0.531893 0.808218 -0.536337 
0.884724 -0.146632 0.280554 -0.217097 -0.624488 -0.130424 -0.331931 0.947501 -0.772813 -0.166122 0.576366 -0.883024 0.2409 0.160005 -0.0326124 -0.943149 0.0956255 0.26757 -0.435104 0.613875 0.700771 0.948744 0.995873 -0.611579 -0.560494 -0.518286 0.909708 -0.828196 0.823279 -0.0582275 
-0.315779 -0.0886169 -0.0538892 0.509511 -0.712074 0.0191203 0.206661 0.49778 0.203915 0.0179215 -0.363733 0.229626 0.154194 -0.521414 -0.341257 -0.437058 -0.275103 0.342356 -0.275578 -0.773289 -0.51164 -0.151852 -0.22265 -0.589364 0.202492 -0.363528 -0.586848 0.581002 0.743242 0.206453 
0.107701 -0.522815 0.173172 -0.360917 -0.538325 -0.0384934 0.0704245 0.0190389 -0.290407 0.212639 -0.301143 -0.461149 -0.000788765 0.41494 -0.00462417 0.246226 0.237998 -0.346417 0.417477 0.520949 0.189135 0.00363136 0.200145 0.427206 0.0488798 -0.297281 0.305192 -0.473016 -0.120562 -0.0940203 
0.773727 -0.125355 0.241623 0.10711 -0.611599 -0.0153605 -0.151353 0.634806 -0.429733 -0.0274185 -0.150354 -0.806292 0.160063 -0.0371092 -0.442596 -0.67441 -0.0517688 0.339321 -0.359609 -0.175324 0.274624 0.393996 0.673049 -0.631092 0.00886851 -0.500898 0.729626 -0.240431 0.847149 -0.464319 
0.982359 0.523085 0.298425 -0.351435 -0.284807 -0.0947801 0.0970553 0.851115 -0.00883591 -0.187301 0.251682 -0.476603 -0.108165 0.195887 0.0977428 0.54177 -0.0240006 0.260088 -0.174059 0.367336 0.705758 0.128811 0.795237 -0.192006 0.300812 -0.367212 0.429966 -0.216712 0.811501 -0.124886 
0.0847813 0.571749 0.316781 0.492908 -0.733591 -0.254227 -0.0737609 0.710146 -0.184827 -0.151529 0.350616 -0.874058 0.351797 -0.660543 -0.241394 -0.791804 0.460562 0.241557 -0.443014 -0.102747 0.595593 0.374219 0.307965 -0.414438 -0.280328 -0.51228 0.510574 -0.713227 0.110384 -0.0842838 
-0.789907 -0.239289 0.0833361 -0.337558 -0.440545 -0.152739 -0.353872 0.714384 -0.550551 0.224527 0.449373 -0.286452 -0.193261 0.374784 0.144294 -0.761773 0.1256 -0.38466 -0.331588 0.640858 0.55825 0.515875 -0.0534347 0.530859 -0.0557094 -0.421203 0.596592 -0.818973 0.526332 0.111008 
-1.43427 -0.398893 -0.804966 -1.22402 0.348005 -0.0999332 0.231303 0.308618 -0.679101 1.04103 -1.16717 -0.309829 -1.42546 -0.565434 0.985871 -0.290086 -2.11044 -0.399788 -0.303236 0.199975 -0.540574 -0.31465 0.173685 0.304312 -1.0615 -0.520291 0.545123 0.0818699 0.713275 0.657024 
-0.806119 0.129206 0.0575606 -0.48683 -0.251629 -0.448564 -0.251954 0.284616 -0.364702 0.08562 0.135984 -0.276643 0.361762 0.613976 -0.250552 -0.453437 0.205927 0.250737 -0.238342 0.378336 0.217444 0.130542 -0.0876878 0.438146 0.0579861 -0.251712 0.515428 -0.288329 0.155912 -0.42043 
