-1.02009 0.150906 0.165296 -0.717935 -0.8794 -0.822464 0.249918 -0.496923 -0.547395 -0.173881 -0.0925421 0.168377 0.0735559 0.696912 -0.200298 -0.463829 0.0128915 0.000505913 0.0904405 0.666781 0.303509 0.994526 0.902557 0.677067 0.167826 0.386244 0.557957 -0.764261 0.493769 0.411922 
-1.07936 0.0121744 0.190481 -0.691928 -0.89944 -0.887603 0.275206 -0.457015 -0.601869 -0.242428 -0.139114 0.189556 0.143501 0.626482 -0.136652 -0.517184 -0.00282159 0.0398847 0.0985414 0.595733 0.237084 0.895739 0.940809 0.78389 0.145087 0.407883 0.579353 -0.734575 0.463725 0.395264 
-1.03646 0.0277299 0.158464 -0.712922 -0.880419 -0.884913 0.293932 -0.445148 -0.54958 -0.174135 -0.140175 0.0763742 0.0896132 0.657725 -0.189306 -0.502084 -0.0228552 0.0385473 0.0909285 0.585909 0.261415 0.941779 0.894645 0.712003 0.145408 0.395917 0.565981 -0.738465 0.429998 0.423398 
-0.852981 0.151214 0.214092 -0.674014 -0.887655 -0.8605 0.280218 -0.503349 -0.530661 -0.15842 -0.133775 0.0730708 0.107215 0.656484 -0.236451 -0.443705 -0.0583954 -0.00601607 0.0416143 0.581984 0.299126 0.942068 0.98166 0.673585 0.134925 0.422812 0.602289 -0.69949 0.470537 0.520998 
-1.08419 0.00282223 0.189454 -0.653086 -0.883752 -0.860917 0.248961 -0.552775 -0.553278 -0.230769 -0.0305994 0.0447479 0.163616 0.66758 -0.126204 -0.491715 0.0598819 0.0184592 0.0473198 0.580231 0.318111 0.929931 0.902738 0.618988 0.227442 0.476753 0.525855 -0.723578 0.487156 0.42944 
-1.00415 0.131318 0.151277 -0.674731 -0.900602 -0.870362 0.234152 -0.454109 -0.549845 -0.217767 -0.0634404 0.117475 0.134033 0.71253 -0.154239 -0.484257 -0.0458339 0.00824269 0.0866341 0.616825 0.281764 0.833675 0.924112 0.648764 0.128691 0.417016 0.508584 -0.749204 0.474498 0.410926 
-1.01385 0.088981 0.280113 -0.667224 -0.900531 -0.835439 0.211677 -0.491109 -0.562054 -0.193709 -0.161624 0.0760821 0.200529 0.61679 -0.192374 -0.506507 0.0859583 -0.0359099 0.0740684 0.732235 0.322372 0.902825 0.994428 0.729871 0.0776581 0.394304 0.574975 -0.827963 0.437619 0.471803 
-1.11182 0.0682186 0.227185 -0.684732 -0.841147 -0.877202 0.214947 -0.562886 -0.549472 -0.214773 -0.0318522 -0.0202453 0.122242 0.735332 -0.0995086 -0.474298 0.0503868 -0.00516206 0.0693629 0.625958 0.346952 0.907551 0.925643 0.601966 0.188486 0.468093 0.585262 -0.754509 0.439681 0.443376 
-0.961062 0.13697 0.181836 -0.722958 -0.838326 -0.837281 0.243239 -0.590924 -0.530138 -0.214696 -0.112024 0.0325168 0.125961 0.673598 -0.192985 -0.375973 0.0118112 -0.057931 0.101884 0.64527 0.254303 0.904671 0.980718 0.658398 0.12043 0.426594 0.500555 -0.794122 0.348153 0.402031 
-1.05809 0.048449 0.200888 -0.685539 -0.883078 -0.862288 0.258909 -0.500769 -0.553721 -0.179707 -0.108438 0.00399468 0.134265 0.717604 -0.149639 -0.455091 0.0567731 0.0519742 0.0419142 0.560163 0.300146 0.917098 0.94761 0.7384 0.128079 0.367919 0.580737 -0.764796 0.479722 0.48449 
-1.01922 0.0358999 0.186591 -0.677044 -0.854522 -0.901357 0.240753 -0.4778 -0.588177 -0.242034 -0.128043 0.134864 0.163712 0.620667 -0.172676 -0.50091 0.0137005 0.0808536 0.105242 0.665944 0.306169 0.881595 0.86462 0.73468 0.166917 0.350662 0.539064 -0.799597 0.39059 0.473985 
-0.976689 0.0478476 0.11974 -0.71623 -0.888988 -0.888823 0.22534 -0.5104 -0.51427 -0.19828 -0.0641802 0.162299 0.0956828 0.617978 -0.153931 -0.462104 0.0380785 0.0416242 0.0582923 0.569002 0.275325 0.883631 0.878478 0.697246 0.161392 0.404958 0.539801 -0.799894 0.436867 0.384527 
-1.02389 0.0723272 0.168665 -0.683284 -0.937758 -0.882341 0.216886 -0.465281 -0.579167 -0.11581 -0.116416 0.160944 0.145121 0.653778 -0.197759 -0.472903 0.00577711 0.00270319 0.0420865 0.620523 0.309153 0.944844 0.950411 0.664251 0.0683576 0.450648 0.573588 -0.814827 0.422022 0.352862 
-1.02187 0.143757 0.184735 -0.721988 -0.896764 -0.855714 0.163039 -0.469636 -0.477885 -0.138817 -0.111684 0.0827416 0.176945 0.611229 -0.13418 -0.472954 -0.000479107 0.042113 -0.0317827 0.55991 0.248113 0.949926 1.00369 0.652684 0.159912 0.41804 0.551958 -0.838502 0.41697 0.416696 
-1.071 0.13702 0.178039 -0.668168 -0.805866 -0.968788 0.24221 -0.536733 -0.508096 -0.175796 -0.111112 0.0361142 0.124295 0.737932 -0.189506 -0.399795 0.0262213 -0.00992105 0.0985232 0.62058 0.298081 0.901524 0.99521 0.705417 0.11439 0.465597 0.4914 -0.775593 0.442771 0.399196 
-1.03012 0.15068 0.191932 -0.682857 -0.792488 -0.878932 0.250672 -0.477491 -0.55358 -0.189608 -0.0769098 0.139135 0.109505 0.644463 -0.134997 -0.468603 0.021107 0.00774067 0.0382708 0.684137 0.318243 0.965764 0.937894 0.708712 0.113468 0.374562 0.519458 -0.766198 0.398526 0.415944 
-1.00729 0.149773 0.171991 -0.672089 -0.879989 -0.841797 0.26352 -0.499222 -0.548351 -0.184265 -0.0613873 0.0936691 0.145012 0.679517 -0.178436 -0.494311 0.00384049 0.00903971 0.0594079 0.672187 0.24899 0.872635 0.941272 0.683784 0.130966 0.409873 0.499981 -0.740918 0.432217 0.380569 
-1.04095 0.0191943 0.202591 -0.664304 -0.897355 -0.861905 0.255108 -0.495034 -0.507385 -0.195117 -0.137023 0.0249709 0.109162 0.661965 -0.148059 -0.44613 -0.000302301 0.0258629 0.0565559 0.612693 0.317268 0.948478 0.920426 0.658466 0.196112 0.343554 0.555392 -0.721921 0.397689 0.440297 
-1.05265 0.0985528 0.198061 -0.650319 -0.91729 -0.895045 0.271758 -0.482914 -0.564419 -0.195584 -0.0987945 0.0530523 0.110944 0.655766 -0.189476 -0.507163 -0.00744539 -0.00657689 0.105058 0.610049 0.28656 0.929034 0.970575 0.711481 0.200231 0.383806 0.558421 -0.742834 0.450631 0.40884 
-1.06088 0.0983081 0.171179 -0.630152 -0.848792 -0.899108 0.250867 -0.529506 -0.549493 -0.241213 -0.0453484 0.0454731 0.115962 0.676363 -0.127294 -0.512638 0.0132053 -0.0127163 0.069446 0.610338 0.312243 0.94735 0.963154 0.640593 0.211579 0.418728 0.554986 -0.734514 0.461181 0.414585 
-1.03589 0.0889248 0.161576 -0.671802 -0.851957 -0.858931 0.278938 -0.491418 -0.516464 -0.22421 -0.0804486 0.0361587 0.126234 0.704367 -0.137804 -0.502289 -0.0340644 -0.0240039 0.0246307 0.652401 0.25673 0.915535 0.933876 0.653359 0.143969 0.437662 0.544875 -0.735978 0.425651 0.404408 
-1.01546 0.0803252 0.259307 -0.752758 -0.909547 -0.85253 0.183579 -0.500065 -0.588365 -0.225698 -0.169374 0.0891849 0.148284 0.693709 -0.208051 -0.434387 0.0533759 -0.0220431 0.0117282 0.652691 0.237241 0.860753 0.971725 0.665768 0.0915233 0.380455 0.527863 -0.835862 0.391477 0.380342 
-1.00444 0.0544798 0.20673 -0.657568 -0.850101 -0.873888 0.207297 -0.436947 -0.51111 -0.232994 -0.0932247 0.0995213 0.130421 0.612268 -0.184713 -0.441251 -0.029893 0.0164235 0.00990812 0.62146 0.220953 0.937168 0.904349 0.681911 0.114939 0.353951 0.631134 -0.723854 0.412512 0.433174 
-1.0437 0.0871187 0.167413 -0.662412 -0.856872 -0.871266 0.234928 -0.546372 -0.569927 -0.198441 -0.0596177 0.0825435 0.102271 0.646189 -0.119901 -0.484316 0.00498305 0.0168453 0.0524662 0.606028 0.314642 0.925602 0.933226 0.63237 0.235838 0.387199 0.541378 -0.740592 0.449087 0.455917 
-0.997968 0.157891 0.184583 -0.671265 -0.887191 -0.872053 0.284513 -0.485681 -0.523045 -0.189285 -0.0994423 0.0739138 0.124705 0.674831 -0.155051 -0.466655 -0.0244566 -0.0301379 0.0470513 0.656299 0.255966 0.862487 0.963465 0.70074 0.182342 0.382344 0.55059 -0.769836 0.457917 0.421109 
-1.04149 0.125747 0.178714 -0.725731 -0.848369 -0.890602 0.264319 -0.489346 -0.587529 -0.178913 -0.156357 0.0961032 0.121094 0.708882 -0.180419 -0.523312 -0.00619295 -0.0386921 0.0687395 0.61147 0.265322 0.90391 0.938988 0.646103 0.0835991 0.357554 0.506523 -0.781141 0.437063 0.432757 
-1.02692 0.146465 0.222937 -0.694238 -0.883839 -0.880349 0.212513 -0.500708 -0.518333 -0.206298 -0.104439 0.0845297 0.0574247 0.628584 -0.205242 -0.492895 -0.0196024 -0.0298701 0.0943534 0.647397 0.311616 0.941223 0.918665 0.66028 0.139034 0.335458 0.584751 -0.741108 0.365551 0.353438 
-1.04229 0.109091 0.141226 -0.72964 -0.910072 -0.925627 0.217616 -0.509529 -0.488558 -0.099299 -0.0893537 -0.00154962 0.132309 0.663169 -0.208388 -0.50288 -0.0818393 0.0375458 0.0752482 0.589518 0.287575 0.980718 0.934308 0.68483 0.0764946 0.439451 0.565018 -0.678786 0.433007 0.402191 
-1.08728 0.0796561 0.202777 -0.664331 -0.858739 -0.865885 0.197802 -0.521746 -0.529562 -0.216187 -0.0744617 0.0848582 0.135822 0.625099 -0.156911 -0.437207 0.0262442 -0.0502348 0.00975731 0.585527 0.313541 0.898548 0.935066 0.674441 0.210478 0.405497 0.517404 -0.757192 0.423104 0.432703 
-1.02289 0.108864 0.16952 -0.649416 -0.859935 -0.885051 0.259392 -0.496606 -0.51262 -0.194893 -0.0764503 0.104648 0.142743 0.649912 -0.171917 -0.490896 -0.00138572 0.00715435 0.0553389 0.606541 0.304129 0.888477 0.977197 0.67667 0.147378 0.401375 0.54078 -0.794487 0.456401 0.394069 
-1.04752 0.0664357 0.189298 -0.673938 -0.881364 -0.891527 0.30015 -0.483247 -0.529345 -0.24195 -0.150996 0.0675337 0.11608 0.657067 -0.187583 -0.457041 -0.01849 0.0133581 0.0364062 0.675579 0.265057 0.979464 0.943119 0.70011 0.0752904 0.352119 0.555173 -0.748985 0.389827 0.420514 
-1.0592 0.102633 0.161401 -0.637775 -0.874897 -0.891447 0.220812 -0.542684 -0.506575 -0.214969 -0.0465501 0.0248405 0.156026 0.626675 -0.145655 -0.462436 -0.0108508 -0.014378 0.0551896 0.595932 0.330745 0.932308 0.938082 0.641735 0.196556 0.452915 0.569106 -0.751702 0.454036 0.469163 
-1.07461 0.135473 0.178848 -0.64472 -0.905204 -0.816028 0.234637 -0.44688 -0.550632 -0.23879 -0.119066 0.0904799 0.079737 0.625277 -0.162425 -0.448146 0.0194463 -0.0142232 0.015433 0.61854 0.441865 0.887397 0.969624 0.682593 0.106224 0.408363 0.531433 -0.703378 0.428366 0.372466 
-1.08202 0.0953101 0.174545 -0.656174 -0.865821 -0.878972 0.227395 -0.493017 -0.478496 -0.200546 -0.138497 0.10422 0.130221 0.662122 -0.19777 -0.41483 -0.033657 -0.0166928 0.0660119 0.666862 0.288796 1.00097 0.960538 0.623904 0.144473 0.338842 0.533391 -0.708095 0.351642 0.391952 
-1.04769 0.077717 0.157716 -0.6552 -0.850241 -0.872814 0.233731 -0.491273 -0.538978 -0.19719 -0.0596928 0.016259 0.136188 0.704607 -0.131035 -0.469326 -0.00407101 -0.0119422 0.0775762 0.61991 0.32234 0.929293 0.927541 0.662144 0.192832 0.463676 0.516988 -0.763445 0.455156 0.447183 
-1.05298 0.123493 0.170922 -0.661014 -0.860001 -0.844802 0.222858 -0.465942 -0.541391 -0.187528 -0.0448907 0.129122 0.117984 0.705531 -0.174002 -0.51549 -0.0237582 -0.0512084 0.0808761 0.700455 0.260399 0.899059 0.941417 0.680494 0.122445 0.379341 0.542112 -0.788543 0.486419 0.392492 
-1.02937 0.0623365 0.181101 -0.662862 -0.8357 -0.870195 0.264743 -0.574647 -0.505777 -0.214985 -0.0769666 -0.0119702 0.131992 0.632959 -0.150341 -0.500967 0.0242688 0.00625704 0.0292283 0.564537 0.285078 0.916346 0.92104 0.637954 0.203735 0.395002 0.570465 -0.79412 0.470805 0.431716 
-1.08317 0.076941 0.17085 -0.610805 -0.897109 -0.820434 0.222887 -0.544207 -0.550078 -0.214853 -0.082933 0.0493011 0.103361 0.636297 -0.150051 -0.483044 -0.0140601 0.00993131 0.0699823 0.591237 0.342593 0.933908 0.948816 0.684405 0.210922 0.410353 0.544129 -0.748087 0.393364 0.447454 
-1.02734 0.1394 0.201244 -0.695531 -0.918482 -0.901665 0.241753 -0.503865 -0.591114 -0.199295 -0.140278 0.173979 0.141469 0.593329 -0.174863 -0.43604 0.00416547 -0.00173178 0.117466 0.63036 0.246193 0.961077 0.906048 0.718649 0.169955 0.430389 0.645865 -0.791377 0.464125 0.445064 
-1.07078 0.0702562 0.172232 -0.641893 -0.903427 -0.867538 0.226386 -0.530322 -0.533104 -0.206498 -0.0769063 0.0519621 0.142238 0.662523 -0.162074 -0.476674 0.00652126 0.00416236 0.0472316 0.631678 0.280325 0.931842 0.943337 0.688037 0.209482 0.420697 0.526297 -0.744755 0.427079 0.417167 
-1.0634 0.101838 0.166427 -0.674941 -0.934408 -0.910846 0.256664 -0.479991 -0.534189 -0.232101 -0.068709 0.0925851 0.12177 0.677547 -0.123229 -0.473944 -0.00755493 -0.0102501 0.101271 0.614028 0.273499 0.932315 0.959631 0.710243 0.152709 0.374587 0.584294 -0.71483 0.42647 0.393708 
-1.08973 0.0783331 0.168351 -0.64159 -0.859815 -0.851188 0.220023 -0.48562 -0.570626 -0.241035 -0.0761899 0.0900653 0.136491 0.665721 -0.16321 -0.5139 0.0232029 -0.0208341 0.110184 0.581391 0.28034 0.935846 0.968587 0.636623 0.167146 0.397814 0.528438 -0.756041 0.418665 0.409866 
-1.04333 0.0969351 0.175255 -0.665376 -0.911226 -0.88891 0.255062 -0.460506 -0.572762 -0.255747 -0.073824 0.0652922 0.148299 0.638007 -0.185384 -0.467696 0.0164583 -0.0548785 0.0806764 0.59549 0.274321 0.909053 0.978178 0.642671 0.18579 0.363132 0.543458 -0.749578 0.426821 0.379041 
-0.980814 0.128059 0.158031 -0.671512 -0.802601 -0.853182 0.201603 -0.487258 -0.570645 -0.186203 -0.0782994 0.0808654 0.131009 0.692908 -0.121418 -0.452745 0.014486 0.0165269 0.0890259 0.662043 0.297103 0.987623 0.948665 0.72633 0.135267 0.319111 0.573954 -0.726468 0.424404 0.387977 
-1.12938 0.0968479 0.220421 -0.659976 -0.949685 -0.850079 0.272503 -0.490089 -0.529644 -0.210425 -0.144862 0.107 0.161982 0.67002 -0.227225 -0.495717 0.0198556 -0.071243 0.0630014 0.658616 0.285782 0.972298 0.995262 0.7199 0.165046 0.403362 0.510978 -0.735748 0.486802 0.390382 
-1.02031 0.135009 0.216993 -0.70741 -0.853389 -0.904998 0.264105 -0.524478 -0.538523 -0.252134 -0.166273 0.0789676 0.141834 0.656803 -0.144008 -0.503055 -0.0197082 -0.0475253 0.0544562 0.659137 0.309544 0.945825 0.941551 0.697975 0.164006 0.343882 0.528446 -0.796284 0.430321 0.417294 
-1.06452 0.0536843 0.150752 -0.62596 -0.883194 -0.856363 0.217181 -0.488721 -0.568169 -0.21973 -0.079784 0.0515658 0.160337 0.634863 -0.18568 -0.469044 0.0593988 -0.0113541 0.0998514 0.591733 0.30234 0.969684 0.961572 0.643501 0.170033 0.404344 0.553958 -0.724274 0.430051 0.405163 
-1.08428 0.0979659 0.191124 -0.680471 -0.911997 -0.87536 0.306976 -0.458749 -0.573846 -0.192021 -0.154684 0.106402 0.14008 0.638253 -0.215818 -0.480814 -0.033901 0.0203721 0.0466752 0.615301 0.333201 0.895448 0.935683 0.766442 0.153349 0.367335 0.526496 -0.772579 0.409896 0.423451 
-1.04102 0.0958557 0.198444 -0.635708 -0.858655 -0.857739 0.221685 -0.500407 -0.540023 -0.213999 -0.0747741 0.0764075 0.163329 0.636059 -0.191245 -0.473759 0.0170192 -0.0198605 0.0574718 0.601019 0.302405 0.891424 0.930455 0.652645 0.196114 0.41072 0.535489 -0.779977 0.463519 0.436376 
-1.04787 0.0924634 0.183689 -0.657391 -0.86559 -0.896485 0.245314 -0.505222 -0.566892 -0.247937 -0.0857205 0.0737238 0.136904 0.611937 -0.188772 -0.461974 0.000533015 -0.0042399 0.100097 0.596545 0.301788 0.941498 0.948198 0.688274 0.181956 0.429982 0.575276 -0.752449 0.447046 0.392345 
-1.03412 0.106772 0.182314 -0.666489 -0.879074 -0.849931 0.244917 -0.498674 -0.540852 -0.214156 -0.0614596 0.0934467 0.138332 0.656454 -0.166543 -0.491008 0.00164559 -0.0155991 0.0706722 0.610229 0.282382 0.890623 0.959705 0.665244 0.194407 0.397402 0.52918 -0.759998 0.444595 0.405923 
-1.01084 0.0916959 0.194951 -0.687016 -0.874441 -0.847375 0.220029 -0.483436 -0.521405 -0.219982 -0.0415281 0.118431 0.148255 0.662348 -0.171201 -0.493473 -0.0146507 0.0107136 0.0954093 0.609108 0.295118 0.915838 0.937257 0.691839 0.199561 0.373654 0.513512 -0.769663 0.466517 0.420062 
-1.01461 0.104705 0.190414 -0.663974 -0.854983 -0.853195 0.259297 -0.494778 -0.544065 -0.220077 -0.0823925 0.090597 0.14539 0.659259 -0.144778 -0.485407 0.00739728 -0.0267894 0.0853577 0.636113 0.309311 0.897856 0.953739 0.652709 0.213721 0.396639 0.549427 -0.756397 0.43311 0.386944 
-1.02484 0.142928 0.187928 -0.685733 -0.837887 -0.861554 0.244412 -0.470499 -0.557123 -0.199442 -0.0905948 0.094168 0.134087 0.669077 -0.165372 -0.49386 -0.00647712 -0.00802951 0.0711406 0.643239 0.270646 0.897737 0.947698 0.677692 0.116666 0.38389 0.527362 -0.78156 0.447791 0.395416 
-1.00205 0.118657 0.209964 -0.68766 -0.857297 -0.843611 0.270181 -0.465746 -0.53784 -0.196991 -0.0824751 0.107691 0.111302 0.662408 -0.179924 -0.479312 -0.00196756 0.0162519 0.0634884 0.634673 0.254963 0.896145 0.936124 0.692046 0.106512 0.409803 0.526738 -0.787219 0.422555 0.392996 
-1.0268 0.155346 0.200993 -0.666577 -0.852429 -0.880971 0.261428 -0.457157 -0.557976 -0.192758 -0.0992706 0.109631 0.132782 0.67729 -0.161318 -0.500239 0.0157052 -0.0105609 0.0505214 0.626141 0.275642 0.881349 0.938211 0.675236 0.0959323 0.37885 0.537228 -0.796917 0.462299 0.381713 
-1.06409 0.0339437 0.142583 -0.625871 -0.919554 -0.861324 0.288321 -0.522231 -0.559402 -0.20701 -0.0529607 0.0642189 0.143203 0.638495 -0.143837 -0.521201 0.0103028 0.00347437 0.0845738 0.563552 0.317591 0.938215 0.933756 0.705615 0.219649 0.430452 0.540562 -0.701087 0.484287 0.424253 
-1.06871 0.0152308 0.127659 -0.65025 -0.917191 -0.887103 0.285864 -0.518269 -0.58083 -0.18848 -0.0357752 0.077546 0.141887 0.640095 -0.151424 -0.547735 0.02579 0.02285 0.0613364 0.590031 0.317217 0.929797 0.933603 0.726712 0.203776 0.439618 0.559463 -0.712757 0.458675 0.399665 
-1.05397 0.0500959 0.130159 -0.651197 -0.892409 -0.86599 0.311184 -0.506733 -0.563602 -0.193781 -0.0623966 0.0414627 0.116609 0.613255 -0.128821 -0.542286 0.00867608 0.0130982 0.0618855 0.545449 0.343928 0.953329 0.956058 0.715188 0.242783 0.450632 0.545696 -0.707462 0.472147 0.420553 
-1.02573 0.0839077 0.199411 -0.700131 -0.887329 -0.858629 0.240356 -0.501906 -0.56339 -0.208136 -0.0478136 0.0101599 0.142619 0.668561 -0.135021 -0.484079 0.0528276 -0.0534244 0.0764654 0.585008 0.352328 0.921495 0.962135 0.657574 0.179084 0.452518 0.571367 -0.789333 0.445448 0.45832 
-1.03764 0.0932452 0.217431 -0.714515 -0.905581 -0.879495 0.249311 -0.499764 -0.572144 -0.187013 -0.0455404 0.0242113 0.131957 0.676823 -0.160116 -0.486987 0.0304983 -0.0632257 0.0897029 0.562752 0.373111 0.906108 0.938396 0.672924 0.161002 0.457715 0.578272 -0.767429 0.451962 0.474722 
-1.0017 0.0924806 0.211753 -0.690513 -0.876137 -0.863788 0.245418 -0.5043 -0.569853 -0.199186 -0.0572808 0.00398154 0.165152 0.642673 -0.138474 -0.510413 0.0264173 -0.0435953 0.0589109 0.567173 0.370222 0.897748 0.935744 0.665165 0.200834 0.427643 0.559536 -0.803924 0.428417 0.481456 
-1.02687 0.107937 0.184304 -0.689332 -0.883709 -0.858359 0.234103 -0.479003 -0.542177 -0.211979 -0.0702028 0.101179 0.120646 0.66144 -0.162839 -0.492126 0.012365 -0.0135582 0.0705392 0.658295 0.280641 0.910143 0.958917 0.665131 0.17461 0.408906 0.53593 -0.730993 0.455175 0.419799 
-1.0308 0.0833395 0.189128 -0.695734 -0.887289 -0.838526 0.213645 -0.45844 -0.555514 -0.217169 -0.079167 0.0808372 0.12355 0.673961 -0.179548 -0.490607 -0.0100153 -0.0352635 0.0868421 0.664897 0.283098 0.895468 0.939074 0.684272 0.152192 0.421589 0.563138 -0.726572 0.474072 0.412546 
-1.00743 0.100027 0.194548 -0.701128 -0.858895 -0.844061 0.207874 -0.484289 -0.550205 -0.232045 -0.0601352 0.0927104 0.125837 0.643367 -0.17337 -0.4721 0.00406356 0.0109596 0.070364 0.650301 0.274594 0.933996 0.953111 0.663666 0.186125 0.435153 0.551297 -0.741127 0.437927 0.43411 
-1.05932 0.0520963 0.169392 -0.664945 -0.884505 -0.818715 0.216263 -0.473243 -0.547833 -0.247054 -0.0794735 0.0888802 0.130018 0.671702 -0.198951 -0.487116 0.020932 -0.0318353 0.0757779 0.578518 0.25238 0.952795 0.939926 0.660911 0.213169 0.416663 0.529274 -0.751231 0.40746 0.421058 
-1.05203 0.0617906 0.154694 -0.685833 -0.857438 -0.814112 0.226063 -0.490963 -0.544247 -0.25916 -0.105116 0.104265 0.108757 0.671811 -0.20873 -0.473529 0.00137074 -0.0514602 0.0705723 0.595527 0.237509 0.97835 0.965681 0.643633 0.234237 0.39666 0.548159 -0.734101 0.429693 0.401865 
-1.06419 0.0656554 0.194597 -0.691084 -0.895347 -0.825083 0.237815 -0.480752 -0.535147 -0.247316 -0.0880771 0.0776913 0.157088 0.695705 -0.218626 -0.489719 0.035505 -0.0105402 0.0733656 0.584874 0.263532 0.955791 0.948672 0.637809 0.190011 0.407197 0.53849 -0.778175 0.390368 0.399259 
-1.12777 0.0962897 0.173923 -0.665263 -0.93829 -0.886213 0.278505 -0.425562 -0.635822 -0.281024 -0.0414553 0.107183 0.137639 0.634519 -0.110193 -0.492472 -0.0269736 0.0163675 0.0138473 0.597061 0.321316 0.910907 0.955019 0.728654 0.196728 0.42988 0.548479 -0.755528 0.356143 0.363395 
-1.1462 0.107333 0.163494 -0.688474 -0.934558 -0.889969 0.263145 -0.405818 -0.631658 -0.302816 -0.0261757 0.115864 0.11404 0.654965 -0.0833445 -0.47731 -0.0301942 0.0102988 0.00155605 0.59833 0.307958 0.889084 0.952165 0.744842 0.187905 0.41378 0.566546 -0.781784 0.367389 0.36844 
-1.1163 0.118935 0.197153 -0.690002 -0.942796 -0.883646 0.302536 -0.445266 -0.632547 -0.305729 -0.0443935 0.093702 0.159936 0.620092 -0.132554 -0.475553 -0.0530209 0.00912007 0.0190551 0.57962 0.317353 0.885083 0.935396 0.736319 0.207733 0.410403 0.557592 -0.750212 0.358155 0.355411 
-1.03753 0.0389481 0.192474 -0.679233 -0.898226 -0.852357 0.264018 -0.513319 -0.536819 -0.196617 -0.0382074 0.0557755 0.160908 0.660582 -0.0736583 -0.517867 -0.0260156 -0.0275212 0.0767298 0.594514 0.351407 0.906796 0.967596 0.717931 0.184488 0.415356 0.587569 -0.748975 0.41163 0.449717 
-1.03219 0.0165715 0.202663 -0.680882 -0.887422 -0.870874 0.278965 -0.538955 -0.520512 -0.213971 -0.0539889 0.0733396 0.171171 0.637454 -0.0994753 -0.506707 -0.0132585 -0.0180532 0.0921294 0.597054 0.33631 0.90218 0.971113 0.71428 0.208299 0.400873 0.581406 -0.731936 0.435706 0.449503 
-1.0499 0.0335782 0.178169 -0.669086 -0.903688 -0.857739 0.253189 -0.526308 -0.513121 -0.213764 -0.0310073 0.0558655 0.170103 0.677994 -0.0952131 -0.498377 -0.00417203 -0.0115421 0.0801027 0.585114 0.371248 0.889841 0.944098 0.719656 0.180073 0.398786 0.578049 -0.767229 0.412904 0.444417 
-1.08592 0.0652181 0.197535 -0.694304 -0.943207 -0.869218 0.249189 -0.433123 -0.528035 -0.219739 -0.109926 0.136577 0.179827 0.661834 -0.188592 -0.513052 0.0590647 0.0412786 0.0408028 0.65092 0.246661 0.944019 0.92213 0.675871 0.165515 0.340826 0.606717 -0.777579 0.48201 0.414307 
-1.05889 0.0601454 0.207692 -0.676109 -0.941218 -0.850169 0.227024 -0.437069 -0.506408 -0.206017 -0.0846486 0.145119 0.157952 0.668235 -0.210417 -0.535991 0.0655915 0.0500153 0.0143663 0.646858 0.253084 0.933485 0.895311 0.685488 0.159971 0.340795 0.585814 -0.795255 0.506481 0.435506 
-1.10756 0.0580869 0.212224 -0.684162 -0.961592 -0.860853 0.243209 -0.443867 -0.516199 -0.205655 -0.0843352 0.109619 0.15376 0.663719 -0.16813 -0.49209 0.0713892 0.0591115 0.0229908 0.636093 0.233528 0.932719 0.908138 0.694304 0.16882 0.328026 0.627399 -0.790569 0.485812 0.41377 
-1.05949 0.0759224 0.177259 -0.652042 -0.868091 -0.869024 0.270205 -0.495075 -0.546832 -0.227606 -0.084487 0.076135 0.151727 0.641281 -0.166428 -0.486303 0.0184081 -0.0225289 0.0910963 0.607816 0.293094 0.937965 0.951246 0.700796 0.186344 0.391632 0.551224 -0.737645 0.42079 0.411798 
-1.06612 0.056422 0.193449 -0.658422 -0.867385 -0.885628 0.246321 -0.469031 -0.548598 -0.237056 -0.0693513 0.0921208 0.136844 0.645776 -0.154922 -0.488834 0.00659774 -0.0123726 0.0717823 0.596472 0.318418 0.949798 0.954393 0.692714 0.20313 0.388955 0.544121 -0.72326 0.4383 0.408916 
-1.04736 0.052472 0.201807 -0.660185 -0.851411 -0.869901 0.260457 -0.49125 -0.55258 -0.232651 -0.110636 0.0868282 0.169045 0.657742 -0.153768 -0.511818 0.00583197 -0.0463657 0.113754 0.616784 0.276782 0.944656 0.974925 0.688239 0.162224 0.402692 0.537658 -0.755544 0.402252 0.412065 
-1.03412 0.105106 0.177397 -0.671879 -0.875499 -0.865937 0.247907 -0.480779 -0.54457 -0.220082 -0.0716167 0.0904369 0.126332 0.65684 -0.164301 -0.486817 0.0140177 -0.0169976 0.0873847 0.638698 0.282421 0.910279 0.956781 0.683057 0.179917 0.407133 0.548479 -0.731599 0.435879 0.412418 
-1.02915 0.0403166 0.190128 -0.679529 -0.860705 -0.858383 0.259485 -0.510917 -0.550363 -0.197926 -0.070533 0.0816345 0.13871 0.666168 -0.146613 -0.516081 -0.0183317 -0.0106896 0.0752225 0.621858 0.280123 0.899691 0.966698 0.693364 0.119274 0.40553 0.539826 -0.752579 0.420977 0.408488 
-1.03058 0.068202 0.17557 -0.660922 -0.894731 -0.861054 0.244479 -0.507315 -0.562191 -0.207468 -0.0505433 0.0204761 0.143188 0.642172 -0.136208 -0.493665 0.0439992 -0.048626 0.0785044 0.575268 0.329487 0.933723 0.950385 0.662328 0.179983 0.441615 0.557514 -0.737597 0.480303 0.432941 
-1.02619 0.12955 0.18449 -0.688022 -0.880211 -0.859655 0.237367 -0.475436 -0.547374 -0.206293 -0.0885552 0.0990199 0.121608 0.668141 -0.16404 -0.493647 0.00957457 -0.0102217 0.0711052 0.650104 0.271195 0.907202 0.95407 0.672014 0.140642 0.407764 0.534764 -0.772645 0.451929 0.39622 
-1.06287 0.0696643 0.19521 -0.668012 -0.914679 -0.869099 0.260273 -0.465346 -0.546081 -0.223875 -0.0971041 0.100472 0.174738 0.659145 -0.183323 -0.509833 0.0243015 0.0284319 0.087598 0.648612 0.247188 0.941433 0.945387 0.686674 0.169908 0.349762 0.59895 -0.749832 0.472538 0.413225 
-1.03076 0.101394 0.182365 -0.674587 -0.874653 -0.862124 0.250367 -0.490225 -0.545779 -0.227317 -0.0706523 0.0993966 0.125939 0.65243 -0.163706 -0.489967 0.0151085 -0.0160991 0.0770721 0.639179 0.289681 0.928965 0.955595 0.680225 0.180156 0.404349 0.541935 -0.731863 0.432785 0.4169 
-1.06868 0.0885953 0.199149 -0.676958 -0.916097 -0.87482 0.24139 -0.494212 -0.574129 -0.233255 -0.0472971 0.0226593 0.14096 0.666484 -0.13467 -0.488338 -0.00308428 -0.0334884 0.0181545 0.594377 0.334697 0.911152 0.960274 0.690455 0.195138 0.4346 0.568925 -0.777585 0.404865 0.41097 
-1.0742 0.108023 0.179677 -0.674958 -0.922787 -0.870777 0.245622 -0.468904 -0.578737 -0.226378 -0.0497174 0.103181 0.134354 0.649849 -0.117074 -0.493609 -0.0130727 -0.00556657 0.0613465 0.62245 0.319206 0.904765 0.950626 0.71821 0.160104 0.399427 0.528061 -0.765982 0.359009 0.390381 
-1.04065 0.0988736 0.173709 -0.665896 -0.881893 -0.84897 0.218072 -0.473882 -0.541663 -0.215323 -0.0650833 0.0915846 0.137957 0.663846 -0.196503 -0.490105 0.00204736 -0.0274087 0.0738436 0.603889 0.272499 0.923878 0.955303 0.662499 0.202571 0.416456 0.529271 -0.753381 0.429137 0.420212 
-1.03199 0.118231 0.19088 -0.685229 -0.893316 -0.858574 0.262582 -0.47957 -0.550182 -0.197978 -0.0887155 0.083852 0.138826 0.664206 -0.111131 -0.49808 -0.0193097 -0.0181894 0.0718339 0.599903 0.280298 0.901056 0.959364 0.678012 0.120689 0.406619 0.583629 -0.757264 0.435074 0.407097 
-1.12769 0.0572749 0.151457 -0.645355 -0.920392 -0.865233 0.280137 -0.457504 -0.569457 -0.233293 -0.0488512 0.0740603 0.139409 0.63848 -0.121639 -0.494079 -0.000388442 0.00863333 0.0418631 0.565612 0.319629 0.92019 0.935281 0.717776 0.198941 0.43019 0.543239 -0.702498 0.378721 0.42259 
-1.06252 0.0469972 0.161332 -0.644164 -0.89014 -0.863709 0.274179 -0.521021 -0.554723 -0.212391 -0.0649368 0.0724092 0.143536 0.640034 -0.165676 -0.505681 0.0174421 -0.0175258 0.0869613 0.587352 0.298196 0.938053 0.94054 0.70487 0.210008 0.392672 0.550752 -0.716405 0.46884 0.422869 
-1.06882 0.0784739 0.185089 -0.691523 -0.926302 -0.866953 0.236472 -0.443777 -0.535316 -0.219363 -0.0780583 0.127635 0.144712 0.661773 -0.178134 -0.500258 0.0449769 0.0338788 0.0661999 0.654313 0.258966 0.928616 0.94842 0.671296 0.170418 0.347682 0.56925 -0.766932 0.470139 0.415659 
-1.06485 0.0556435 0.194133 -0.681221 -0.908149 -0.856504 0.256769 -0.506741 -0.528771 -0.216126 -0.0911282 0.118124 0.163445 0.661834 -0.14969 -0.515656 0.0286933 -0.0241345 0.0414373 0.622268 0.287805 0.912221 0.92994 0.68161 0.165925 0.347172 0.591967 -0.760358 0.427419 0.449163 
-1.03187 0.0983199 0.18276 -0.694301 -0.88636 -0.853251 0.24414 -0.501038 -0.556471 -0.212054 -0.0488075 0.014735 0.139289 0.658758 -0.136602 -0.485173 0.0334234 -0.0308348 0.0736947 0.587635 0.326963 0.920929 0.961588 0.658199 0.184208 0.433723 0.541137 -0.788627 0.445286 0.452516 
-1.0334 0.0802654 0.178931 -0.666416 -0.868871 -0.862996 0.241477 -0.494587 -0.545717 -0.217508 -0.0750637 0.0839112 0.151263 0.65433 -0.163147 -0.488061 0.0141049 -0.020989 0.0836645 0.636643 0.292923 0.928169 0.951393 0.69855 0.178894 0.408094 0.546642 -0.734233 0.451917 0.412597 
-1.03873 0.0822278 0.173552 -0.684893 -0.884122 -0.839692 0.233736 -0.477722 -0.545823 -0.219348 -0.0707059 0.0976161 0.126531 0.664024 -0.175673 -0.491957 0.0187092 -0.0191038 0.0712967 0.594938 0.259065 0.913068 0.957258 0.662207 0.210367 0.411226 0.535223 -0.751068 0.408082 0.420238 
-1.04747 0.0780011 0.179888 -0.664497 -0.854453 -0.867551 0.260519 -0.494611 -0.553848 -0.227084 -0.088146 0.0827646 0.140496 0.665438 -0.165458 -0.491592 -0.00357561 -0.0159591 0.071679 0.632108 0.283568 0.91027 0.948974 0.69555 0.11783 0.39115 0.541941 -0.756195 0.434214 0.395855 
-1.10717 0.118854 0.185427 -0.670667 -0.850462 -0.867205 0.275391 -0.457365 -0.622435 -0.276427 -0.0902105 0.0949378 0.136822 0.648953 -0.123286 -0.493554 -0.024028 0.0142464 0.0623393 0.629879 0.30044 0.90325 0.951777 0.69644 0.125471 0.398846 0.540401 -0.777623 0.427008 0.379718 
-1.02801 0.107004 0.190866 -0.683978 -0.877126 -0.857257 0.249951 -0.49349 -0.556489 -0.196835 -0.0863092 0.0834369 0.146641 0.66433 -0.0876586 -0.498322 -0.0176836 -0.00847945 0.0726305 0.602728 0.295633 0.902006 0.957048 0.690485 0.141287 0.399821 0.546891 -0.779449 0.414855 0.430546 
