-1.01572 0.143942 0.20668 -0.685093 -0.858758 -0.878225 0.21823 -0.490538 -0.534549 -0.195948 -0.0796157 0.0826331 0.109273 0.683635 -0.174324 -0.473364 -0.0200854 0.00771987 0.0721741 0.620057 0.252459 0.882314 0.924296 0.701145 0.0899082 0.406354 0.525646 -0.768125 0.46678 0.369399 
-1.0067 0.0721515 0.182777 -0.688789 -0.921967 -0.897243 0.210985 -0.48535 -0.59176 -0.103822 -0.104771 0.133407 0.16536 0.653063 -0.181718 -0.452032 0.0188416 0.015064 0.0289979 0.633689 0.284555 0.949055 0.978088 0.643945 0.0554592 0.470674 0.557356 -0.791981 0.407204 0.363036 
-1.07648 0.133237 0.185052 -0.676304 -0.79659 -0.971694 0.260424 -0.544064 -0.534764 -0.172097 -0.100441 0.0535694 0.125205 0.745395 -0.183099 -0.420466 0.00833374 -0.0162296 0.0736994 0.623226 0.299452 0.906472 1.00819 0.68999 0.0954006 0.476334 0.464095 -0.790997 0.426206 0.377964 
-1.01765 0.105181 0.227709 -0.694452 -0.888758 -0.880859 0.225623 -0.516151 -0.558163 -0.185423 -0.0566815 0.030114 0.144568 0.680434 -0.164412 -0.459436 0.0158757 -0.0711679 0.0831637 0.577403 0.370621 0.929052 0.925438 0.688806 0.135406 0.479386 0.55542 -0.789736 0.466408 0.490182 
-1.01809 0.0748704 0.147484 -0.636053 -0.867587 -0.846474 0.227876 -0.565866 -0.584656 -0.216724 -0.0781134 0.0620429 0.101986 0.663169 -0.119389 -0.50309 0.00920614 -0.00773784 0.0541453 0.604803 0.301254 0.907062 0.956546 0.648923 0.214793 0.392335 0.551805 -0.741469 0.467916 0.433507 
-1.04401 0.0397836 0.224479 -0.71109 -0.861695 -0.837126 0.264447 -0.5188 -0.544337 -0.161269 -0.12979 -0.00627394 0.15997 0.710218 -0.1582 -0.432091 0.0757392 0.0721008 0.0286063 0.556975 0.300185 0.91008 0.941889 0.715252 0.134484 0.380208 0.584675 -0.77738 0.504671 0.508425 
-1.05958 0.0930441 0.191709 -0.695848 -0.895458 -0.890006 0.229136 -0.486338 -0.569185 -0.23129 -0.0428452 -0.00195672 0.149379 0.674877 -0.135469 -0.508042 0.0213451 -0.0361241 -0.00509077 0.614898 0.340727 0.932415 0.939288 0.705139 0.218061 0.420216 0.593819 -0.75989 0.401394 0.386 
-1.01823 0.157381 0.178667 -0.718436 -0.924499 -0.893207 0.24152 -0.508903 -0.599514 -0.198248 -0.122576 0.183947 0.146899 0.569366 -0.169536 -0.416762 0.00319516 0.0167058 0.114524 0.611574 0.270259 0.966101 0.887445 0.69705 0.16342 0.431894 0.619525 -0.796827 0.479971 0.431943 
-0.976958 0.0680617 0.116938 -0.741274 -0.89521 -0.892372 0.245433 -0.516473 -0.503839 -0.178505 -0.0482224 0.161165 0.0697162 0.598368 -0.159537 -0.48884 0.058397 0.0494301 0.0855583 0.584048 0.26797 0.883658 0.898115 0.719268 0.1508 0.424614 0.514828 -0.814037 0.455915 0.359453 
-0.992711 0.0904047 0.204713 -0.722799 -0.83987 -0.824254 0.223672 -0.502956 -0.567275 -0.254512 -0.0378599 0.076248 0.136091 0.645334 -0.195387 -0.467189 0.0268469 -0.00167468 0.0587126 0.658341 0.262206 0.920074 0.959494 0.674195 0.204684 0.442082 0.525059 -0.737756 0.443294 0.442292 
-1.0694 0.134504 0.121582 -0.724588 -0.931917 -0.951904 0.231328 -0.528715 -0.463369 -0.0856607 -0.107146 -0.0137885 0.135404 0.668986 -0.182086 -0.498351 -0.0819119 0.0154753 0.0608602 0.561957 0.302168 0.957509 0.94517 0.712045 0.0738739 0.452384 0.557264 -0.691216 0.408867 0.40482 
-1.02934 0.156921 0.188822 -0.661258 -0.878836 -0.856146 0.261438 -0.506829 -0.558177 -0.199566 -0.0611762 0.0853717 0.134226 0.677524 -0.160565 -0.515435 0.0207907 0.00428058 0.0752022 0.695747 0.257116 0.876679 0.964665 0.704518 0.155117 0.431864 0.477408 -0.750631 0.405609 0.390011 
-1.0056 0.0493508 0.207103 -0.674608 -0.834891 -0.863014 0.226481 -0.41621 -0.499218 -0.240113 -0.0855475 0.124376 0.137771 0.630279 -0.196766 -0.43 -0.0507962 0.0143987 0.0342369 0.631905 0.203536 0.918971 0.906569 0.655269 0.134683 0.367756 0.626639 -0.743773 0.43167 0.440918 
-1.01503 0.142056 0.198415 -0.693213 -0.81737 -0.888656 0.255576 -0.498445 -0.563551 -0.163924 -0.0810596 0.163126 0.0841467 0.668173 -0.15047 -0.466423 0.0422 0.0067467 0.0434392 0.670851 0.343109 0.954429 0.946596 0.726052 0.135675 0.35586 0.517629 -0.744253 0.388681 0.421651 
-1.03634 0.14119 0.157481 -0.738133 -0.880843 -0.802264 0.238883 -0.500883 -0.560085 -0.198968 -0.0799492 0.194964 0.0916865 0.719653 -0.221713 -0.489097 -0.0046647 0.00264085 0.0700511 0.686208 0.309153 0.995041 0.891727 0.653716 0.144792 0.360246 0.579157 -0.754388 0.485869 0.411142 
-1.05832 0.0855916 0.223261 -0.676568 -0.918547 -0.891685 0.292404 -0.467994 -0.583688 -0.186297 -0.0963731 0.0398953 0.123156 0.657475 -0.187993 -0.501204 -0.000861106 -0.0125856 0.111208 0.629085 0.308164 0.951786 0.955823 0.719312 0.180912 0.398001 0.56648 -0.726959 0.47804 0.382193 
-1.1296 0.0442636 0.223918 -0.703437 -0.94399 -0.837846 0.221416 -0.424196 -0.495665 -0.213367 -0.0969865 0.089042 0.130966 0.676453 -0.166138 -0.51697 0.0726727 0.0480188 0.0410059 0.659664 0.213649 0.908285 0.893427 0.698322 0.165288 0.332534 0.648857 -0.786287 0.486132 0.39369 
-1.05054 0.0961998 0.196924 -0.679046 -0.841307 -0.872721 0.240873 -0.511683 -0.567215 -0.230351 -0.0908136 0.0589753 0.165251 0.640643 -0.15187 -0.488497 0.00482731 0.00645871 0.0583252 0.647743 0.286327 0.908229 0.961099 0.698269 0.130993 0.383555 0.562402 -0.780922 0.456215 0.41129 
-1.04664 0.14292 0.167137 -0.695852 -0.90265 -0.861827 0.243186 -0.468806 -0.571678 -0.232269 -0.0984878 0.116178 0.148771 0.67451 -0.169968 -0.493334 0.0256819 -0.0348695 0.0742611 0.623803 0.283822 0.910538 0.940642 0.68887 0.144402 0.41544 0.550344 -0.799666 0.433469 0.389786 
-1.01905 0.0801763 0.202353 -0.663743 -0.854674 -0.832151 0.196117 -0.506988 -0.523812 -0.211901 -0.0356161 0.100097 0.142411 0.635252 -0.154657 -0.467903 0.0105215 0.0137047 0.105447 0.592763 0.315098 0.904749 0.932187 0.67119 0.214384 0.371286 0.506745 -0.785558 0.439175 0.427064 
-1.08746 0.0839991 0.186867 -0.606212 -0.914374 -0.807654 0.240643 -0.522325 -0.553935 -0.208084 -0.0982022 0.0677851 0.108882 0.648421 -0.144606 -0.456412 -0.0209306 0.00453167 0.0508322 0.612984 0.321529 0.908183 0.944527 0.669178 0.235306 0.409491 0.527818 -0.74652 0.369805 0.471441 
-1.06122 0.0873295 0.231894 -0.66866 -0.916803 -0.866402 0.219628 -0.426956 -0.531379 -0.187495 -0.0745011 0.137694 0.183604 0.659324 -0.226702 -0.537244 0.088536 0.0284806 0.0353439 0.627791 0.229959 0.927106 0.920983 0.697158 0.170095 0.319762 0.575371 -0.821069 0.531645 0.429507 
-1.03229 0.101862 0.167544 -0.744238 -0.839134 -0.906426 0.270433 -0.502738 -0.580776 -0.16296 -0.158815 0.0771591 0.147097 0.685485 -0.15494 -0.530371 -0.010286 -0.0227463 0.0675001 0.622316 0.252297 0.878858 0.921304 0.633748 0.0881472 0.380402 0.484834 -0.767866 0.443484 0.424606 
-1.0303 0.0931228 0.177293 -0.663733 -0.864578 -0.870122 0.2261 -0.527734 -0.556823 -0.24273 -0.0978426 0.0852885 0.155456 0.586191 -0.19514 -0.487434 0.0255927 0.0204169 0.0870977 0.619866 0.294261 0.944798 0.931203 0.694357 0.18442 0.417985 0.571803 -0.774689 0.452246 0.379905 
-1.09297 0.0709326 0.229347 -0.668041 -0.833745 -0.890053 0.185296 -0.504188 -0.545567 -0.198315 -0.0844514 0.106822 0.139588 0.646538 -0.135287 -0.427768 0.0137975 -0.0336147 -0.00485652 0.577612 0.293423 0.918388 0.927057 0.688486 0.199724 0.424157 0.535159 -0.782914 0.424215 0.407595 
-1.02711 0.113605 0.188284 -0.688728 -0.883601 -0.844017 0.258244 -0.49875 -0.542018 -0.22127 -0.0465189 0.115825 0.144082 0.636816 -0.140388 -0.46908 -0.00319687 -0.0195311 0.102392 0.6213 0.283302 0.925611 0.964138 0.688068 0.191443 0.378813 0.552059 -0.730013 0.439592 0.391914 
-0.97856 0.153193 0.156571 -0.660839 -0.89829 -0.848465 0.223603 -0.449204 -0.527538 -0.231056 -0.0391783 0.141923 0.147124 0.697521 -0.161885 -0.503231 -0.0562822 0.0245398 0.0953727 0.604124 0.288586 0.842513 0.947311 0.651453 0.129537 0.416968 0.531924 -0.728633 0.49044 0.437467 
-1.09227 0.101879 0.188871 -0.696635 -0.928482 -0.892841 0.281593 -0.465261 -0.639724 -0.304706 -0.0407405 0.0873616 0.143245 0.634214 -0.129746 -0.48775 -0.0563039 -0.00334084 0.0142795 0.567763 0.290317 0.910677 0.957713 0.744012 0.186538 0.431207 0.558682 -0.76102 0.36909 0.357591 
-1.05619 0.114175 0.176198 -0.65158 -0.863258 -0.861421 0.235117 -0.47716 -0.493354 -0.173126 -0.145509 0.0812839 0.141863 0.664394 -0.214863 -0.438237 -0.0288296 -0.0323719 0.0830649 0.646261 0.26907 1.00312 0.9671 0.629192 0.149545 0.350044 0.517917 -0.716003 0.351696 0.415654 
-1.09175 0.0312975 0.113134 -0.651771 -0.920022 -0.911993 0.313002 -0.522557 -0.594027 -0.201467 -0.0543045 0.0867972 0.157305 0.63448 -0.13532 -0.570742 0.0151739 0.0486065 0.0411618 0.617116 0.336995 0.914372 0.935598 0.719891 0.204005 0.454943 0.567704 -0.71704 0.470287 0.400333 
-1.05901 0.0822495 0.190624 -0.666372 -0.901099 -0.829696 0.261914 -0.4906 -0.552543 -0.228742 -0.0882515 0.115567 0.137349 0.668359 -0.166441 -0.542863 0.00627491 -0.0301785 0.0340372 0.636064 0.287953 0.936287 0.917583 0.674281 0.18083 0.353355 0.596217 -0.777877 0.410998 0.44806 
-1.05625 0.102805 0.161016 -0.671126 -0.829293 -0.872558 0.255521 -0.480166 -0.516671 -0.198009 -0.069607 0.0185787 0.136554 0.696705 -0.120415 -0.44465 -0.0215535 -0.0219405 0.0752243 0.617323 0.331003 0.919013 0.911691 0.650487 0.197146 0.477009 0.502095 -0.780122 0.42869 0.464076 
-1.06295 0.141621 0.179681 -0.622957 -0.919624 -0.793641 0.218621 -0.464586 -0.537677 -0.212857 -0.108138 0.113926 0.0606154 0.6079 -0.153221 -0.470147 0.00601654 -0.0204446 0.027198 0.610011 0.443336 0.895065 0.959916 0.659011 0.127234 0.403479 0.504229 -0.688721 0.455284 0.372639 
-1.04148 0.0794378 0.139105 -0.668115 -0.865343 -0.865609 0.305851 -0.495939 -0.527893 -0.201171 -0.0817678 0.0280947 0.140246 0.705167 -0.142386 -0.528305 -0.0475671 -0.0415519 0.0250506 0.665526 0.265344 0.894171 0.921389 0.639874 0.145824 0.429912 0.558056 -0.711631 0.449322 0.414515 
-1.09356 0.0567674 0.184912 -0.633094 -0.913518 -0.865737 0.216429 -0.534544 -0.560145 -0.201111 -0.0628462 0.0671973 0.115053 0.645554 -0.173635 -0.468768 0.0204205 -0.00495176 0.0590448 0.607467 0.26846 0.935819 0.93308 0.69514 0.197334 0.395333 0.531978 -0.732946 0.404069 0.417204 
-1.08363 0.04166 0.2042 -0.650297 -0.8719 -0.902238 0.263455 -0.490577 -0.562293 -0.263188 -0.0429763 0.11513 0.156075 0.626433 -0.172156 -0.466317 -0.0147877 0.00652139 0.0604214 0.619145 0.30885 0.927762 0.936478 0.710276 0.221821 0.402132 0.545781 -0.727714 0.455564 0.424891 
-1.08988 0.0767159 0.213502 -0.713163 -0.919853 -0.833269 0.23467 -0.454362 -0.549273 -0.251075 -0.0979829 0.0652012 0.16639 0.697394 -0.229264 -0.488136 0.0629004 -0.0294374 0.0476132 0.558163 0.269267 0.963803 0.930198 0.635032 0.217129 0.423376 0.528245 -0.75505 0.404061 0.394665 
-1.03541 0.0515542 0.179821 -0.658581 -0.88318 -0.904947 0.323693 -0.497468 -0.531694 -0.23355 -0.165951 0.0702584 0.113018 0.665819 -0.181698 -0.465196 0.00229283 0.0405556 0.0109105 0.697444 0.254981 1.00492 0.91806 0.682831 0.0939208 0.37395 0.553538 -0.737149 0.407641 0.396726 
-1.04401 0.071459 0.203524 -0.662695 -0.871348 -0.863169 0.219952 -0.518417 -0.556552 -0.223234 -0.0526746 0.0896663 0.155282 0.611056 -0.19178 -0.464943 -0.00202558 -0.0193276 0.033656 0.583153 0.297646 0.886046 0.909731 0.629643 0.210634 0.417113 0.537454 -0.778336 0.458161 0.442644 
-1.01577 0.0151691 0.181524 -0.679685 -0.878807 -0.881484 0.277079 -0.558497 -0.542477 -0.233145 -0.0706835 0.0987481 0.151202 0.620834 -0.0869344 -0.497684 0.00671936 -0.035592 0.0780903 0.598709 0.322621 0.901653 0.954373 0.693926 0.206537 0.392247 0.561215 -0.709856 0.427685 0.472743 
-1.01366 0.0827993 0.162237 -0.647937 -0.851972 -0.853446 0.231631 -0.495321 -0.54456 -0.197818 -0.0654205 0.0767473 0.12054 0.641809 -0.168376 -0.501648 0.00471477 -0.000430607 0.0660403 0.631403 0.259501 0.907199 0.962232 0.657244 0.2053 0.422217 0.524209 -0.753923 0.451541 0.419504 
-1.00289 0.0842416 0.181627 -0.675485 -0.839945 -0.849214 0.274985 -0.499679 -0.557894 -0.206226 -0.100203 0.0820609 0.118046 0.663032 -0.12421 -0.460011 -0.00755601 -0.00353201 0.0682487 0.641907 0.302268 0.875484 0.953372 0.65623 0.219117 0.375607 0.563658 -0.759589 0.451142 0.369291 
-1.07388 0.107148 0.16775 -0.661773 -0.945463 -0.85362 0.254814 -0.492534 -0.601419 -0.208437 -0.0506369 0.0992095 0.123471 0.628981 -0.132616 -0.477281 0.0123938 -0.0231209 0.0549766 0.625425 0.344402 0.910487 0.942706 0.715296 0.141478 0.423378 0.509111 -0.757351 0.372909 0.386577 
-1.06307 0.0955728 0.220835 -0.675514 -0.892898 -0.889951 0.245573 -0.449813 -0.52004 -0.234197 -0.0873157 0.107258 0.168088 0.651824 -0.20848 -0.521643 0.0125881 0.0318176 0.0855724 0.650361 0.227783 0.945671 0.94755 0.675441 0.145845 0.36741 0.601708 -0.752894 0.446435 0.414223 
-1.02957 0.0988119 0.173444 -0.651594 -0.889015 -0.831519 0.235407 -0.458247 -0.525296 -0.205142 -0.0833547 0.118416 0.152294 0.67639 -0.177851 -0.479216 0.0195916 -0.0140063 0.099544 0.584221 0.298707 0.947347 0.946859 0.672087 0.206077 0.392392 0.523743 -0.740317 0.447551 0.393224 
-1.02902 0.107702 0.168033 -0.670396 -0.892383 -0.834736 0.214156 -0.471929 -0.551408 -0.212049 -0.0683068 0.081738 0.117412 0.667171 -0.173089 -0.496271 0.0282083 -0.0150522 0.0525194 0.577626 0.262792 0.932341 0.934287 0.657116 0.236785 0.427583 0.528699 -0.751299 0.387744 0.413915 
-1.13736 0.0754653 0.15604 -0.628861 -0.929125 -0.840481 0.284219 -0.456544 -0.560244 -0.238552 -0.0535571 0.0714721 0.140144 0.634139 -0.13785 -0.505615 -0.0250583 0.0338133 0.038028 0.546298 0.297814 0.907241 0.951634 0.726455 0.1749 0.431312 0.547948 -0.715415 0.369425 0.397597 
-1.12227 0.0999169 0.165736 -0.695196 -0.877402 -0.883339 0.302079 -0.481536 -0.616494 -0.28298 -0.0852127 0.109961 0.146744 0.67182 -0.143575 -0.484729 -0.0230337 0.0226915 0.0647401 0.65059 0.32199 0.884666 0.944553 0.720956 0.133544 0.389872 0.567331 -0.758534 0.435255 0.377366 
-1.01385 0.093146 0.182189 -0.672705 -0.877365 -0.847391 0.244636 -0.45468 -0.536636 -0.23737 -0.0831984 0.0771263 0.107892 0.680049 -0.185398 -0.486836 -0.0132304 -0.0280939 0.0479386 0.633344 0.286005 0.905152 0.936469 0.641869 0.17759 0.428494 0.518392 -0.710041 0.447395 0.436661 
-1.05534 0.123007 0.19732 -0.649805 -0.93739 -0.879658 0.259388 -0.487122 -0.575699 -0.282553 -0.0488263 0.0803633 0.144587 0.659814 -0.159586 -0.444507 0.0432722 -0.0768048 0.0680546 0.587232 0.280226 0.894761 0.956795 0.619028 0.191596 0.351998 0.570664 -0.762914 0.423944 0.38261 
-1.1462 0.107333 0.163494 -0.688474 -0.934558 -0.889969 0.263145 -0.405818 -0.631658 -0.302816 -0.0261757 0.115864 0.11404 0.654965 -0.0833445 -0.47731 -0.0301942 0.0102988 0.00155605 0.59833 0.307958 0.889084 0.952165 0.744842 0.187905 0.41378 0.566546 -0.781784 0.367389 0.36844 
-1.142 0.102179 0.188195 -0.671376 -0.953624 -0.886035 0.253107 -0.401099 -0.658059 -0.306923 -0.00217206 0.118438 0.118948 0.661717 -0.0894432 -0.454665 -0.0121817 -0.00636002 0.00894287 0.574193 0.299214 0.876439 0.976524 0.753153 0.214246 0.396645 0.586407 -0.790315 0.393504 0.384219 
-1.14003 0.130188 0.142137 -0.712873 -0.961568 -0.892394 0.250679 -0.413985 -0.614688 -0.297207 -0.00296689 0.136549 0.0871441 0.672063 -0.056177 -0.490152 -0.0549337 0.00310724 -0.0122348 0.595138 0.330191 0.865105 0.959843 0.747026 0.162058 0.436808 0.584306 -0.793331 0.355022 0.381843 
-1.05298 0.123493 0.170922 -0.661014 -0.860001 -0.844802 0.222858 -0.465942 -0.541391 -0.187528 -0.0448907 0.129122 0.117984 0.705531 -0.174002 -0.51549 -0.0237582 -0.0512084 0.0808761 0.700455 0.260399 0.899059 0.941417 0.680494 0.122445 0.379341 0.542112 -0.788543 0.486419 0.392492 
-1.03442 0.127803 0.148717 -0.6347 -0.850665 -0.848128 0.237635 -0.488943 -0.539266 -0.168519 -0.0415281 0.11897 0.109793 0.693199 -0.155073 -0.519164 -0.0348935 -0.0606102 0.056725 0.70437 0.265381 0.896594 0.914535 0.6639 0.110729 0.363302 0.532685 -0.802294 0.490086 0.394999 
-1.04426 0.143582 0.186749 -0.667417 -0.845426 -0.847753 0.207986 -0.450515 -0.522201 -0.166194 -0.0223188 0.102096 0.128011 0.695604 -0.160552 -0.522914 -0.0305478 -0.0755418 0.0761264 0.677124 0.283649 0.876854 0.949095 0.656323 0.132272 0.374392 0.529725 -0.803312 0.508483 0.410113 
-0.997968 0.157891 0.184583 -0.671265 -0.887191 -0.872053 0.284513 -0.485681 -0.523045 -0.189285 -0.0994423 0.0739138 0.124705 0.674831 -0.155051 -0.466655 -0.0244566 -0.0301379 0.0470513 0.656299 0.255966 0.862487 0.963465 0.70074 0.182342 0.382344 0.55059 -0.769836 0.457917 0.421109 
-0.984699 0.165644 0.194121 -0.687957 -0.885287 -0.875645 0.284438 -0.501436 -0.502619 -0.214355 -0.125786 0.0493998 0.130012 0.673937 -0.144425 -0.47536 -0.00224237 -0.018415 0.0650446 0.673008 0.268863 0.872207 0.955749 0.692358 0.180254 0.36622 0.526702 -0.792704 0.482469 0.416271 
-1.00942 0.136254 0.166888 -0.696312 -0.878387 -0.858161 0.26866 -0.504753 -0.546031 -0.194966 -0.107659 0.0502941 0.133329 0.666305 -0.135703 -0.455572 -0.039493 -0.0233922 0.0402623 0.6296 0.280532 0.882691 0.984808 0.706088 0.18958 0.366086 0.540519 -0.772525 0.468166 0.436389 
-1.06882 0.0784739 0.185089 -0.691523 -0.926302 -0.866953 0.236472 -0.443777 -0.535316 -0.219363 -0.0780583 0.127635 0.144712 0.661773 -0.178134 -0.500258 0.0449769 0.0338788 0.0661999 0.654313 0.258966 0.928616 0.94842 0.671296 0.170418 0.347682 0.56925 -0.766932 0.470139 0.415659 
-1.08233 0.0857261 0.158622 -0.67024 -0.911464 -0.845844 0.212354 -0.421562 -0.555145 -0.197362 -0.0892456 0.114448 0.163433 0.65112 -0.192736 -0.490152 0.0450116 0.0452014 0.0776738 0.642512 0.261875 0.947884 0.937912 0.659391 0.181355 0.36156 0.589164 -0.756978 0.445213 0.417341 
-1.04702 0.0909869 0.17317 -0.702992 -0.913972 -0.870334 0.25249 -0.456863 -0.550314 -0.222497 -0.0912182 0.15225 0.135464 0.638214 -0.173324 -0.486544 0.034257 0.034363 0.0602192 0.657536 0.249272 0.941533 0.947232 0.681621 0.170827 0.343505 0.564339 -0.783815 0.450797 0.417497 
-1.03058 0.068202 0.17557 -0.660922 -0.894731 -0.861054 0.244479 -0.507315 -0.562191 -0.207468 -0.0505433 0.0204761 0.143188 0.642172 -0.136208 -0.493665 0.0439992 -0.048626 0.0785044 0.575268 0.329487 0.933723 0.950385 0.662328 0.179983 0.441615 0.557514 -0.737597 0.480303 0.432941 
-1.05687 0.0586909 0.164767 -0.656884 -0.874918 -0.881298 0.238427 -0.512539 -0.579056 -0.206844 -0.0440077 0.0333146 0.123716 0.65125 -0.132974 -0.48855 0.0285864 -0.0351608 0.0622739 0.596577 0.331252 0.947122 0.950083 0.67525 0.197888 0.431625 0.582581 -0.755359 0.467663 0.446273 
-1.02022 0.0665097 0.193873 -0.642123 -0.896847 -0.836616 0.24963 -0.498434 -0.546661 -0.230271 -0.0377045 0.0172356 0.153246 0.637087 -0.159287 -0.491992 0.0699824 -0.0592634 0.0621332 0.553263 0.327621 0.960765 0.959545 0.684664 0.200266 0.415442 0.558024 -0.734336 0.478834 0.429554 
-1.0634 0.101838 0.166427 -0.674941 -0.934408 -0.910846 0.256664 -0.479991 -0.534189 -0.232101 -0.068709 0.0925851 0.12177 0.677547 -0.123229 -0.473944 -0.00755493 -0.0102501 0.101271 0.614028 0.273499 0.932315 0.959631 0.710243 0.152709 0.374587 0.584294 -0.71483 0.42647 0.393708 
-1.0381 0.0787336 0.153434 -0.690546 -0.946171 -0.887324 0.276081 -0.453654 -0.551097 -0.256278 -0.0869484 0.0835015 0.102371 0.67207 -0.111317 -0.485672 -0.0118945 0.0148912 0.074321 0.637638 0.29035 0.950616 0.964968 0.69097 0.156168 0.393272 0.602113 -0.741575 0.407165 0.390215 
-1.08972 0.121353 0.187555 -0.658873 -0.92218 -0.892105 0.233378 -0.497741 -0.525726 -0.208096 -0.0610633 0.0781431 0.140441 0.700839 -0.147045 -0.497837 -0.0247437 -0.0225691 0.118683 0.607195 0.272014 0.914292 0.957384 0.721194 0.171078 0.393075 0.588713 -0.717612 0.45331 0.420809 
-1.05397 0.0500959 0.130159 -0.651197 -0.892409 -0.86599 0.311184 -0.506733 -0.563602 -0.193781 -0.0623966 0.0414627 0.116609 0.613255 -0.128821 -0.542286 0.00867608 0.0130982 0.0618855 0.545449 0.343928 0.953329 0.956058 0.715188 0.242783 0.450632 0.545696 -0.707462 0.472147 0.420553 
-1.07767 0.0742218 0.141086 -0.647538 -0.87493 -0.869851 0.330115 -0.482178 -0.582672 -0.21493 -0.0571744 0.0206526 0.142087 0.630588 -0.154628 -0.55442 -0.0167936 0.00858893 0.0750363 0.522435 0.359797 0.960442 0.939329 0.7237 0.257633 0.43952 0.570348 -0.725151 0.488042 0.396626 
-1.04796 0.0256973 0.124992 -0.626776 -0.902513 -0.862158 0.33111 -0.510223 -0.554371 -0.185232 -0.0792226 0.031917 0.131797 0.62947 -0.111732 -0.533499 -0.00999713 0.0045545 0.0592992 0.549395 0.347865 0.95016 0.965987 0.725653 0.249894 0.437021 0.555015 -0.724089 0.479016 0.408682 
-1.05203 0.0617906 0.154694 -0.685833 -0.857438 -0.814112 0.226063 -0.490963 -0.544247 -0.25916 -0.105116 0.104265 0.108757 0.671811 -0.20873 -0.473529 0.00137074 -0.0514602 0.0705723 0.595527 0.237509 0.97835 0.965681 0.643633 0.234237 0.39666 0.548159 -0.734101 0.429693 0.401865 
-1.07313 0.0430078 0.181153 -0.708101 -0.85603 -0.800783 0.242378 -0.513294 -0.542507 -0.247602 -0.130508 0.0859578 0.127323 0.697646 -0.210926 -0.450931 0.011186 -0.0485382 0.0648213 0.579905 0.217712 0.997019 0.952087 0.626652 0.251373 0.378935 0.556662 -0.70972 0.434416 0.381948 
-1.07225 0.0451768 0.137822 -0.705119 -0.86345 -0.800222 0.204462 -0.480053 -0.548607 -0.236173 -0.0818055 0.0895666 0.130175 0.652303 -0.209189 -0.497131 0.0214762 -0.0656037 0.0757366 0.583227 0.218075 0.980906 0.967964 0.636403 0.232641 0.421095 0.572625 -0.749271 0.42647 0.424666 
-1.0308 0.0833395 0.189128 -0.695734 -0.887289 -0.838526 0.213645 -0.45844 -0.555514 -0.217169 -0.079167 0.0808372 0.12355 0.673961 -0.179548 -0.490607 -0.0100153 -0.0352635 0.0868421 0.664897 0.283098 0.895468 0.939074 0.684272 0.152192 0.421589 0.563138 -0.726572 0.474072 0.412546 
-1.02676 0.0661301 0.191503 -0.717632 -0.900864 -0.863817 0.224404 -0.461271 -0.529688 -0.236799 -0.0834515 0.0755334 0.114131 0.657512 -0.192707 -0.509232 -0.0125088 -0.0104594 0.102257 0.672553 0.268085 0.876332 0.919839 0.659998 0.145669 0.432093 0.552607 -0.742906 0.496037 0.434583 
-1.03879 0.10823 0.173951 -0.684189 -0.895987 -0.845025 0.207414 -0.440244 -0.536054 -0.240596 -0.0962346 0.103256 0.101496 0.685268 -0.195788 -0.476113 -0.0167177 -0.0328224 0.112168 0.682327 0.299741 0.895108 0.954435 0.693037 0.152644 0.415692 0.540395 -0.748383 0.4642 0.428124 
-1.0592 0.102633 0.161401 -0.637775 -0.874897 -0.891447 0.220812 -0.542684 -0.506575 -0.214969 -0.0465501 0.0248405 0.156026 0.626675 -0.145655 -0.462436 -0.0108508 -0.014378 0.0551896 0.595932 0.330745 0.932308 0.938082 0.641735 0.196556 0.452915 0.569106 -0.751702 0.454036 0.469163 
-1.07501 0.119911 0.164121 -0.661054 -0.864724 -0.873917 0.230376 -0.517252 -0.480029 -0.22722 -0.0395342 0.0368679 0.170831 0.608106 -0.120492 -0.465933 -0.0162948 -0.0331796 0.0749945 0.59086 0.314331 0.908536 0.930836 0.645448 0.20902 0.454715 0.547203 -0.734466 0.457389 0.481781 
-1.08544 0.0784678 0.172971 -0.656923 -0.861469 -0.873851 0.217313 -0.530928 -0.529545 -0.222117 -0.0323024 0.000453396 0.182374 0.626973 -0.164516 -0.441841 -0.00948145 -0.0215594 0.0431784 0.599887 0.323031 0.918801 0.964154 0.643695 0.21742 0.465483 0.585085 -0.738972 0.432921 0.485831 
-1.0533 0.0524417 0.148144 -0.65558 -0.877788 -0.863491 0.244057 -0.499382 -0.561314 -0.192837 -0.0560591 0.102148 0.116667 0.705463 -0.144122 -0.528473 -0.0149107 -0.0330956 0.0645531 0.546583 0.264491 0.908097 0.95351 0.693371 0.197389 0.383954 0.54303 -0.739698 0.480554 0.410499 
-1.01802 0.0794273 0.181273 -0.66341 -0.887323 -0.863676 0.267083 -0.494925 -0.538679 -0.204862 -0.0769899 0.0233604 0.131459 0.672769 -0.150738 -0.478263 0.000484819 -0.0408164 0.0662187 0.641201 0.321673 0.868274 0.957999 0.669972 0.182067 0.417063 0.553856 -0.75576 0.469384 0.427055 
-1.05294 0.0929781 0.188719 -0.671515 -0.8835 -0.843129 0.22002 -0.460006 -0.545839 -0.212418 -0.0674266 0.0979582 0.118782 0.698839 -0.178972 -0.511386 -0.0130998 -0.0457413 0.0812044 0.700367 0.276432 0.895916 0.939736 0.683124 0.141863 0.400098 0.561048 -0.730952 0.484788 0.400692 
-1.08572 0.0929365 0.175122 -0.691072 -0.898659 -0.858767 0.255304 -0.440251 -0.556368 -0.276323 -0.0612001 0.115134 0.120119 0.658564 -0.134728 -0.47826 -0.015375 0.00374144 0.0519637 0.623955 0.306904 0.892821 0.951693 0.733078 0.152555 0.416451 0.564186 -0.732936 0.460716 0.383777 
-1.04614 0.0655001 0.162696 -0.688688 -0.870237 -0.826153 0.21708 -0.480702 -0.54757 -0.256135 -0.079275 0.0979424 0.116155 0.672218 -0.184174 -0.484671 -0.00712979 -0.0494122 0.0808816 0.601379 0.275468 0.936939 0.947044 0.66131 0.186619 0.409828 0.552023 -0.730821 0.446315 0.411079 
-1.02036 0.136907 0.175831 -0.66393 -0.876824 -0.88128 0.283354 -0.524076 -0.517768 -0.19851 -0.0662189 0.0310797 0.154938 0.639724 -0.149369 -0.462467 -0.0227343 -0.0208256 0.0542888 0.621319 0.287019 0.928813 0.962287 0.666563 0.184694 0.451352 0.551828 -0.75655 0.454248 0.450939 
-1.00997 0.0865174 0.166405 -0.658946 -0.888494 -0.866497 0.289861 -0.485952 -0.549878 -0.19328 -0.0642419 0.0565847 0.117498 0.6729 -0.129326 -0.469511 -0.0119984 -0.00913987 0.0530084 0.576649 0.297862 0.870885 0.962813 0.71118 0.241341 0.404705 0.54782 -0.748904 0.471542 0.420709 
-1.05386 0.0587592 0.142089 -0.662966 -0.890928 -0.820214 0.29195 -0.506583 -0.556922 -0.237199 -0.0895153 0.0601379 0.111581 0.634524 -0.185876 -0.488121 0.00645915 -0.0464266 0.0690483 0.569587 0.277725 0.961951 0.956443 0.694164 0.24198 0.406219 0.547128 -0.717414 0.440987 0.417046 
-1.11649 0.104248 0.162839 -0.652883 -0.925238 -0.891061 0.250938 -0.493664 -0.530057 -0.293124 -0.0422144 0.0554936 0.123531 0.629733 -0.13354 -0.465216 -0.0203747 -0.00916436 0.0219226 0.597573 0.310678 0.890944 0.941862 0.739738 0.190853 0.440748 0.56687 -0.758756 0.432044 0.435155 
-1.06597 0.0689763 0.158135 -0.686278 -0.892977 -0.831954 0.230596 -0.468035 -0.536579 -0.256072 -0.0975855 0.123739 0.115068 0.665785 -0.17847 -0.478157 0.00408935 -0.0201879 0.0686301 0.626114 0.244319 0.928786 0.964534 0.659456 0.212951 0.35723 0.553331 -0.762693 0.454408 0.408487 
-1.09072 0.104549 0.165585 -0.681143 -0.934413 -0.897223 0.260464 -0.448208 -0.583022 -0.274077 -0.0335698 0.0963277 0.119273 0.658399 -0.11443 -0.475901 -0.0107072 0.00756163 0.0539205 0.605554 0.278786 0.912601 0.953901 0.729386 0.155824 0.386585 0.579664 -0.71933 0.380508 0.371324 
-1.04097 0.0939658 0.173641 -0.695017 -0.878384 -0.877158 0.217374 -0.491634 -0.514033 -0.21556 -0.0710743 0.050564 0.153869 0.64975 -0.146821 -0.467133 -0.010502 -0.0264961 0.0761812 0.633584 0.297613 0.926548 0.938364 0.675245 0.169434 0.430573 0.565175 -0.735209 0.459796 0.441 
-1.06806 0.0674055 0.175752 -0.686315 -0.861379 -0.850273 0.233537 -0.475821 -0.539311 -0.254747 -0.100178 0.127538 0.120913 0.669461 -0.191901 -0.493289 0.0333339 -0.0293307 0.0664575 0.616345 0.240293 0.931565 0.964459 0.670728 0.210086 0.39619 0.563149 -0.742008 0.437305 0.411433 
-1.10963 0.106993 0.162888 -0.686328 -0.892293 -0.885654 0.242422 -0.4436 -0.553392 -0.301696 -0.0503173 0.110468 0.111179 0.65562 -0.175499 -0.475463 -0.00933047 -0.0242204 0.0674577 0.596862 0.254567 0.920932 0.958754 0.743514 0.209634 0.410321 0.565833 -0.744439 0.411489 0.37195 
-1.03905 0.142847 0.185024 -0.678053 -0.919725 -0.868038 0.259066 -0.477927 -0.534031 -0.192074 -0.0809201 0.101106 0.140949 0.672877 -0.157539 -0.473083 -0.0116079 0.00211626 0.0546599 0.654436 0.257463 0.903784 0.956569 0.676617 0.175009 0.352212 0.561028 -0.769084 0.464933 0.418713 
-1.05676 0.115637 0.166321 -0.647767 -0.868167 -0.867324 0.221761 -0.465982 -0.540898 -0.206482 -0.0450562 0.124303 0.154185 0.652852 -0.172303 -0.469279 -0.0143764 -0.0360666 0.0561945 0.675288 0.283241 0.924605 0.938975 0.650199 0.12851 0.404624 0.553531 -0.764325 0.46835 0.46806 
-1.05432 0.07966 0.132691 -0.647289 -0.876997 -0.874893 0.3035 -0.527434 -0.544096 -0.197853 -0.0531966 0.0385442 0.153236 0.620182 -0.143835 -0.47889 -0.00941957 0.00239819 0.0553177 0.566957 0.335623 0.938483 0.951411 0.686454 0.23111 0.452861 0.545924 -0.708163 0.471659 0.420628 
-1.04703 0.057709 0.161282 -0.657163 -0.892477 -0.8653 0.253704 -0.506959 -0.5631 -0.196907 -0.0537085 0.023001 0.126258 0.619527 -0.132184 -0.495639 0.00933204 -0.0402891 0.070335 0.55989 0.337403 0.939646 0.952211 0.714107 0.192213 0.445454 0.550532 -0.726835 0.476783 0.426886 
-1.021 0.115528 0.171092 -0.646823 -0.880622 -0.873698 0.275388 -0.53204 -0.517126 -0.207023 -0.0974415 0.0491082 0.133907 0.66195 -0.146256 -0.462904 -0.0114137 -0.0286368 0.0542786 0.651407 0.281925 0.922963 0.949958 0.691309 0.194599 0.445034 0.554406 -0.765729 0.455017 0.424206 
-1.07056 0.0731791 0.168831 -0.676169 -0.922935 -0.86516 0.257816 -0.486127 -0.570038 -0.240334 -0.0263859 0.0459461 0.132125 0.645066 -0.117455 -0.487838 0.0182639 -0.0291906 0.029971 0.589783 0.310365 0.908777 0.951226 0.693857 0.181288 0.424198 0.56401 -0.751987 0.410676 0.404298 
