-1.07225 0.067361 0.191153 -0.718613 -0.908683 -0.852843 0.197426 -0.521146 -0.490122 -0.193005 -0.0621974 0.037558 0.144129 0.670181 -0.169442 -0.467492 0.00219876 -0.00867252 0.105498 0.603822 0.285353 0.952859 0.971927 0.653992 0.148678 0.454069 0.563462 -0.737217 0.426535 0.44426 
-1.06317 0.160641 0.139496 -0.651671 -0.873342 -0.866958 0.251244 -0.47134 -0.571803 -0.145832 -0.0126859 0.0925888 0.129085 0.69367 -0.147079 -0.503566 -0.00772485 -0.0691829 0.0437454 0.727897 0.264519 0.922548 0.938585 0.657148 0.115134 0.373476 0.548068 -0.786495 0.467665 0.419234 
-1.06363 0.0102722 0.136913 -0.613716 -0.929588 -0.851272 0.358069 -0.524246 -0.526697 -0.188035 -0.0707243 0.059413 0.151357 0.614164 -0.142552 -0.548749 -0.0338487 -0.0129616 0.0636411 0.529046 0.368129 0.975971 0.971172 0.709498 0.227212 0.42556 0.552994 -0.753043 0.486249 0.383085 
-1.04443 0.169052 0.175309 -0.688253 -0.925511 -0.863773 0.218063 -0.491212 -0.567395 -0.228938 -0.0783675 0.121251 0.166094 0.694151 -0.184454 -0.489969 0.0186111 -0.00795752 0.0463864 0.629489 0.273775 0.924676 0.955536 0.687818 0.157067 0.399155 0.577376 -0.80272 0.451396 0.363005 
-1.11234 0.0941341 0.219408 -0.679152 -0.852201 -0.91604 0.182789 -0.500552 -0.54514 -0.18099 -0.0671001 0.0834903 0.136826 0.650882 -0.119156 -0.441638 0.0296638 -0.0346869 -0.0311704 0.571745 0.30607 0.90673 0.918554 0.701474 0.205901 0.438369 0.510567 -0.806767 0.429042 0.405683 
-1.01236 0.153555 0.202651 -0.69943 -0.829254 -0.868875 0.272878 -0.500962 -0.553447 -0.180241 -0.0913517 0.160575 0.070935 0.658958 -0.164539 -0.466552 0.0581927 0.0294576 0.0656899 0.69607 0.361828 0.944497 0.970463 0.73728 0.147327 0.35135 0.544379 -0.743147 0.375186 0.421605 
-1.0321 0.0918698 0.224494 -0.704292 -0.901811 -0.90274 0.212685 -0.531553 -0.565724 -0.182534 -0.0792335 0.0526675 0.136106 0.696506 -0.176894 -0.460908 0.0383167 -0.0756559 0.0699438 0.57988 0.372221 0.917206 0.934527 0.695505 0.152111 0.477497 0.568863 -0.777484 0.443297 0.511978 
-1.03222 0.119304 0.187023 -0.675171 -0.866986 -0.889066 0.245164 -0.517805 -0.560014 -0.201778 -0.0673067 0.0931042 0.110793 0.660989 -0.194297 -0.499422 -0.00199782 -0.0111644 0.0510388 0.59222 0.227831 0.901798 0.948227 0.709596 0.0803981 0.421754 0.509272 -0.745414 0.469423 0.347553 
-1.06103 0.0632031 0.197685 -0.631721 -0.926587 -0.820426 0.24094 -0.509287 -0.544306 -0.192214 -0.0719807 0.062021 0.122098 0.659218 -0.166716 -0.444976 -0.0450182 -0.00143966 0.0502955 0.58972 0.321374 0.892614 0.956998 0.695323 0.246317 0.389846 0.501122 -0.753589 0.385555 0.464584 
-1.08441 0.150689 0.204299 -0.637776 -0.914898 -0.819211 0.21014 -0.464313 -0.556262 -0.209967 -0.120782 0.10658 0.0460706 0.605657 -0.12642 -0.455043 -0.0201508 -0.0151482 0.0286625 0.613591 0.418053 0.902651 0.978545 0.668414 0.147915 0.404718 0.513197 -0.704523 0.453312 0.383458 
-0.978345 0.114518 0.229981 -0.705894 -0.863211 -0.79776 0.2093 -0.523543 -0.592482 -0.228354 -0.0527597 0.0756646 0.163873 0.647242 -0.197157 -0.452218 0.0391769 0.00754209 0.0498382 0.659003 0.273295 0.903958 0.972548 0.673612 0.2093 0.444947 0.539491 -0.722682 0.467009 0.460153 
-1.02766 0.107168 0.147956 -0.665591 -0.88099 -0.839265 0.222185 -0.496621 -0.571612 -0.236635 -0.0746957 0.0676757 0.11895 0.67703 -0.186234 -0.494174 0.0352367 0.00797999 0.0447369 0.598835 0.268076 0.923992 0.953357 0.675088 0.213275 0.453095 0.511851 -0.723649 0.38211 0.438639 
-1.0498 0.0922419 0.191192 -0.668978 -0.948885 -0.866483 0.229188 -0.471105 -0.607702 -0.228109 -0.0771367 0.111957 0.110973 0.634194 -0.112099 -0.474241 0.0398281 0.00170881 0.0504337 0.631369 0.352513 0.887848 0.918201 0.730027 0.121174 0.404899 0.505513 -0.753521 0.396097 0.401104 
-1.02227 0.161052 0.164455 -0.693947 -0.897173 -0.91414 0.233033 -0.493411 -0.597555 -0.18245 -0.136544 0.178045 0.141595 0.57454 -0.15556 -0.434147 -0.0200005 0.0218096 0.137451 0.633358 0.260697 0.962375 0.867182 0.69124 0.152792 0.444316 0.643222 -0.777735 0.50176 0.407841 
-0.99999 0.0835617 0.17267 -0.664218 -0.945676 -0.895328 0.231572 -0.487323 -0.575574 -0.110507 -0.0901613 0.155423 0.186924 0.648652 -0.205889 -0.478781 0.0043654 0.0267021 0.0539293 0.627296 0.279999 0.939669 0.96796 0.633645 0.0395393 0.462804 0.545938 -0.792078 0.397805 0.351397 
-1.00713 0.0781927 0.155006 -0.675146 -0.843701 -0.841496 0.233909 -0.520712 -0.569897 -0.221248 -0.0906162 0.0777931 0.130883 0.620498 -0.183211 -0.519492 0.0153375 -0.0279917 0.0495291 0.636991 0.278357 0.931897 0.984194 0.678892 0.212774 0.429486 0.527061 -0.762341 0.472491 0.432766 
-1.06903 0.0635957 0.217168 -0.659601 -0.86866 -0.919084 0.290284 -0.47324 -0.542241 -0.250132 -0.0354769 0.105169 0.146185 0.609971 -0.166778 -0.447426 0.0106996 0.0121973 0.0557499 0.63425 0.305777 0.921496 0.940297 0.728612 0.238735 0.39921 0.563451 -0.739166 0.466008 0.429057 
-1.05426 0.0817952 0.173123 -0.732154 -0.925253 -0.88851 0.242315 -0.474195 -0.524685 -0.212727 -0.085585 0.0998372 0.13939 0.631335 -0.165202 -0.512173 -0.0046185 -0.0179842 0.128753 0.654854 0.25434 0.859184 0.901303 0.675647 0.161102 0.451393 0.533095 -0.725667 0.473009 0.442708 
-1.11825 0.0945354 0.178453 -0.649258 -0.969874 -0.910865 0.25426 -0.378455 -0.66628 -0.323117 0.0155853 0.100894 0.103994 0.666533 -0.0898814 -0.469114 -0.0396185 -0.0045973 0.0236454 0.554355 0.274807 0.865319 0.975433 0.734455 0.20853 0.383473 0.570459 -0.776123 0.370155 0.363603 
-1.07383 0.0822485 0.233467 -0.657425 -0.893131 -0.901664 0.274378 -0.458368 -0.56285 -0.203671 -0.086471 0.0623191 0.134197 0.674392 -0.206921 -0.489062 -0.0059434 -0.0370538 0.0958718 0.604123 0.303811 0.94843 0.933466 0.739921 0.195484 0.388801 0.569379 -0.752342 0.470627 0.367139 
-1.02811 0.0869572 0.19369 -0.702018 -0.849199 -0.825339 0.269959 -0.49465 -0.56131 -0.222555 -0.102082 0.0756186 0.104477 0.638671 -0.106269 -0.454042 0.0187226 0.0128767 0.0781134 0.643904 0.329391 0.883759 0.953586 0.661185 0.202846 0.394559 0.540376 -0.749933 0.471596 0.355825 
-0.978306 0.176726 0.161552 -0.642211 -0.903637 -0.852261 0.229852 -0.43027 -0.515008 -0.219492 -0.0458656 0.147815 0.160092 0.684232 -0.142369 -0.491886 -0.0445706 0.026645 0.0963564 0.622411 0.27386 0.85736 0.967219 0.676099 0.129093 0.428168 0.521593 -0.706544 0.496902 0.462511 
-1.09685 0.153407 0.177622 -0.690263 -0.792874 -0.9942 0.27093 -0.519811 -0.537411 -0.171994 -0.120545 0.0372002 0.13135 0.753018 -0.202872 -0.412263 0.0247527 0.00739742 0.096846 0.614163 0.281535 0.927252 1.0253 0.670929 0.0911955 0.492981 0.442003 -0.77246 0.429763 0.377632 
-1.10752 0.0769754 0.15764 -0.64022 -0.90782 -0.866034 0.217367 -0.551962 -0.548379 -0.190088 -0.0784713 0.0571094 0.138651 0.645373 -0.159982 -0.490895 -0.00706125 0.004254 0.0622576 0.630313 0.280077 0.912952 0.913561 0.718594 0.172569 0.410765 0.508891 -0.705826 0.419435 0.438292 
-1.07442 0.105955 0.144033 -0.680048 -0.905079 -0.862712 0.223991 -0.432609 -0.538564 -0.217028 -0.0794192 0.106484 0.16825 0.676432 -0.191042 -0.486321 0.0229069 0.0549277 0.0691306 0.636264 0.282845 0.966798 0.952258 0.657455 0.204556 0.380686 0.562475 -0.738057 0.444908 0.420702 
-1.08858 0.106647 0.248147 -0.682431 -0.879944 -0.903527 0.227139 -0.470293 -0.546579 -0.227272 -0.0638977 0.08157 0.144402 0.650486 -0.227418 -0.494252 0.0363238 0.0152951 0.0615438 0.634652 0.221313 0.928827 0.948479 0.688869 0.150305 0.382422 0.605397 -0.765514 0.43378 0.393861 
-1.06462 0.0846656 0.175895 -0.666729 -0.890789 -0.891376 0.22819 -0.519521 -0.56497 -0.229494 -0.0599612 0.0314144 0.138753 0.677931 -0.122907 -0.492218 0.0345491 -0.0371272 0.0814815 0.574818 0.354028 0.934477 0.924816 0.693023 0.208013 0.409179 0.568859 -0.748947 0.479783 0.438091 
-1.03317 0.0663576 0.166771 -0.669339 -0.950777 -0.893479 0.302203 -0.472263 -0.533693 -0.261174 -0.0639877 0.0757759 0.0964332 0.673771 -0.130378 -0.505516 0.0116994 0.0102408 0.0878195 0.643965 0.306573 0.943089 0.975185 0.703845 0.129502 0.402785 0.578705 -0.724044 0.380473 0.375697 
-1.01156 0.104355 0.162384 -0.717773 -0.817442 -0.891836 0.262123 -0.491459 -0.586579 -0.155117 -0.139964 0.065608 0.155817 0.696679 -0.169352 -0.539933 0.0163037 -0.0256211 0.061952 0.600873 0.262365 0.902792 0.928151 0.619725 0.0640957 0.364293 0.476934 -0.78871 0.417062 0.403075 
-0.997625 0.0550059 0.153423 -0.621419 -0.87432 -0.85028 0.20136 -0.591277 -0.5659 -0.240165 -0.0989962 0.0727626 0.0860847 0.644537 -0.13889 -0.511735 -0.0137794 -0.0351057 0.0428496 0.60698 0.310576 0.897295 0.978943 0.637211 0.216538 0.399584 0.560985 -0.754077 0.481589 0.409987 
-1.01083 0.160615 0.139917 -0.74983 -0.863056 -0.779812 0.230359 -0.516953 -0.539347 -0.185157 -0.0881725 0.175329 0.0983208 0.713938 -0.20403 -0.503811 0.00761229 0.0243696 0.0833285 0.661952 0.325803 1.01888 0.916474 0.676603 0.165351 0.335165 0.573928 -0.748695 0.51071 0.401374 
-1.02627 0.0592253 0.20107 -0.674196 -0.855802 -0.882827 0.21603 -0.540047 -0.529906 -0.203091 -0.0278736 0.076612 0.163417 0.602938 -0.207517 -0.466271 -0.021774 -0.024303 0.0593159 0.573344 0.277798 0.897896 0.924287 0.644945 0.215519 0.406669 0.550256 -0.794134 0.45626 0.452832 
-1.01142 0.150643 0.157135 -0.689609 -0.870913 -0.854049 0.250405 -0.525669 -0.573294 -0.176251 -0.100803 0.0588835 0.124325 0.683884 -0.125772 -0.43603 -0.0574166 -0.00333089 0.0161187 0.620517 0.25426 0.859837 0.960141 0.70683 0.183873 0.368716 0.560685 -0.7471 0.448615 0.45081 
-1.04676 0.0755618 0.174017 -0.692129 -0.870329 -0.847988 0.228504 -0.458747 -0.554381 -0.227954 -0.0546899 0.0991435 0.100464 0.700494 -0.155301 -0.488282 -0.0153408 -0.0724204 0.10011 0.716319 0.278228 0.874167 0.93128 0.668064 0.151223 0.384559 0.555356 -0.745183 0.511863 0.399672 
-1.01422 0.0784406 0.192802 -0.689998 -0.895896 -0.851863 0.266881 -0.479438 -0.545598 -0.260351 -0.0758949 0.0741231 0.0996771 0.690725 -0.158701 -0.463093 0.000856102 -0.0211433 0.0275097 0.633175 0.284519 0.915993 0.936269 0.632733 0.176997 0.416863 0.522954 -0.716519 0.431883 0.411618 
-1.047 0.137966 0.190138 -0.66542 -0.86687 -0.841215 0.242841 -0.470109 -0.554653 -0.180364 -0.0624482 0.141472 0.158175 0.634634 -0.15636 -0.490032 -0.0346828 -0.0354327 0.0674099 0.667982 0.266419 0.905175 0.957979 0.636899 0.113544 0.392781 0.56073 -0.785429 0.492404 0.443114 
-1.0239 0.0468949 0.139246 -0.692259 -0.851862 -0.807729 0.238075 -0.462613 -0.566299 -0.246624 -0.0985905 0.0806529 0.12659 0.655978 -0.187744 -0.484871 -0.0334375 -0.0529853 0.0796015 0.583941 0.260087 0.948729 0.925136 0.67633 0.180514 0.396095 0.577555 -0.705399 0.455224 0.408466 
-1.05649 0.0989173 0.188821 -0.690997 -0.891461 -0.838236 0.195665 -0.484398 -0.564903 -0.216604 -0.0890555 0.0945056 0.111208 0.677981 -0.173491 -0.508937 -0.0122034 -0.00905027 0.0695436 0.667225 0.298329 0.885659 0.920611 0.676786 0.174367 0.402854 0.553008 -0.702856 0.485598 0.417328 
-1.09171 0.0974503 0.198867 -0.731386 -0.92915 -0.820184 0.238897 -0.457512 -0.568656 -0.249355 -0.0908328 0.0662379 0.172344 0.696602 -0.255584 -0.515119 0.0599839 -0.0136583 0.0593332 0.538209 0.278728 0.98682 0.906732 0.627988 0.201928 0.413834 0.547959 -0.780118 0.392177 0.378316 
-1.10256 0.0847162 0.171573 -0.687383 -0.887129 -0.903153 0.215128 -0.426379 -0.540145 -0.299195 -0.0545232 0.124342 0.127279 0.646477 -0.158176 -0.45973 -0.0240227 -0.0346785 0.0454869 0.587681 0.240151 0.897622 0.974977 0.732095 0.187128 0.388452 0.545109 -0.724168 0.432925 0.386901 
-1.0437 0.119124 0.196992 -0.642638 -0.881155 -0.833402 0.223529 -0.45036 -0.523054 -0.16629 -0.0657541 0.142438 0.132442 0.6825 -0.170582 -0.507425 -0.0475275 -0.0664 0.100214 0.722473 0.264237 0.914531 0.956451 0.667347 0.0951968 0.353061 0.540544 -0.808338 0.492628 0.380201 
-1.0829 0.0881623 0.247588 -0.645996 -0.918756 -0.843226 0.237083 -0.449029 -0.54566 -0.192264 -0.0730361 0.14264 0.19813 0.635912 -0.206982 -0.530657 0.0974951 0.0347273 0.0461762 0.626004 0.23827 0.944379 0.897371 0.694417 0.181857 0.295244 0.597173 -0.80846 0.531956 0.419551 
-1.0313 0.0756538 0.190296 -0.661564 -0.859708 -0.816835 0.210907 -0.531086 -0.526286 -0.216472 -0.048641 0.0878459 0.163854 0.651855 -0.140789 -0.462031 -0.0112111 0.0396677 0.110514 0.599534 0.312778 0.884706 0.921187 0.679702 0.187677 0.357493 0.532333 -0.806673 0.422022 0.451268 
-1.08925 0.035253 0.160556 -0.717841 -0.833752 -0.786683 0.217885 -0.501349 -0.559677 -0.256021 -0.104921 0.0767647 0.146484 0.696852 -0.193781 -0.438744 0.0064679 -0.0721033 0.0547534 0.577071 0.229719 0.998975 0.936731 0.614443 0.261278 0.372641 0.573657 -0.719961 0.4393 0.400869 
-1.12524 0.070248 0.173729 -0.619565 -0.907514 -0.82577 0.284145 -0.45531 -0.567028 -0.238638 -0.0422616 0.0537123 0.137078 0.653182 -0.165106 -0.516193 -0.0216952 0.0369115 0.0485072 0.55698 0.303677 0.933834 0.961274 0.732238 0.172537 0.441941 0.521801 -0.716541 0.346887 0.378618 
-1.12678 0.0869488 0.136288 -0.670895 -0.952845 -0.91573 0.242114 -0.430858 -0.650617 -0.301887 -0.0135262 0.097984 0.107357 0.67786 -0.0885401 -0.461531 -0.0510577 0.0350729 0.0125433 0.601139 0.299977 0.89376 0.939761 0.761322 0.210581 0.429429 0.551875 -0.763108 0.373428 0.365342 
-1.11107 0.0953973 0.165963 -0.669506 -0.923294 -0.883244 0.24493 -0.513431 -0.536721 -0.202027 -0.0549558 0.0820311 0.156887 0.69917 -0.122177 -0.506695 -0.0206574 -0.0367073 0.112941 0.610198 0.260662 0.887265 0.949634 0.733816 0.146865 0.394412 0.564195 -0.707626 0.458132 0.412482 
-1.04928 0.0868352 0.186869 -0.688799 -0.842597 -0.897396 0.248374 -0.479742 -0.541239 -0.17155 -0.0906189 0.0205048 0.125213 0.704599 -0.109914 -0.458023 -0.00280406 -0.009241 0.0602213 0.632181 0.329706 0.935137 0.901097 0.648436 0.184458 0.497319 0.516566 -0.782617 0.401679 0.476359 
-1.05509 0.148485 0.205624 -0.660513 -0.920246 -0.869821 0.236536 -0.456056 -0.529299 -0.197195 -0.0878424 0.10281 0.15364 0.699177 -0.147294 -0.480926 -0.0202761 -0.0184827 0.0500264 0.639214 0.242777 0.883816 0.96347 0.659059 0.161726 0.366184 0.560069 -0.749578 0.470145 0.405506 
-1.08546 0.0861479 0.194862 -0.689695 -0.919127 -0.846966 0.279585 -0.459745 -0.579565 -0.255308 -0.0295783 0.0557411 0.124212 0.655736 -0.0970129 -0.507152 -0.00429726 -0.0483485 0.0387305 0.597362 0.301541 0.917376 0.962597 0.719433 0.187073 0.415802 0.570507 -0.725256 0.425423 0.423104 
-1.06882 0.0784739 0.185089 -0.691523 -0.926302 -0.866953 0.236472 -0.443777 -0.535316 -0.219363 -0.0780583 0.127635 0.144712 0.661773 -0.178134 -0.500258 0.0449769 0.0338788 0.0661999 0.654313 0.258966 0.928616 0.94842 0.671296 0.170418 0.347682 0.56925 -0.766932 0.470139 0.415659 
-1.07876 0.0766729 0.187692 -0.714465 -0.917863 -0.855759 0.222221 -0.442772 -0.530111 -0.198348 -0.0880182 0.10828 0.123223 0.68646 -0.163417 -0.504301 0.0336026 0.0107871 0.0648119 0.663669 0.276757 0.944677 0.975027 0.688221 0.173125 0.354625 0.595531 -0.762107 0.460067 0.398203 
-1.06993 0.0966529 0.196535 -0.715821 -0.931038 -0.845824 0.217275 -0.439793 -0.526698 -0.217342 -0.0950072 0.152514 0.16913 0.683412 -0.168391 -0.510518 0.0522245 0.0112507 0.0853755 0.653519 0.277198 0.911294 0.957989 0.664683 0.189571 0.33624 0.567846 -0.782099 0.447574 0.426904 
-1.00997 0.0865174 0.166405 -0.658946 -0.888494 -0.866497 0.289861 -0.485952 -0.549878 -0.19328 -0.0642419 0.0565847 0.117498 0.6729 -0.129326 -0.469511 -0.0119984 -0.00913987 0.0530084 0.576649 0.297862 0.870885 0.962813 0.71118 0.241341 0.404705 0.54782 -0.748904 0.471542 0.420709 
-0.99444 0.103095 0.166089 -0.673913 -0.893425 -0.865196 0.290124 -0.490777 -0.532543 -0.204389 -0.0692266 0.0818044 0.140706 0.681958 -0.14883 -0.477322 -0.0353844 -0.0259579 0.0344451 0.603788 0.322651 0.847692 0.975721 0.697586 0.25748 0.430367 0.533501 -0.759948 0.480674 0.441498 
-1.01695 0.0730787 0.172314 -0.678485 -0.865708 -0.893556 0.273507 -0.493214 -0.533218 -0.199376 -0.0434174 0.0803463 0.104939 0.691292 -0.112121 -0.448895 -0.00787448 0.0141603 0.051505 0.588937 0.313679 0.888972 0.948627 0.715764 0.247385 0.431628 0.569759 -0.741711 0.487107 0.401173 
-1.06806 0.0674055 0.175752 -0.686315 -0.861379 -0.850273 0.233537 -0.475821 -0.539311 -0.254747 -0.100178 0.127538 0.120913 0.669461 -0.191901 -0.493289 0.0333339 -0.0293307 0.0664575 0.616345 0.240293 0.931565 0.964459 0.670728 0.210086 0.39619 0.563149 -0.742008 0.437305 0.411433 
-1.07647 0.0888668 0.188749 -0.700915 -0.867287 -0.876504 0.230288 -0.48997 -0.517608 -0.260649 -0.111449 0.143521 0.145996 0.664831 -0.193286 -0.48327 0.0114746 -0.050249 0.0855025 0.610853 0.252018 0.910177 0.959775 0.65584 0.214967 0.421523 0.582945 -0.722806 0.44339 0.410163 
-1.04453 0.0679106 0.184277 -0.710349 -0.867959 -0.841859 0.233163 -0.474479 -0.528771 -0.263132 -0.123662 0.127974 0.114895 0.685516 -0.179701 -0.509173 0.0462397 -0.0384528 0.0641893 0.642083 0.265956 0.95393 0.959581 0.681369 0.236161 0.39901 0.58595 -0.750798 0.411205 0.422092 
-1.01577 0.0151691 0.181524 -0.679685 -0.878807 -0.881484 0.277079 -0.558497 -0.542477 -0.233145 -0.0706835 0.0987481 0.151202 0.620834 -0.0869344 -0.497684 0.00671936 -0.035592 0.0780903 0.598709 0.322621 0.901653 0.954373 0.693926 0.206537 0.392247 0.561215 -0.709856 0.427685 0.472743 
-1.01934 0.00651796 0.179956 -0.673282 -0.892132 -0.872262 0.275004 -0.54661 -0.518125 -0.218553 -0.0562242 0.0717829 0.149896 0.645891 -0.100225 -0.496832 -0.00133331 -0.0627731 0.0972828 0.60455 0.302352 0.898452 0.959287 0.671714 0.18814 0.412708 0.548602 -0.728567 0.44666 0.491933 
-1.00198 0.0285202 0.189681 -0.693168 -0.88574 -0.872807 0.262054 -0.577875 -0.558705 -0.225938 -0.0506398 0.120368 0.172203 0.61778 -0.0891641 -0.500648 -0.0187163 -0.0501597 0.0928376 0.592752 0.315409 0.913514 0.948093 0.679263 0.211262 0.400198 0.557766 -0.729088 0.422001 0.463829 
-1.1296 0.0442636 0.223918 -0.703437 -0.94399 -0.837846 0.221416 -0.424196 -0.495665 -0.213367 -0.0969865 0.089042 0.130966 0.676453 -0.166138 -0.51697 0.0726727 0.0480188 0.0410059 0.659664 0.213649 0.908285 0.893427 0.698322 0.165288 0.332534 0.648857 -0.786287 0.486132 0.39369 
-1.1182 0.0652969 0.245105 -0.70205 -0.95216 -0.827008 0.223688 -0.424301 -0.473837 -0.224016 -0.108362 0.110176 0.150545 0.692478 -0.191742 -0.494428 0.0616895 0.0377091 0.0574448 0.653708 0.229629 0.934134 0.878918 0.687847 0.169381 0.315856 0.630861 -0.800286 0.461202 0.401906 
-1.11815 0.062808 0.235173 -0.717715 -0.950105 -0.836331 0.201721 -0.426908 -0.49686 -0.201918 -0.107033 0.0770537 0.157747 0.670337 -0.171659 -0.531688 0.0716387 0.0314628 0.0286929 0.656645 0.208815 0.929662 0.872504 0.690831 0.176574 0.320974 0.631302 -0.76047 0.462471 0.395619 
-1.0533 0.0524417 0.148144 -0.65558 -0.877788 -0.863491 0.244057 -0.499382 -0.561314 -0.192837 -0.0560591 0.102148 0.116667 0.705463 -0.144122 -0.528473 -0.0149107 -0.0330956 0.0645531 0.546583 0.264491 0.908097 0.95351 0.693371 0.197389 0.383954 0.54303 -0.739698 0.480554 0.410499 
-1.04674 0.0783568 0.149007 -0.636877 -0.875637 -0.873522 0.227519 -0.483857 -0.587796 -0.168156 -0.0597701 0.116821 0.114338 0.72836 -0.127145 -0.539107 -0.00231923 -0.0429802 0.054047 0.519741 0.255874 0.929392 0.978702 0.711345 0.198846 0.364375 0.538003 -0.724861 0.457347 0.388368 
-1.06153 0.0778537 0.13975 -0.666108 -0.897693 -0.866966 0.226395 -0.519613 -0.541962 -0.206781 -0.0497774 0.110204 0.134954 0.68073 -0.162537 -0.554955 -0.0415104 -0.0481161 0.0510534 0.558953 0.248646 0.919824 0.938762 0.711097 0.175926 0.386516 0.562071 -0.751801 0.464135 0.399036 
-1.05397 0.0500959 0.130159 -0.651197 -0.892409 -0.86599 0.311184 -0.506733 -0.563602 -0.193781 -0.0623966 0.0414627 0.116609 0.613255 -0.128821 -0.542286 0.00867608 0.0130982 0.0618855 0.545449 0.343928 0.953329 0.956058 0.715188 0.242783 0.450632 0.545696 -0.707462 0.472147 0.420553 
-1.03656 0.065644 0.149505 -0.64054 -0.868206 -0.882546 0.334168 -0.500694 -0.551911 -0.175125 -0.0483295 0.0375565 0.111349 0.634193 -0.108099 -0.542053 -0.0181117 -0.00605863 0.0842692 0.553235 0.330541 0.958925 0.981772 0.69604 0.269435 0.456043 0.549648 -0.699191 0.473875 0.421328 
-1.03692 0.0232255 0.130426 -0.637123 -0.874939 -0.874033 0.330503 -0.511913 -0.555125 -0.202498 -0.0661647 0.0286383 0.118927 0.621455 -0.132025 -0.565734 0.00309141 -0.0015889 0.0532558 0.535297 0.317011 0.932804 0.942711 0.706318 0.248218 0.448453 0.541983 -0.723408 0.445028 0.405524 
-1.06597 0.0689763 0.158135 -0.686278 -0.892977 -0.831954 0.230596 -0.468035 -0.536579 -0.256072 -0.0975855 0.123739 0.115068 0.665785 -0.17847 -0.478157 0.00408935 -0.0201879 0.0686301 0.626114 0.244319 0.928786 0.964534 0.659456 0.212951 0.35723 0.553331 -0.762693 0.454408 0.408487 
-1.04956 0.0495569 0.139442 -0.674671 -0.905916 -0.830492 0.236732 -0.473692 -0.558725 -0.266642 -0.0985759 0.12901 0.132473 0.686664 -0.153362 -0.490785 0.0175396 -0.0468567 0.056206 0.607068 0.237967 0.921569 0.986904 0.670825 0.217426 0.38119 0.558055 -0.737461 0.464638 0.435488 
-1.06427 0.0722505 0.140458 -0.698734 -0.873578 -0.849399 0.231164 -0.468236 -0.550432 -0.249004 -0.0900089 0.12481 0.110028 0.6726 -0.19422 -0.474805 -0.000348983 -0.0427209 0.0875545 0.65195 0.261885 0.916043 0.94093 0.66945 0.223055 0.363837 0.56313 -0.742645 0.476268 0.414218 
-1.0056 0.0493508 0.207103 -0.674608 -0.834891 -0.863014 0.226481 -0.41621 -0.499218 -0.240113 -0.0855475 0.124376 0.137771 0.630279 -0.196766 -0.43 -0.0507962 0.0143987 0.0342369 0.631905 0.203536 0.918971 0.906569 0.655269 0.134683 0.367756 0.626639 -0.743773 0.43167 0.440918 
-0.9835 0.0452038 0.181383 -0.677133 -0.845467 -0.854004 0.220636 -0.439638 -0.514663 -0.222691 -0.103839 0.141324 0.161569 0.632888 -0.206153 -0.416206 -0.074006 0.0249453 0.0139815 0.617554 0.222353 0.914811 0.931816 0.657196 0.155935 0.344189 0.602011 -0.76129 0.455538 0.449076 
-0.989683 0.0369616 0.183592 -0.65962 -0.848501 -0.840344 0.241548 -0.407766 -0.481656 -0.234736 -0.104932 0.125029 0.150616 0.619115 -0.19054 -0.433172 -0.0619293 0.0320545 0.0363262 0.652416 0.206684 0.902171 0.880322 0.679048 0.14501 0.356765 0.651847 -0.754586 0.412138 0.425773 
-1.05386 0.0587592 0.142089 -0.662966 -0.890928 -0.820214 0.29195 -0.506583 -0.556922 -0.237199 -0.0895153 0.0601379 0.111581 0.634524 -0.185876 -0.488121 0.00645915 -0.0464266 0.0690483 0.569587 0.277725 0.961951 0.956443 0.694164 0.24198 0.406219 0.547128 -0.717414 0.440987 0.417046 
-1.06989 0.0482854 0.132838 -0.652552 -0.897637 -0.835075 0.283435 -0.494373 -0.576703 -0.228253 -0.11162 0.0557632 0.117671 0.619475 -0.211461 -0.508127 0.0176289 -0.0314005 0.0794166 0.570982 0.255527 0.963127 0.963572 0.68752 0.216834 0.39487 0.565587 -0.720146 0.467626 0.420755 
-1.079 0.0558472 0.148802 -0.654764 -0.894275 -0.816177 0.292563 -0.526728 -0.579711 -0.210804 -0.084733 0.0614887 0.128785 0.658259 -0.169284 -0.49982 0.0171506 -0.0211944 0.0663792 0.592246 0.28702 0.98008 0.942608 0.701259 0.229738 0.383288 0.540547 -0.711395 0.453464 0.426729 
-1.0329 0.043292 0.173863 -0.678591 -0.888229 -0.83929 0.278747 -0.545853 -0.543231 -0.237182 -0.0846121 0.0810838 0.114872 0.621705 -0.0907285 -0.490195 0.00655257 -0.0410107 0.0733495 0.586982 0.322163 0.934003 0.95523 0.694015 0.211501 0.393853 0.550683 -0.716581 0.439422 0.442118 
-1.00961 0.0741048 0.181898 -0.669778 -0.874354 -0.864243 0.242639 -0.465868 -0.51104 -0.196441 -0.0843086 0.0736201 0.11832 0.638289 -0.168738 -0.439634 -0.0376268 0.00300194 0.0475025 0.62917 0.2329 0.904265 0.922896 0.658915 0.228682 0.393204 0.569541 -0.744504 0.432755 0.434605 
-1.09325 0.0491097 0.183001 -0.698608 -0.907478 -0.842796 0.224725 -0.456224 -0.514458 -0.247124 -0.098246 0.103968 0.128171 0.670842 -0.179818 -0.508646 0.0629158 0.0161327 0.0582246 0.657277 0.230359 0.909538 0.897248 0.697853 0.170963 0.355202 0.637685 -0.743024 0.463934 0.40422 
-1.04689 0.0761766 0.170739 -0.66593 -0.876838 -0.855539 0.248985 -0.480566 -0.541708 -0.251825 -0.0713464 0.118191 0.120806 0.672306 -0.187434 -0.491601 0.00619885 -0.0203108 0.0664478 0.593468 0.28121 0.931274 0.96342 0.691993 0.237943 0.399764 0.559333 -0.743469 0.443092 0.415324 
-1.00789 0.074137 0.195712 -0.673489 -0.880972 -0.863084 0.266784 -0.437293 -0.54958 -0.224667 -0.0715454 0.117812 0.127756 0.651717 -0.190078 -0.431633 -0.047869 -0.00202591 0.0417052 0.626925 0.227725 0.91225 0.921007 0.663885 0.13944 0.386997 0.584004 -0.745887 0.457591 0.425437 
-1.05718 0.0534083 0.174927 -0.65591 -0.86502 -0.857007 0.23828 -0.482975 -0.551471 -0.209755 -0.0941832 0.121252 0.118312 0.675911 -0.15907 -0.522857 -0.00763865 -0.0295848 0.0656686 0.599881 0.259129 0.928003 0.955163 0.680748 0.197876 0.394396 0.555448 -0.741061 0.455425 0.410603 
-1.05101 0.051338 0.198395 -0.684063 -0.838453 -0.864079 0.234066 -0.420807 -0.534684 -0.219854 -0.0842548 0.126075 0.143395 0.644187 -0.18983 -0.461324 0.0044502 0.0146601 0.0595079 0.637097 0.247985 0.928526 0.941454 0.658288 0.149008 0.362539 0.620645 -0.760729 0.449123 0.424332 
-1.03423 0.0807632 0.167719 -0.681554 -0.887729 -0.861454 0.264373 -0.478824 -0.53978 -0.234913 -0.0947287 0.119945 0.118907 0.671981 -0.162489 -0.490213 -0.00254429 -0.0130996 0.0621382 0.616065 0.278334 0.870922 0.963748 0.710414 0.239016 0.403154 0.557805 -0.742893 0.443533 0.417483 
-1.02233 0.0851385 0.147426 -0.653683 -0.889301 -0.86626 0.293265 -0.504883 -0.552516 -0.193734 -0.0642238 0.0473132 0.117254 0.660077 -0.128895 -0.493935 -0.0110665 0.00986581 0.0565001 0.551734 0.315437 0.936325 0.962334 0.711665 0.242475 0.435303 0.546527 -0.714324 0.471916 0.420665 
-1.09978 0.076665 0.222287 -0.698433 -0.930523 -0.83978 0.231604 -0.42705 -0.515308 -0.218084 -0.0906392 0.0954331 0.133149 0.672772 -0.177227 -0.509777 0.0615326 0.0476617 0.0434868 0.656553 0.239467 0.925065 0.919376 0.687735 0.167086 0.335133 0.638899 -0.767119 0.471978 0.406679 
-1.0353 0.0236485 0.16292 -0.672269 -0.881136 -0.87604 0.298318 -0.547894 -0.558791 -0.229378 -0.0637353 0.0717506 0.149128 0.615525 -0.11652 -0.507359 0.00721553 5.71957e-05 0.0760297 0.582644 0.337741 0.95281 0.954863 0.695649 0.21931 0.402311 0.547564 -0.709335 0.442891 0.464444 
-1.07131 0.0481807 0.218691 -0.686473 -0.874336 -0.843285 0.232113 -0.474504 -0.512302 -0.222176 -0.0993692 0.111772 0.124565 0.674646 -0.187375 -0.506724 0.0457472 -0.0125798 0.0433286 0.658135 0.219921 0.911921 0.932708 0.682974 0.199058 0.361072 0.564805 -0.745985 0.46928 0.396659 
-1.01556 0.0737079 0.149981 -0.656469 -0.890812 -0.866021 0.301905 -0.50054 -0.549893 -0.193507 -0.0640355 0.0475157 0.117179 0.648277 -0.129264 -0.517079 0.000821672 0.00548304 0.0530863 0.562137 0.315767 0.905617 0.958347 0.714925 0.241468 0.405198 0.546864 -0.731547 0.471728 0.420592 
-1.08531 0.0554266 0.184647 -0.690458 -0.925016 -0.833059 0.221702 -0.465575 -0.521243 -0.247431 -0.0973319 0.121522 0.124636 0.666115 -0.170379 -0.482664 0.0525205 0.0160039 0.0555898 0.630857 0.217384 0.917698 0.953702 0.680078 0.169585 0.357184 0.621814 -0.782808 0.476182 0.401873 
-1.05389 0.0524061 0.143881 -0.653394 -0.882956 -0.865521 0.294553 -0.500852 -0.561415 -0.1935 -0.0574045 0.0974776 0.116626 0.653024 -0.133627 -0.530548 -0.00865949 0.00936142 0.0642832 0.545676 0.293729 0.94048 0.953889 0.711065 0.229991 0.444447 0.545077 -0.725947 0.479226 0.414166 
-1.05393 0.0555157 0.134578 -0.655644 -0.891552 -0.841323 0.299919 -0.506654 -0.558331 -0.23072 -0.0843612 0.058474 0.11592 0.616877 -0.14536 -0.533522 0.00684003 -0.000900852 0.0647939 0.54744 0.33225 0.959231 0.956409 0.704118 0.242299 0.41359 0.546716 -0.716591 0.46107 0.4188 
-1.03353 0.0824814 0.180646 -0.68185 -0.896007 -0.866746 0.283947 -0.444359 -0.542249 -0.206105 -0.0651572 0.121772 0.142871 0.666284 -0.149791 -0.4895 0.0297675 0.00687956 0.0564861 0.648214 0.296758 0.876546 0.955735 0.675702 0.187593 0.35766 0.564824 -0.759574 0.470579 0.419647 
-1.01474 0.0706083 0.198716 -0.68534 -0.92558 -0.849669 0.233016 -0.432569 -0.532936 -0.204853 -0.0769567 0.0566018 0.118266 0.674768 -0.132359 -0.496162 0.0238991 0.00877879 0.042356 0.58786 0.271419 0.883902 0.940111 0.702195 0.201561 0.351753 0.557751 -0.754178 0.476125 0.419032 
-1.02906 0.0521632 0.181533 -0.680309 -0.906094 -0.868642 0.274801 -0.455652 -0.541527 -0.225395 -0.0709326 0.117707 0.148973 0.632674 -0.0998725 -0.498717 0.0299265 0.0298579 0.0767578 0.649828 0.290793 0.90737 0.951901 0.685325 0.187494 0.358951 0.566359 -0.753633 0.462623 0.45663 
-1.04294 0.0468043 0.135908 -0.661402 -0.887201 -0.86826 0.290828 -0.516362 -0.550567 -0.213463 -0.0702702 0.0525555 0.141026 0.61729 -0.103236 -0.529172 0.00809542 -0.00345607 0.0680461 0.596395 0.334765 0.907879 0.955096 0.703633 0.2264 0.434239 0.558092 -0.708064 0.450489 0.466913 
