-1.02081 0.0819583 0.181905 -0.729316 -0.796028 -0.910118 0.238991 -0.480101 -0.579051 -0.145519 -0.14112 0.0691691 0.163908 0.705831 -0.153736 -0.513467 0.0422064 -0.0446088 0.0820024 0.59356 0.248962 0.894366 0.935441 0.628717 0.0686149 0.339659 0.502968 -0.795613 0.412281 0.376022 
-1.13194 0.0282995 0.204052 -0.730484 -0.953311 -0.858812 0.194424 -0.413561 -0.471661 -0.213254 -0.10018 0.113709 0.1583 0.668229 -0.177025 -0.491323 0.0797234 0.0353144 0.0625412 0.637141 0.230811 0.933135 0.882944 0.685701 0.151065 0.335919 0.654388 -0.768428 0.482036 0.411482 
-1.11616 0.0659537 0.156395 -0.688192 -0.965682 -0.92354 0.251113 -0.445001 -0.667939 -0.299593 -0.00541008 0.0752221 0.107931 0.67103 -0.0897443 -0.474674 -0.0477469 0.054073 -0.0077146 0.609293 0.287408 0.881095 0.944769 0.754153 0.184746 0.433927 0.534528 -0.763115 0.362262 0.387717 
-1.03339 0.0526568 0.153816 -0.642906 -0.900479 -0.880362 0.337972 -0.511003 -0.568698 -0.220207 -0.0578492 0.0379519 0.0953856 0.634565 -0.113334 -0.561038 -0.0185142 -0.00367753 0.0651903 0.520847 0.327081 0.956823 0.974796 0.698114 0.257223 0.454755 0.564185 -0.700949 0.483206 0.418121 
-1.02477 0.110861 0.154176 -0.685778 -0.906035 -0.817026 0.201974 -0.51567 -0.558003 -0.250645 -0.0581856 0.0454237 0.133445 0.660117 -0.171884 -0.496735 0.0122621 0.0178631 0.0682875 0.626151 0.284879 0.922507 0.962286 0.686607 0.199297 0.437746 0.499951 -0.74341 0.399129 0.416221 
-1.00693 0.0714194 0.187214 -0.684555 -0.90797 -0.848705 0.287197 -0.46095 -0.551242 -0.247833 -0.0704866 0.139091 0.149194 0.643319 -0.175271 -0.44357 -0.0662709 0.00707523 0.0445866 0.60626 0.215772 0.888877 0.904803 0.657004 0.138829 0.359567 0.566651 -0.72711 0.451748 0.401097 
-1.10922 0.0574925 0.149992 -0.600336 -0.893044 -0.811304 0.269905 -0.450688 -0.567678 -0.218147 -0.0668056 0.0600869 0.144806 0.670667 -0.149562 -0.531955 -0.00147108 0.0375977 0.0489471 0.545061 0.280774 0.927995 0.958778 0.718911 0.159946 0.457307 0.500103 -0.712402 0.370129 0.390637 
-1.02342 0.146557 0.174188 -0.699855 -0.919091 -0.913946 0.245802 -0.467121 -0.603958 -0.205153 -0.113694 0.159627 0.117286 0.596201 -0.176453 -0.453771 0.00266638 0.0360227 0.144082 0.615025 0.26489 0.97275 0.854917 0.670205 0.152428 0.467822 0.637625 -0.798517 0.510666 0.399369 
-1.07323 0.0748514 0.185627 -0.715854 -0.902728 -0.901156 0.261079 -0.459721 -0.542055 -0.229027 -0.097014 0.107915 0.133802 0.640314 -0.170248 -0.520507 -0.0273452 -0.0105706 0.145286 0.674286 0.250198 0.865946 0.874668 0.673629 0.149598 0.464421 0.529375 -0.733481 0.474415 0.420452 
-1.01857 0.0627872 0.199818 -0.693354 -0.880244 -0.884987 0.2654 -0.439322 -0.520246 -0.181589 -0.109294 0.0583044 0.126998 0.621757 -0.1752 -0.416202 -0.0558808 0.00720557 0.0236878 0.655181 0.221783 0.922785 0.904325 0.675504 0.236129 0.385848 0.568407 -0.74784 0.4422 0.408263 
-1.05742 0.0715498 0.144376 -0.69596 -0.968459 -0.91481 0.300412 -0.447115 -0.536542 -0.283433 -0.0416059 0.0544735 0.121572 0.657723 -0.148439 -0.501851 0.0275655 -0.00369014 0.0913628 0.667193 0.28644 0.935528 0.974711 0.688288 0.145656 0.383935 0.565237 -0.709459 0.402986 0.391111 
-1.01011 0.0783243 0.176788 -0.682318 -0.8402 -0.835924 0.204828 -0.519803 -0.541597 -0.207696 -0.0611274 0.0641958 0.171841 0.663512 -0.129341 -0.474679 0.00965894 0.036077 0.0924634 0.60687 0.309941 0.860345 0.923628 0.683889 0.166236 0.379068 0.554232 -0.829118 0.436028 0.445738 
-1.03112 0.0632825 0.155334 -0.641187 -0.892605 -0.865825 0.301302 -0.51901 -0.543195 -0.170389 -0.0675393 0.0271437 0.117627 0.66628 -0.123886 -0.516167 -0.0112624 -0.000590101 0.0749051 0.570264 0.338155 0.950941 0.973782 0.710415 0.21987 0.417482 0.540441 -0.713111 0.497934 0.438283 
-1.03664 0.107291 0.176471 -0.699241 -0.822911 -0.842517 0.265323 -0.492883 -0.587067 -0.244552 -0.12943 0.0643667 0.116434 0.650706 -0.0846041 -0.432984 -0.0023255 0.0311572 0.0757238 0.664704 0.344135 0.907918 0.958901 0.63514 0.195352 0.41032 0.546397 -0.723238 0.447736 0.380533 
-1.04357 0.0701017 0.151054 -0.665569 -0.855957 -0.885983 0.273792 -0.498824 -0.537076 -0.206719 -0.0565621 0.0896896 0.103074 0.673837 -0.138121 -0.526762 0.0156686 0.0243071 0.0386697 0.546972 0.286929 0.962463 0.929918 0.723074 0.241195 0.433733 0.539013 -0.706939 0.466467 0.390863 
-0.999635 0.0856133 0.176315 -0.66342 -0.866836 -0.903544 0.275864 -0.496669 -0.528811 -0.21303 -0.0682066 0.0574334 0.106941 0.689446 -0.0952916 -0.463842 -0.0242221 0.0391828 0.0388615 0.586581 0.311088 0.906695 0.969573 0.741856 0.251007 0.441423 0.587665 -0.72658 0.465423 0.404198 
-1.01344 0.0643294 0.183799 -0.668102 -0.898585 -0.817114 0.272646 -0.565992 -0.559333 -0.235736 -0.0994678 0.101071 0.0986493 0.644255 -0.111031 -0.468783 0.00800039 -0.048988 0.0978977 0.592321 0.313692 0.955873 0.96991 0.719029 0.19518 0.374059 0.564958 -0.723464 0.44709 0.463344 
-0.995097 0.167804 0.182732 -0.697111 -0.877074 -0.845695 0.225007 -0.506644 -0.546569 -0.154652 -0.0886757 0.0515161 0.100288 0.690217 -0.146738 -0.448097 -0.0664507 -0.0183991 -0.0102834 0.594213 0.270943 0.861641 0.977984 0.730204 0.166813 0.393943 0.561791 -0.73924 0.445632 0.459254 
-1.0114 0.0795658 0.177849 -0.647315 -0.834548 -0.861172 0.197221 -0.535896 -0.505272 -0.17956 -0.0335414 0.0504678 0.186714 0.586063 -0.225767 -0.471039 -0.0255991 -0.0418029 0.0523437 0.550366 0.294972 0.892586 0.909833 0.653748 0.20144 0.420298 0.563673 -0.803935 0.453851 0.45327 
-1.03913 0.0523305 0.173621 -0.643311 -0.88412 -0.84491 0.28775 -0.526283 -0.536795 -0.173651 -0.0660943 0.0393839 0.12081 0.637941 -0.144786 -0.525606 -0.00875205 0.000263626 0.0688244 0.581898 0.327389 0.912791 0.943157 0.737155 0.240257 0.380122 0.571272 -0.750656 0.490215 0.431341 
-1.09372 0.103748 0.184245 -0.682825 -0.901205 -0.85389 0.235688 -0.431108 -0.515173 -0.235079 -0.0622482 0.116954 0.129648 0.653612 -0.200971 -0.511283 0.0346168 0.0325623 0.0619554 0.639812 0.285514 0.955816 0.961505 0.684801 0.180747 0.360523 0.573432 -0.766652 0.494782 0.43369 
-1.08507 0.0607633 0.146011 -0.661426 -0.886739 -0.802791 0.307948 -0.541428 -0.596554 -0.235626 -0.105422 0.0660504 0.140062 0.653998 -0.18546 -0.520341 -0.00699049 -0.0189487 0.0409222 0.578089 0.282366 0.968133 0.95509 0.696022 0.246089 0.401872 0.529059 -0.691816 0.471436 0.416406 
-1.12974 0.109726 0.154528 -0.63404 -0.962316 -0.919006 0.230596 -0.354591 -0.654661 -0.33123 -0.00812062 0.0806606 0.109982 0.674384 -0.0634658 -0.475981 -0.027935 -0.00454441 0.0141622 0.531774 0.281334 0.880815 0.994381 0.7348 0.207558 0.362588 0.593949 -0.7869 0.348207 0.348221 
-1.0918 0.0846208 0.180421 -0.686609 -0.888028 -0.846208 0.241111 -0.468166 -0.532735 -0.241066 -0.108799 0.141716 0.130348 0.692358 -0.195608 -0.50788 0.0534967 -0.0541234 0.0660992 0.610168 0.227475 0.922026 0.958552 0.663325 0.209178 0.423342 0.561237 -0.722854 0.417772 0.400418 
-1.08122 0.124598 0.227143 -0.684381 -0.918041 -0.859561 0.220215 -0.465518 -0.533331 -0.211742 -0.0956248 0.0951695 0.151968 0.678729 -0.133043 -0.50567 -0.0253316 0.00246564 0.0322949 0.627381 0.224665 0.903134 0.958123 0.635066 0.158066 0.346269 0.581124 -0.773693 0.493881 0.410663 
-1.07271 0.0793513 0.162197 -0.640289 -0.89759 -0.793388 0.285455 -0.490757 -0.564808 -0.219558 -0.114663 0.0348468 0.127334 0.659395 -0.174068 -0.493857 0.00389999 -0.0316963 0.0944302 0.548474 0.261562 0.946157 0.981889 0.684401 0.267987 0.390234 0.562557 -0.701896 0.427634 0.410491 
-1.00324 0.0944857 0.164711 -0.66695 -0.904918 -0.871466 0.265912 -0.496887 -0.542471 -0.18488 -0.0898326 0.0296953 0.131957 0.688517 -0.102338 -0.496705 0.00841183 -0.0280564 0.0306301 0.554449 0.310585 0.856803 0.95864 0.717625 0.214041 0.392668 0.549055 -0.756724 0.48397 0.424288 
-1.08395 0.0975146 0.148874 -0.647967 -0.901867 -0.909098 0.243667 -0.510333 -0.560139 -0.203292 -0.0402933 0.0549469 0.117567 0.689259 -0.14143 -0.504394 0.0543417 -0.0174008 0.060184 0.567811 0.36128 0.916598 0.904582 0.699633 0.211487 0.414648 0.553994 -0.769919 0.462125 0.432058 
-0.984925 0.0646967 0.154228 -0.66536 -0.862956 -0.841938 0.250473 -0.513161 -0.588325 -0.225337 -0.065488 0.103922 0.144674 0.647669 -0.199294 -0.525999 -0.00313415 -0.0335592 0.0363061 0.614557 0.266815 0.958718 0.976149 0.689776 0.199828 0.443523 0.508332 -0.744655 0.445821 0.437839 
-1.071 0.0301737 0.207948 -0.667749 -0.834097 -0.873812 0.238936 -0.432296 -0.53909 -0.210641 -0.0795254 0.142355 0.128723 0.642341 -0.216517 -0.444777 0.000674084 -0.00880173 0.0742317 0.657558 0.243382 0.907919 0.960309 0.675893 0.155895 0.342237 0.621179 -0.736007 0.449453 0.407664 
-1.09837 0.0870571 0.22976 -0.696112 -0.941466 -0.836794 0.217783 -0.40065 -0.491679 -0.217166 -0.111575 0.0690587 0.178533 0.691905 -0.194151 -0.558722 0.0908614 0.00559254 0.0510381 0.632091 0.218364 0.911008 0.886219 0.664407 0.200622 0.303005 0.616876 -0.758695 0.489221 0.384477 
-1.00996 0.0298744 0.208561 -0.704911 -0.920829 -0.857497 0.270258 -0.474399 -0.523302 -0.235409 -0.0964445 0.107023 0.1701 0.623454 -0.119615 -0.472107 0.0202395 0.0221231 0.0793807 0.673057 0.313131 0.909299 0.973701 0.686551 0.183103 0.359086 0.550109 -0.765267 0.468024 0.479094 
-1.06735 0.0617886 0.12277 -0.675953 -0.896539 -0.885152 0.265675 -0.473298 -0.558001 -0.205965 -0.0665228 0.115134 0.112479 0.683946 -0.126914 -0.517915 -0.0148379 -0.0225117 0.0612247 0.520587 0.257897 0.884473 0.934301 0.714959 0.223596 0.395351 0.52794 -0.722061 0.468084 0.414709 
-1.0694 0.0262531 0.181106 -0.643297 -0.884146 -0.868911 0.251748 -0.462254 -0.57128 -0.206721 -0.112095 0.12904 0.0933354 0.675431 -0.164247 -0.531107 -0.0326755 -0.0254968 0.0623107 0.611099 0.237852 0.948821 0.941297 0.696197 0.213805 0.368275 0.540457 -0.752511 0.445807 0.431807 
-1.01686 0.0713287 0.20437 -0.658178 -0.936947 -0.857385 0.226629 -0.406724 -0.51196 -0.230185 -0.0731732 0.0444171 0.133487 0.678524 -0.135284 -0.52197 0.0506494 0.0135354 0.0576165 0.5967 0.260892 0.907656 0.966764 0.712241 0.178212 0.360513 0.553512 -0.780826 0.465629 0.443033 
-1.04298 0.0819195 0.182016 -0.704421 -0.881551 -0.832004 0.201482 -0.438973 -0.560391 -0.203641 -0.0790064 0.119649 0.10215 0.706499 -0.129657 -0.474524 -0.0152032 -0.0476988 0.112645 0.7197 0.285585 0.898363 0.921537 0.683605 0.133373 0.403778 0.535421 -0.754407 0.527786 0.400328 
-1.07425 0.0925412 0.212064 -0.705007 -0.934122 -0.838839 0.23058 -0.443458 -0.510203 -0.214757 -0.112254 0.0700676 0.147758 0.673911 -0.168076 -0.512365 0.0511995 0.0438739 0.0568875 0.645618 0.240071 0.912798 0.935781 0.693259 0.192558 0.313156 0.613405 -0.786347 0.450168 0.385963 
-1.05667 0.0510582 0.148847 -0.687922 -0.865653 -0.860502 0.213136 -0.454467 -0.528973 -0.261152 -0.0967052 0.11657 0.107094 0.654113 -0.212137 -0.467724 0.0102491 -0.0651085 0.10289 0.675468 0.252882 0.93045 0.93214 0.647733 0.216094 0.353212 0.55196 -0.728753 0.469859 0.403289 
-1.06861 0.0983424 0.167933 -0.626168 -0.861963 -0.861373 0.234284 -0.473791 -0.562607 -0.191756 -0.0631844 0.123984 0.104413 0.733094 -0.131914 -0.534719 -0.00864282 -0.0592182 0.0464151 0.539889 0.264378 0.918835 0.996767 0.690404 0.173252 0.371835 0.553597 -0.707766 0.466773 0.363395 
-0.974778 0.0569317 0.194701 -0.670126 -0.866487 -0.830274 0.221836 -0.417411 -0.51934 -0.19938 -0.0930977 0.122505 0.185075 0.655706 -0.226659 -0.436446 -0.0483764 0.0384036 0.020324 0.643467 0.246022 0.935905 0.94576 0.655914 0.145998 0.331658 0.623969 -0.77504 0.440043 0.45371 
-1.13497 0.0785838 0.250718 -0.680253 -0.936031 -0.839628 0.227416 -0.422923 -0.463878 -0.242059 -0.0870027 0.117085 0.159044 0.681461 -0.203172 -0.497824 0.0846387 0.0245769 0.0615004 0.654333 0.247343 0.941166 0.88135 0.695467 0.185492 0.307592 0.623482 -0.80652 0.44766 0.386379 
-1.09675 0.0784539 0.147087 -0.621485 -0.885657 -0.857524 0.240334 -0.574532 -0.542085 -0.202882 -0.072314 0.0326919 0.131814 0.621625 -0.148225 -0.51762 -0.0213293 0.018701 0.0549392 0.621386 0.27528 0.907151 0.926994 0.709647 0.194809 0.385656 0.511433 -0.684808 0.400847 0.430296 
-0.984225 0.112366 0.190096 -0.697548 -0.892935 -0.885278 0.282003 -0.481244 -0.51664 -0.181563 -0.0908353 0.0585268 0.127709 0.655727 -0.148773 -0.500575 -0.02919 -0.00611219 0.0179304 0.608547 0.336261 0.859477 0.94974 0.676978 0.262654 0.446664 0.510938 -0.756475 0.456541 0.433821 
-1.007 0.00849837 0.206489 -0.672751 -0.864988 -0.876719 0.271914 -0.563525 -0.499162 -0.223036 -0.0645762 0.0933183 0.153877 0.630121 -0.0802168 -0.490328 -0.00840611 -0.0370898 0.0915783 0.614817 0.279431 0.906147 0.964593 0.683208 0.163215 0.398738 0.529215 -0.729711 0.450581 0.515709 
-1.09288 0.12833 0.141933 -0.689506 -0.897701 -0.881138 0.208518 -0.454904 -0.520447 -0.195898 -0.0939176 0.0822424 0.1446 0.681995 -0.18227 -0.46742 0.0267447 0.0350735 0.0623983 0.612066 0.27672 0.991791 0.968828 0.633299 0.201779 0.401743 0.573213 -0.731932 0.429173 0.421507 
-1.03934 0.0683444 0.13735 -0.673578 -0.891882 -0.83099 0.285924 -0.510603 -0.535649 -0.252504 -0.0716462 0.0809213 0.129481 0.61439 -0.150235 -0.546067 0.0129074 0.00569795 0.0797759 0.545903 0.347555 0.956438 0.96947 0.705817 0.238928 0.399559 0.571168 -0.707018 0.459189 0.438661 
-1.03075 0.0284591 0.109042 -0.664693 -0.907346 -0.881823 0.297786 -0.530265 -0.538317 -0.211436 -0.0789255 0.0492257 0.123395 0.633789 -0.122952 -0.545879 -0.00648531 -0.00181326 0.0790578 0.572813 0.357917 0.916101 0.981567 0.716901 0.227647 0.427336 0.582194 -0.687136 0.440031 0.483544 
-0.965825 0.195431 0.137303 -0.621762 -0.903247 -0.872918 0.205899 -0.446651 -0.492154 -0.219454 -0.0384383 0.131608 0.16565 0.673402 -0.120812 -0.499598 -0.0243487 0.0132984 0.123269 0.639611 0.267017 0.8477 0.970494 0.699938 0.130293 0.403153 0.534076 -0.728792 0.507048 0.445044 
-1.04797 0.0603124 0.161212 -0.673082 -0.886515 -0.837405 0.219864 -0.480272 -0.559236 -0.273151 -0.119807 0.135089 0.135868 0.68551 -0.194014 -0.476682 0.0085806 -0.0182415 0.0572592 0.622119 0.222181 0.905425 0.963996 0.660445 0.230515 0.340703 0.565158 -0.745612 0.439027 0.402033 
-1.03632 0.12389 0.212265 -0.647268 -0.868192 -0.851373 0.228616 -0.468021 -0.535309 -0.198278 -0.0795918 0.116332 0.156324 0.642259 -0.180761 -0.504424 -0.0142752 -0.0249797 0.0916176 0.654002 0.271629 0.9208 0.966649 0.651101 0.0954764 0.412851 0.550265 -0.788028 0.515282 0.458972 
-1.03423 0.0807632 0.167719 -0.681554 -0.887729 -0.861454 0.264373 -0.478824 -0.53978 -0.234913 -0.0947287 0.119945 0.118907 0.671981 -0.162489 -0.490213 -0.00254429 -0.0130996 0.0621382 0.616065 0.278334 0.870922 0.963748 0.710414 0.239016 0.403154 0.557805 -0.742893 0.443533 0.417483 
-1.03726 0.0866875 0.189149 -0.698594 -0.900295 -0.882942 0.259537 -0.452488 -0.537734 -0.24685 -0.0786977 0.112006 0.0974431 0.696154 -0.172284 -0.491427 0.0111211 0.00461292 0.0379049 0.614902 0.287772 0.862193 0.947066 0.723083 0.230926 0.391271 0.542357 -0.74685 0.43207 0.402013 
-1.05298 0.100188 0.144028 -0.665178 -0.881242 -0.884487 0.265385 -0.452562 -0.559464 -0.209177 -0.094317 0.100106 0.128693 0.698798 -0.154213 -0.511138 0.00535955 -0.0146527 0.0699076 0.600518 0.286212 0.85893 0.950292 0.699674 0.255236 0.391245 0.555347 -0.723397 0.435338 0.416566 
-1.08925 0.035253 0.160556 -0.717841 -0.833752 -0.786683 0.217885 -0.501349 -0.559677 -0.256021 -0.104921 0.0767647 0.146484 0.696852 -0.193781 -0.438744 0.0064679 -0.0721033 0.0547534 0.577071 0.229719 0.998975 0.936731 0.614443 0.261278 0.372641 0.573657 -0.719961 0.4393 0.400869 
-1.06812 0.00882886 0.140453 -0.719111 -0.827921 -0.769177 0.235414 -0.52336 -0.535699 -0.231865 -0.0838359 0.0783178 0.130437 0.676978 -0.204111 -0.44163 0.0293665 -0.0537089 0.0290248 0.563247 0.225901 1.00106 0.954646 0.60348 0.251998 0.357301 0.582136 -0.725373 0.419122 0.385181 
-1.06353 0.0526905 0.172983 -0.720403 -0.854388 -0.759864 0.205366 -0.496605 -0.566663 -0.279105 -0.109334 0.0901106 0.138903 0.705081 -0.180382 -0.461454 0.022168 -0.0678197 0.0301721 0.563899 0.244996 0.981432 0.936489 0.638143 0.286733 0.362605 0.552993 -0.737881 0.43472 0.395097 
-1.04689 0.0761766 0.170739 -0.66593 -0.876838 -0.855539 0.248985 -0.480566 -0.541708 -0.251825 -0.0713464 0.118191 0.120806 0.672306 -0.187434 -0.491601 0.00619885 -0.0203108 0.0664478 0.593468 0.28121 0.931274 0.96342 0.691993 0.237943 0.399764 0.559333 -0.743469 0.443092 0.415324 
-1.06906 0.0524034 0.150536 -0.688301 -0.88629 -0.83107 0.266156 -0.461171 -0.551678 -0.236532 -0.0483084 0.0996454 0.112675 0.652449 -0.166474 -0.496332 0.00622318 -0.0269107 0.0478789 0.602158 0.303988 0.943993 0.961577 0.688787 0.223519 0.39856 0.578378 -0.722614 0.452246 0.390468 
-1.06402 0.0751056 0.187475 -0.64884 -0.862924 -0.872719 0.222296 -0.479622 -0.539094 -0.238258 -0.0554003 0.099268 0.13066 0.679833 -0.170885 -0.481939 0.0237629 -0.0333753 0.0785634 0.59699 0.279199 0.917992 0.985381 0.669935 0.246712 0.382291 0.548429 -0.723797 0.426985 0.415538 
-1.03656 0.065644 0.149505 -0.64054 -0.868206 -0.882546 0.334168 -0.500694 -0.551911 -0.175125 -0.0483295 0.0375565 0.111349 0.634193 -0.108099 -0.542053 -0.0181117 -0.00605863 0.0842692 0.553235 0.330541 0.958925 0.981772 0.69604 0.269435 0.456043 0.549648 -0.699191 0.473875 0.421328 
-1.04037 0.0510678 0.126173 -0.615771 -0.888037 -0.879709 0.322768 -0.509822 -0.550103 -0.198931 -0.0339876 0.0611767 0.107909 0.658617 -0.119539 -0.532617 -0.0397218 -0.00599919 0.108456 0.534323 0.313411 0.983587 0.997437 0.716034 0.279223 0.480894 0.56324 -0.675373 0.460071 0.401974 
-1.04909 0.0479511 0.143473 -0.616685 -0.852334 -0.862489 0.321544 -0.497639 -0.543185 -0.151006 -0.0707937 0.0219172 0.101852 0.620722 -0.0981302 -0.532466 -0.0410847 -0.00287781 0.0935524 0.554227 0.352944 0.971209 1.00164 0.694738 0.285705 0.468646 0.544278 -0.683849 0.486099 0.41039 
-1.0829 0.0881623 0.247588 -0.645996 -0.918756 -0.843226 0.237083 -0.449029 -0.54566 -0.192264 -0.0730361 0.14264 0.19813 0.635912 -0.206982 -0.530657 0.0974951 0.0347273 0.0461762 0.626004 0.23827 0.944379 0.897371 0.694417 0.181857 0.295244 0.597173 -0.80846 0.531956 0.419551 
-1.10836 0.0710386 0.234398 -0.619894 -0.925711 -0.862393 0.249295 -0.447787 -0.562524 -0.176167 -0.0977057 0.125769 0.175457 0.6395 -0.212684 -0.541355 0.097037 0.0212183 0.0249965 0.624887 0.259858 0.950295 0.903007 0.70728 0.181149 0.294788 0.578616 -0.78149 0.552619 0.428093 
-1.08083 0.0761316 0.26288 -0.66601 -0.94479 -0.858975 0.214303 -0.454494 -0.555967 -0.180592 -0.0597597 0.118111 0.186458 0.643727 -0.181968 -0.530937 0.0733545 0.0507416 0.0702528 0.606077 0.242065 0.958905 0.894961 0.716597 0.197243 0.311555 0.591515 -0.811735 0.521248 0.419648 
-1.10256 0.0847162 0.171573 -0.687383 -0.887129 -0.903153 0.215128 -0.426379 -0.540145 -0.299195 -0.0545232 0.124342 0.127279 0.646477 -0.158176 -0.45973 -0.0240227 -0.0346785 0.0454869 0.587681 0.240151 0.897622 0.974977 0.732095 0.187128 0.388452 0.545109 -0.724168 0.432925 0.386901 
-1.08718 0.0639383 0.18116 -0.661435 -0.892683 -0.902463 0.188773 -0.423978 -0.543986 -0.305656 -0.0669325 0.141397 0.154119 0.641439 -0.164463 -0.43735 -0.00275072 -0.0134743 0.0572286 0.607334 0.213626 0.912872 0.984393 0.7549 0.213398 0.406265 0.548852 -0.72501 0.456805 0.377758 
-1.11512 0.0678409 0.156249 -0.672192 -0.869971 -0.883753 0.227451 -0.445522 -0.534561 -0.309407 -0.069999 0.136125 0.139588 0.649031 -0.184823 -0.474344 -0.0310224 -0.0291466 0.0315964 0.565164 0.220907 0.906907 1.00065 0.713833 0.166215 0.371522 0.529059 -0.71953 0.416623 0.41222 
-1.04956 0.0495569 0.139442 -0.674671 -0.905916 -0.830492 0.236732 -0.473692 -0.558725 -0.266642 -0.0985759 0.12901 0.132473 0.686664 -0.153362 -0.490785 0.0175396 -0.0468567 0.056206 0.607068 0.237967 0.921569 0.986904 0.670825 0.217426 0.38119 0.558055 -0.737461 0.464638 0.435488 
-1.07254 0.073114 0.131525 -0.65415 -0.926242 -0.813377 0.24738 -0.462876 -0.550032 -0.256024 -0.106682 0.104519 0.126489 0.662518 -0.158538 -0.509071 0.00865122 -0.0323235 0.0622851 0.624062 0.242468 0.906409 1.01283 0.665735 0.229409 0.385478 0.569195 -0.761819 0.450245 0.458049 
-1.02701 0.0742699 0.145271 -0.664577 -0.925894 -0.830138 0.245003 -0.456448 -0.551547 -0.283227 -0.078712 0.140084 0.141941 0.706074 -0.135782 -0.51406 0.039322 -0.0700945 0.0831574 0.584388 0.211651 0.943876 1.01197 0.658857 0.219033 0.355215 0.582157 -0.730413 0.484049 0.45277 
-1.07647 0.0888668 0.188749 -0.700915 -0.867287 -0.876504 0.230288 -0.48997 -0.517608 -0.260649 -0.111449 0.143521 0.145996 0.664831 -0.193286 -0.48327 0.0114746 -0.050249 0.0855025 0.610853 0.252018 0.910177 0.959775 0.65584 0.214967 0.421523 0.582945 -0.722806 0.44339 0.410163 
-1.06362 0.115764 0.178474 -0.724869 -0.843328 -0.900368 0.233806 -0.51213 -0.49407 -0.263886 -0.0912721 0.1432 0.168271 0.691115 -0.21063 -0.498074 0.00383623 -0.0471566 0.10561 0.589841 0.259511 0.931811 0.977615 0.663498 0.232429 0.446337 0.606346 -0.709306 0.466423 0.397623 
-1.07587 0.0841187 0.180958 -0.698166 -0.841519 -0.887234 0.253193 -0.501201 -0.521084 -0.274494 -0.124664 0.150152 0.163033 0.645542 -0.18514 -0.460135 -0.0145367 -0.0507468 0.0803218 0.607148 0.227818 0.928333 0.96719 0.668849 0.228073 0.428757 0.588161 -0.728684 0.463264 0.394093 
-1.08531 0.0554266 0.184647 -0.690458 -0.925016 -0.833059 0.221702 -0.465575 -0.521243 -0.247431 -0.0973319 0.121522 0.124636 0.666115 -0.170379 -0.482664 0.0525205 0.0160039 0.0555898 0.630857 0.217384 0.917698 0.953702 0.680078 0.169585 0.357184 0.621814 -0.782808 0.476182 0.401873 
-1.11147 0.0350354 0.192078 -0.711255 -0.92148 -0.826598 0.23027 -0.444751 -0.522372 -0.22655 -0.0830765 0.14802 0.127924 0.673272 -0.179903 -0.479416 0.0304475 0.0277343 0.0644719 0.624855 0.208492 0.940888 0.928734 0.667562 0.178153 0.344839 0.631871 -0.773585 0.46782 0.40069 
-1.08699 0.0428984 0.189725 -0.668361 -0.912591 -0.827182 0.218487 -0.480593 -0.541898 -0.243447 -0.102097 0.10924 0.108346 0.640192 -0.185131 -0.477497 0.0566149 0.0140489 0.0791705 0.634594 0.194667 0.921651 0.942313 0.701179 0.162937 0.359056 0.648077 -0.80888 0.473027 0.413972 
-1.06989 0.0482854 0.132838 -0.652552 -0.897637 -0.835075 0.283435 -0.494373 -0.576703 -0.228253 -0.11162 0.0557632 0.117671 0.619475 -0.211461 -0.508127 0.0176289 -0.0314005 0.0794166 0.570982 0.255527 0.963127 0.963572 0.68752 0.216834 0.39487 0.565587 -0.720146 0.467626 0.420755 
-1.05222 0.0293726 0.118771 -0.631556 -0.891353 -0.832729 0.293819 -0.503694 -0.588542 -0.2403 -0.114101 0.0729846 0.114603 0.634825 -0.234243 -0.521668 -0.00371593 -0.0220563 0.0689645 0.585812 0.229124 0.957156 0.98669 0.675782 0.198559 0.383892 0.580475 -0.734473 0.44882 0.400709 
-1.05564 0.0306039 0.10949 -0.657432 -0.87797 -0.827501 0.278889 -0.472083 -0.602857 -0.236336 -0.0889921 0.0340347 0.108072 0.636236 -0.203822 -0.497239 -0.000402246 -0.0131837 0.0530154 0.589542 0.2651 0.955798 0.968113 0.689586 0.192791 0.379099 0.584615 -0.695409 0.463918 0.433562 
-1.06853 0.0802666 0.150835 -0.694751 -0.899332 -0.855008 0.232036 -0.489126 -0.557194 -0.26326 -0.0992722 0.138164 0.1331 0.670742 -0.154227 -0.485417 0.0155188 -0.0493317 0.083994 0.608143 0.245343 0.911651 0.969906 0.662273 0.215626 0.398584 0.571454 -0.730888 0.460894 0.413231 
-1.07955 0.0775222 0.142194 -0.658484 -0.892174 -0.90098 0.250299 -0.464343 -0.568226 -0.287881 -0.0741316 0.111804 0.122981 0.622464 -0.186719 -0.500748 -0.00299433 -0.0328428 0.0554005 0.587192 0.242849 0.94281 0.972066 0.715335 0.210071 0.389789 0.548731 -0.720606 0.440744 0.388282 
-1.06003 0.0485971 0.135449 -0.67281 -0.904996 -0.832236 0.270335 -0.478971 -0.567747 -0.230373 -0.0989522 0.101222 0.131528 0.634519 -0.15915 -0.501566 0.0175803 -0.0332063 0.0596886 0.606407 0.241655 0.947002 0.972292 0.680276 0.217021 0.386472 0.563972 -0.731573 0.465354 0.422361 
-1.05165 0.053201 0.15219 -0.687332 -0.921945 -0.831055 0.226298 -0.467693 -0.528301 -0.254515 -0.0977605 0.123534 0.131796 0.682209 -0.158642 -0.487693 0.0349601 -0.00807631 0.0560397 0.612043 0.237906 0.920798 0.955011 0.679601 0.215675 0.362523 0.586016 -0.751823 0.468261 0.427715 
-1.0368 0.0741051 0.167565 -0.680844 -0.898573 -0.833048 0.246107 -0.476988 -0.554411 -0.237473 -0.0972568 0.120507 0.130145 0.681422 -0.159297 -0.490288 0.0105449 -0.0409738 0.0578207 0.611397 0.248986 0.893162 0.976876 0.703824 0.226248 0.396247 0.5579 -0.739526 0.460222 0.426436 
-1.07386 0.0663656 0.151758 -0.644053 -0.874414 -0.888828 0.320985 -0.434706 -0.550331 -0.279657 -0.049516 0.0531746 0.118682 0.642673 -0.111093 -0.535663 -0.0205539 -0.022425 0.0596635 0.58697 0.26725 0.927425 0.976134 0.70145 0.193957 0.427948 0.548618 -0.707232 0.450677 0.400423 
-1.07193 0.0812163 0.14113 -0.659143 -0.910043 -0.839007 0.236762 -0.470139 -0.553033 -0.228302 -0.0876405 0.139575 0.139134 0.678211 -0.154678 -0.515838 0.0570036 -0.00864156 0.0544122 0.607402 0.238236 0.943934 0.947536 0.670918 0.197103 0.316082 0.589588 -0.778527 0.515569 0.422255 
-1.05648 0.0773305 0.235511 -0.642168 -0.875269 -0.88067 0.268828 -0.455181 -0.548098 -0.186408 -0.0666456 0.133355 0.187351 0.635755 -0.132702 -0.532297 0.087651 0.00580002 0.080177 0.600612 0.262673 0.953345 0.917536 0.695098 0.184955 0.299509 0.570991 -0.703319 0.498738 0.420284 
-1.10032 0.0505465 0.169028 -0.714476 -0.876567 -0.841648 0.215908 -0.438206 -0.544704 -0.296472 -0.0696171 0.119493 0.133201 0.687996 -0.163883 -0.445559 0.00238836 -0.042726 0.0529678 0.581732 0.234852 0.955857 0.965475 0.729963 0.254543 0.383621 0.547968 -0.723311 0.436972 0.395358 
-1.03608 0.0694282 0.149579 -0.650529 -0.876871 -0.878007 0.277637 -0.489681 -0.541009 -0.232177 -0.0485936 0.0965865 0.112263 0.662393 -0.138417 -0.525134 -0.014353 -0.0127525 0.0782165 0.587836 0.312475 0.922007 0.970023 0.708158 0.263426 0.42393 0.556497 -0.709307 0.459495 0.417923 
-1.10122 0.0598494 0.173539 -0.690262 -0.917301 -0.884332 0.21515 -0.454221 -0.538073 -0.291231 -0.0723045 0.122566 0.126469 0.653549 -0.158641 -0.470497 0.0478138 -0.00481657 0.0471662 0.612991 0.229195 0.898699 0.95565 0.709626 0.178991 0.365883 0.554516 -0.758083 0.47268 0.387161 
-1.05319 0.0837729 0.185457 -0.685703 -0.870036 -0.860287 0.244334 -0.488825 -0.537801 -0.258678 -0.0796905 0.139513 0.145788 0.667896 -0.189783 -0.489469 0.00671385 -0.0284064 0.074392 0.609604 0.253472 0.911743 0.960682 0.686002 0.219257 0.40463 0.581171 -0.737018 0.443177 0.411486 
-1.08551 0.0649046 0.155855 -0.653738 -0.895563 -0.868464 0.26739 -0.46827 -0.547332 -0.279519 -0.0585446 0.118437 0.119249 0.641714 -0.159603 -0.503945 0.0057757 -0.0341606 0.0602856 0.585172 0.248663 0.922858 0.972863 0.689519 0.190991 0.390333 0.5633 -0.721869 0.448144 0.394433 
-1.04988 0.076391 0.171133 -0.673681 -0.877021 -0.862859 0.219704 -0.463254 -0.540712 -0.273676 -0.0578344 0.122765 0.122239 0.669602 -0.174263 -0.476349 -0.0105139 -0.0235078 0.0610723 0.58788 0.247859 0.916667 0.972771 0.698512 0.231574 0.395173 0.546924 -0.736443 0.4383 0.407106 
-1.06633 0.0807335 0.142024 -0.682729 -0.894917 -0.883591 0.231288 -0.428804 -0.543708 -0.292978 -0.0636922 0.127901 0.130738 0.668658 -0.155165 -0.489723 -0.0113918 -0.0401292 0.0471812 0.593422 0.238432 0.912445 0.975821 0.699257 0.21366 0.38671 0.554436 -0.732985 0.443111 0.404899 
-1.03468 0.0682207 0.162915 -0.680476 -0.876044 -0.870726 0.279159 -0.489442 -0.540123 -0.20439 -0.0518203 0.116918 0.113783 0.657262 -0.125583 -0.529259 -0.0116456 -0.0118906 0.0807772 0.553885 0.322671 0.958267 0.970716 0.704207 0.246863 0.422722 0.557449 -0.73126 0.447835 0.418097 
-1.04909 0.0507072 0.169887 -0.671497 -0.904304 -0.831391 0.237229 -0.479556 -0.547496 -0.266498 -0.0886501 0.125389 0.128858 0.674063 -0.161587 -0.491232 0.0122047 -0.0394212 0.0578814 0.600545 0.238194 0.931148 0.966871 0.673582 0.217537 0.381845 0.558941 -0.738367 0.45638 0.417058 
-1.05917 0.0806621 0.171038 -0.667254 -0.881989 -0.896921 0.229315 -0.439156 -0.541308 -0.281594 -0.0608021 0.119933 0.125167 0.667762 -0.183048 -0.459937 -0.00152409 -0.0286266 0.0530048 0.590936 0.254626 0.920216 0.973738 0.730856 0.211885 0.394867 0.55851 -0.725931 0.439452 0.395184 
-1.05811 0.0496958 0.173361 -0.688827 -0.906562 -0.831332 0.224585 -0.472931 -0.533669 -0.255314 -0.0984062 0.126299 0.125607 0.672357 -0.160052 -0.483046 0.0459792 0.000278927 0.0557258 0.613374 0.217985 0.919217 0.963843 0.671708 0.202466 0.367906 0.609581 -0.772264 0.47561 0.406711 
-1.07812 0.0607576 0.186574 -0.692542 -0.89559 -0.851491 0.223153 -0.47105 -0.518945 -0.252566 -0.107328 0.140397 0.127399 0.665522 -0.184703 -0.482719 0.0389208 -0.0133358 0.0768917 0.620741 0.251434 0.916812 0.955622 0.679907 0.175834 0.378727 0.588422 -0.745354 0.448171 0.408968 
