-1.07239 0.0880945 0.179538 -0.628359 -0.885636 -0.847159 0.275168 -0.436598 -0.573908 -0.275267 -0.054644 0.120514 0.094242 0.636159 -0.127538 -0.482466 -0.0191083 -0.00594215 0.0885025 0.573687 0.260688 0.893888 0.973719 0.667029 0.198431 0.369963 0.531666 -0.732089 0.435481 0.406605 
-1.00849 0.138743 0.165787 -0.701548 -0.929917 -0.93459 0.245326 -0.464954 -0.620049 -0.207564 -0.0930089 0.13225 0.138179 0.609409 -0.152378 -0.456821 0.024817 0.0636213 0.162364 0.605932 0.280406 0.967173 0.878477 0.648837 0.177583 0.486401 0.645098 -0.78143 0.537169 0.375869 
-1.06444 0.075421 0.173283 -0.676213 -0.922765 -0.905952 0.266302 -0.46266 -0.525973 -0.228832 -0.0970582 0.112866 0.07649 0.674972 -0.1726 -0.464862 -0.00370979 -0.000275481 0.0153213 0.599193 0.268894 0.834646 0.967553 0.715706 0.221231 0.363675 0.521461 -0.736494 0.41719 0.410545 
-0.957081 0.110956 0.176125 -0.684112 -0.89998 -0.871122 0.260513 -0.459283 -0.521424 -0.182231 -0.115821 0.0408577 0.135957 0.659639 -0.147667 -0.479199 -0.0150096 0.00158742 0.0147303 0.608027 0.331659 0.873194 0.96748 0.658209 0.275387 0.46007 0.483994 -0.752966 0.455954 0.41315 
-1.04743 0.00900818 0.192405 -0.627898 -0.891719 -0.895735 0.253263 -0.487525 -0.582621 -0.198023 -0.105108 0.149732 0.0981301 0.682983 -0.170794 -0.538519 -0.0334961 -0.0498778 0.0686019 0.585965 0.218622 0.928849 0.933606 0.69566 0.21028 0.344828 0.526044 -0.730915 0.45122 0.410823 
-1.0509 0.115864 0.176166 -0.724824 -0.82659 -0.858603 0.275658 -0.471242 -0.573564 -0.267174 -0.122286 0.0584043 0.141553 0.646278 -0.0857501 -0.435592 -0.0201289 0.0563985 0.0635238 0.684222 0.361859 0.903553 0.940631 0.646089 0.19776 0.387864 0.562299 -0.707897 0.445935 0.396175 
-1.0146 0.0397119 0.180028 -0.640737 -0.91634 -0.900099 0.32659 -0.514385 -0.555246 -0.22005 -0.0332679 0.0200722 0.0733552 0.607707 -0.10615 -0.587365 0.000489799 -0.0127048 0.0692708 0.49665 0.304946 0.984079 0.997739 0.691578 0.26777 0.448722 0.550086 -0.71524 0.459537 0.427878 
-1.04228 0.0616768 0.182733 -0.700689 -0.861422 -0.887741 0.281332 -0.415028 -0.517443 -0.163209 -0.109938 0.0801307 0.149299 0.641631 -0.177874 -0.417403 -0.0290491 0.0113277 -0.00174695 0.673405 0.206057 0.945354 0.918655 0.690917 0.253494 0.366551 0.564755 -0.774752 0.451162 0.412408 
-1.10901 0.0571441 0.195512 -0.683538 -0.924587 -0.842609 0.21816 -0.466518 -0.502533 -0.270894 -0.0837535 0.127384 0.100023 0.692634 -0.15892 -0.460089 0.0776661 -0.00151148 0.0569994 0.653349 0.236584 0.940933 0.954385 0.691206 0.171601 0.378551 0.613581 -0.80084 0.480277 0.407303 
-0.973486 0.0847323 0.177779 -0.679429 -0.884485 -0.920993 0.26616 -0.471976 -0.524838 -0.214571 -0.0858888 0.0711932 0.0939791 0.692577 -0.11535 -0.473178 -0.00118225 0.0586595 0.0490269 0.591016 0.292698 0.916707 0.942331 0.746992 0.263106 0.447202 0.592267 -0.706847 0.446971 0.428074 
-1.09534 0.0933852 0.163686 -0.684876 -0.983856 -0.940956 0.257379 -0.441402 -0.641141 -0.293972 0.0198501 0.0503168 0.0912712 0.675819 -0.093502 -0.451385 -0.0228639 0.0762432 0.000452893 0.631326 0.307015 0.85592 0.947572 0.76867 0.18717 0.45482 0.54654 -0.7754 0.348285 0.378631 
-1.08787 0.0749755 0.134605 -0.60311 -0.907491 -0.851763 0.222168 -0.56325 -0.538428 -0.192225 -0.0662669 0.0386767 0.142302 0.627107 -0.167497 -0.5007 0.000460918 0.0246946 0.0581649 0.61612 0.247948 0.929348 0.917451 0.701385 0.19983 0.378819 0.514506 -0.681366 0.402554 0.42127 
-1.00721 0.0759138 0.175967 -0.683676 -0.859256 -0.865664 0.258851 -0.513081 -0.606872 -0.203814 -0.056971 0.0975256 0.128484 0.624917 -0.189553 -0.50975 -0.00692156 -0.0488251 0.0486839 0.608917 0.282736 0.938985 0.974962 0.666877 0.17343 0.434917 0.497729 -0.746133 0.448572 0.450721 
-1.04895 0.0569261 0.180946 -0.662715 -0.907397 -0.816565 0.204558 -0.473366 -0.544203 -0.270207 -0.14499 0.114411 0.111824 0.708778 -0.196959 -0.49263 0.00771255 0.00623086 0.0594404 0.623674 0.218695 0.881204 0.940507 0.64674 0.203084 0.353007 0.591819 -0.740539 0.439186 0.388074 
-1.0149 0.0641053 0.185977 -0.690615 -0.888133 -0.833619 0.282322 -0.553842 -0.574395 -0.235544 -0.0731419 0.128405 0.105804 0.650432 -0.125017 -0.447182 -0.0188897 -0.0402298 0.104996 0.600869 0.340632 0.93476 0.9945 0.718102 0.172145 0.393346 0.57433 -0.739805 0.439139 0.456723 
-1.03789 0.0785426 0.150057 -0.639684 -0.855647 -0.888487 0.283253 -0.515111 -0.525969 -0.255641 -0.0623034 0.118521 0.138801 0.68214 -0.119339 -0.511923 0.00924977 -0.0180668 0.0816566 0.598394 0.316346 0.902462 0.968512 0.699419 0.286916 0.414976 0.537879 -0.732593 0.47086 0.422237 
-1.09026 0.0410392 0.154561 -0.642526 -0.865856 -0.781822 0.315628 -0.517395 -0.613556 -0.255041 -0.106789 0.0818069 0.128019 0.65867 -0.168764 -0.526039 0.00412606 -0.0101681 0.0572348 0.599828 0.26089 0.99205 0.970203 0.707725 0.232414 0.392586 0.538719 -0.689213 0.488371 0.439109 
-1.07378 0.0702954 0.0963248 -0.665697 -0.89356 -0.893799 0.285258 -0.447844 -0.578005 -0.181203 -0.0440775 0.0954124 0.0935907 0.657632 -0.139589 -0.514375 -0.00441552 0.00118095 0.0493248 0.504833 0.255961 0.885565 0.941376 0.697538 0.21976 0.36997 0.513975 -0.736907 0.458202 0.390271 
-1.06798 0.0756408 0.173409 -0.676964 -0.896107 -0.858216 0.212797 -0.454407 -0.515404 -0.255825 -0.0499373 0.122583 0.123085 0.687256 -0.175599 -0.466119 0.000354834 -0.00390372 0.050555 0.56621 0.255691 0.912298 0.961486 0.704137 0.20452 0.417327 0.544744 -0.748784 0.453402 0.408701 
-1.07953 0.0889205 0.169754 -0.694118 -0.861019 -0.886698 0.251718 -0.464352 -0.517359 -0.236307 -0.0663305 0.151992 0.126206 0.656028 -0.177501 -0.496829 0.0328302 -0.0514928 0.0708888 0.604244 0.273171 0.914642 0.966705 0.683611 0.233433 0.388521 0.594771 -0.760898 0.448752 0.398126 
-1.02063 -0.00552219 0.206646 -0.665914 -0.844153 -0.901518 0.261792 -0.538328 -0.520744 -0.230865 -0.0644821 0.0674833 0.164831 0.613318 -0.0586028 -0.510905 0.00627255 -0.0322942 0.102581 0.624763 0.297504 0.921573 0.943665 0.669963 0.167489 0.403047 0.553592 -0.738724 0.436388 0.510236 
-1.11658 0.0361018 0.206256 -0.734851 -0.900771 -0.809024 0.220956 -0.435093 -0.537587 -0.20634 -0.0837619 0.166223 0.146886 0.685962 -0.164089 -0.453698 0.0474495 0.0163442 0.0708138 0.640357 0.194516 0.913674 0.9053 0.688683 0.200434 0.332676 0.642856 -0.79074 0.487464 0.390701 
-1.05827 0.0454674 0.159707 -0.681456 -0.839472 -0.890208 0.286791 -0.518548 -0.557463 -0.187129 -0.0529086 0.114827 0.0772054 0.667362 -0.15312 -0.500807 0.0120885 0.0216714 0.041132 0.5368 0.292853 0.958604 0.913873 0.70852 0.258558 0.423463 0.513668 -0.68672 0.490537 0.366057 
-1.02246 0.0670595 0.162191 -0.678574 -0.871188 -0.894361 0.299799 -0.493254 -0.557574 -0.216821 -0.0257758 0.130495 0.107153 0.642599 -0.109222 -0.539691 -0.00719859 0.000586903 0.0589149 0.551641 0.333152 0.945555 0.974072 0.692086 0.260461 0.40867 0.570439 -0.75549 0.431989 0.403012 
-0.988168 0.0612264 0.188502 -0.671227 -0.863533 -0.822084 0.189298 -0.511596 -0.563771 -0.196676 -0.0847547 0.0748033 0.167275 0.664384 -0.151782 -0.480065 0.0360264 0.0166443 0.0656065 0.587389 0.294682 0.857331 0.915328 0.668002 0.181013 0.386335 0.57813 -0.80891 0.454438 0.453012 
-1.01046 0.0840782 0.174563 -0.694497 -0.908462 -0.843022 0.264284 -0.438899 -0.538087 -0.237776 -0.0695434 0.156991 0.146914 0.663746 -0.165411 -0.449379 -0.0834768 0.0223734 0.036552 0.58015 0.225737 0.910384 0.89871 0.637986 0.140965 0.338611 0.590062 -0.738052 0.454318 0.398791 
-1.08328 0.0808528 0.180919 -0.678354 -0.909199 -0.857007 0.222882 -0.479539 -0.505612 -0.233039 -0.129668 0.154008 0.123935 0.674453 -0.185673 -0.501259 0.0348281 -0.0412286 0.0483526 0.618316 0.225825 0.926863 0.934717 0.675682 0.186391 0.440147 0.576229 -0.737597 0.433419 0.39611 
-1.05499 0.149077 0.237042 -0.67294 -0.901246 -0.872663 0.21157 -0.451136 -0.5469 -0.229685 -0.0942744 0.101959 0.129923 0.702487 -0.155058 -0.508614 -0.00603588 0.0266553 0.0515355 0.6062 0.24511 0.900741 0.965516 0.653985 0.155193 0.323112 0.592868 -0.795596 0.513033 0.432155 
-1.07524 0.0525343 0.235796 -0.65191 -0.930667 -0.878475 0.225207 -0.455951 -0.563108 -0.164217 -0.066519 0.106215 0.185622 0.656546 -0.167149 -0.533063 0.0474635 0.0498643 0.0717746 0.596331 0.253118 0.97647 0.867935 0.732677 0.19869 0.292737 0.565104 -0.790441 0.547909 0.440608 
-1.07638 0.0477247 0.198642 -0.671203 -0.888559 -0.821784 0.199961 -0.497355 -0.514822 -0.26375 -0.10226 0.13394 0.144769 0.655148 -0.177092 -0.461151 0.0580763 -0.016143 0.0516994 0.601278 0.240994 0.92498 0.958461 0.647066 0.180181 0.380791 0.60025 -0.794684 0.471959 0.427556 
-1.05844 0.0706963 0.208761 -0.694528 -0.923954 -0.898695 0.273439 -0.479839 -0.534406 -0.204221 -0.0737883 0.0879831 0.136858 0.615564 -0.146349 -0.500049 -0.0203206 -0.00397311 0.150101 0.652025 0.245503 0.881801 0.858193 0.66587 0.136827 0.471646 0.51505 -0.732453 0.496463 0.431388 
-0.984696 0.0351093 0.229568 -0.707152 -0.937467 -0.839723 0.277741 -0.470712 -0.522561 -0.222361 -0.0899382 0.0853612 0.148884 0.602993 -0.126635 -0.478614 0.0336466 0.00927398 0.0558737 0.679067 0.331386 0.919775 0.999442 0.706454 0.164366 0.355586 0.576866 -0.788294 0.443685 0.475563 
-1.08325 0.0968356 0.157985 -0.671884 -0.880707 -0.907543 0.214562 -0.440154 -0.546092 -0.285213 -0.0848541 0.145121 0.149781 0.644704 -0.183892 -0.475073 -0.0148782 -0.0142069 0.0289632 0.56711 0.275318 0.899738 0.978444 0.730553 0.202736 0.36811 0.571596 -0.72367 0.454069 0.375757 
-1.11831 0.0553436 0.237626 -0.60637 -0.920865 -0.849172 0.251253 -0.429758 -0.536 -0.198065 -0.109497 0.142544 0.155982 0.665377 -0.233029 -0.539467 0.086835 0.0293747 0.0131355 0.613597 0.248201 0.95983 0.909619 0.727112 0.18846 0.318661 0.56565 -0.800349 0.576663 0.453581 
-1.02232 0.0954464 0.224664 -0.648017 -0.924769 -0.875948 0.204816 -0.393328 -0.520159 -0.24076 -0.0609255 0.0604535 0.11356 0.659082 -0.132533 -0.544608 0.0661695 0.0197786 0.0397218 0.61885 0.255295 0.923102 0.988962 0.70882 0.173157 0.351029 0.577217 -0.754988 0.445284 0.418166 
-1.0428 0.0421103 0.158078 -0.676019 -0.878717 -0.841889 0.298937 -0.50747 -0.567724 -0.230901 -0.120623 0.0775611 0.135978 0.627745 -0.211348 -0.483694 0.0180061 -0.00590689 0.0585547 0.582051 0.260813 0.939199 0.977868 0.713334 0.218434 0.399999 0.559268 -0.699611 0.494301 0.399617 
-1.02205 0.102812 0.162405 -0.65617 -0.921768 -0.854462 0.241245 -0.515616 -0.533354 -0.194223 -0.0649449 0.0567325 0.10609 0.701641 -0.0771914 -0.508392 0.0301589 -0.0299232 0.0465615 0.53385 0.312741 0.866503 0.974896 0.696927 0.224616 0.401171 0.562548 -0.743302 0.484208 0.419945 
-1.08442 0.0749189 0.201154 -0.692638 -0.859736 -0.903396 0.210714 -0.505838 -0.514152 -0.267165 -0.108757 0.12626 0.136312 0.656461 -0.168061 -0.466141 0.0164833 -0.0547474 0.105694 0.598431 0.264278 0.88852 0.939235 0.650808 0.23818 0.42227 0.576988 -0.723606 0.436358 0.436592 
-1.11759 0.0680679 0.196435 -0.693059 -0.894126 -0.868379 0.240877 -0.428679 -0.515071 -0.31194 -0.0943069 0.127886 0.101913 0.66621 -0.161696 -0.469745 0.0442661 0.0102604 0.0635303 0.62397 0.255558 0.873723 0.931675 0.705677 0.197835 0.390012 0.570277 -0.767903 0.457691 0.36223 
-1.06255 0.0733308 0.172342 -0.636597 -0.848205 -0.897377 0.334468 -0.479209 -0.53938 -0.196927 -0.0639918 0.0560934 0.0891563 0.640017 -0.131367 -0.560405 0.0056886 -0.00588241 0.0752249 0.530618 0.321647 0.935836 0.985178 0.685407 0.281787 0.445963 0.570127 -0.692694 0.49328 0.424108 
-1.05639 0.0708126 0.160375 -0.682232 -0.863646 -0.864959 0.243872 -0.504675 -0.563045 -0.258203 -0.0741528 0.141982 0.138608 0.645909 -0.17745 -0.48165 -0.006137 -0.0326695 0.0364743 0.636087 0.269131 0.887135 0.944453 0.685828 0.251828 0.405048 0.557174 -0.71614 0.433088 0.411221 
-1.0713 0.0780727 0.160307 -0.659392 -0.877999 -0.895155 0.235452 -0.503001 -0.548586 -0.211057 -0.0318436 0.060651 0.103462 0.690973 -0.137576 -0.51456 0.0784212 -0.0104722 0.0339071 0.584893 0.34404 0.915069 0.928528 0.683283 0.196398 0.433826 0.542065 -0.786773 0.482678 0.450459 
-1.0484 0.0874245 0.153201 -0.688608 -0.893411 -0.881166 0.243415 -0.418262 -0.554583 -0.276098 -0.0833356 0.136901 0.146788 0.683864 -0.13728 -0.481829 0.00336114 -0.0661862 0.0510898 0.605019 0.228025 0.916491 0.997794 0.683217 0.214048 0.376229 0.575666 -0.709499 0.450035 0.415463 
-1.08541 0.0760576 0.170723 -0.588321 -0.866289 -0.828429 0.248948 -0.43592 -0.562987 -0.219527 -0.0691128 0.0775006 0.131713 0.65478 -0.175916 -0.551225 0.00543597 0.0233255 0.0583948 0.552591 0.28483 0.942404 0.966842 0.717813 0.16887 0.439089 0.47984 -0.707586 0.350727 0.410226 
-1.05076 0.116739 0.163695 -0.649687 -0.844667 -0.836256 0.243971 -0.460395 -0.53559 -0.170296 -0.0487475 0.122168 0.0809773 0.715026 -0.125797 -0.530514 0.011967 -0.037995 0.0347387 0.556689 0.276747 0.92587 0.985883 0.696862 0.178406 0.388332 0.543451 -0.706476 0.471158 0.353962 
-1.0338 0.0253771 0.0831197 -0.69177 -0.931288 -0.886978 0.28341 -0.536767 -0.560575 -0.207998 -0.0787856 0.0550343 0.110564 0.65728 -0.0958724 -0.527678 -0.031574 0.0233899 0.073371 0.589785 0.379704 0.895733 0.968019 0.699966 0.23677 0.427318 0.590874 -0.695962 0.465762 0.468985 
-0.991134 0.0657463 0.182727 -0.663796 -0.857542 -0.821267 0.234747 -0.409246 -0.528911 -0.21665 -0.113754 0.110634 0.186826 0.643827 -0.224108 -0.412317 -0.0581758 0.0364252 0.0274613 0.669882 0.255303 0.938517 0.970896 0.671333 0.143768 0.351128 0.623578 -0.767108 0.441745 0.469651 
-1.0972 0.0501038 0.168414 -0.649857 -0.932195 -0.811633 0.223983 -0.475462 -0.552454 -0.250126 -0.092424 0.119541 0.127732 0.642701 -0.206712 -0.500402 0.0423838 0.00825808 0.078118 0.626836 0.185182 0.918871 0.934817 0.698386 0.167555 0.369214 0.647107 -0.792858 0.496467 0.434069 
-1.04399 0.0254176 0.171083 -0.697606 -0.919358 -0.827505 0.257974 -0.460558 -0.558168 -0.28411 -0.0840367 0.151783 0.129477 0.684825 -0.186068 -0.487943 0.00218554 -0.0216179 0.0708305 0.618566 0.254535 0.952377 0.973312 0.651247 0.206296 0.390215 0.554586 -0.734816 0.47994 0.412588 
-1.09623 0.122352 0.159272 -0.706707 -0.904963 -0.87986 0.208814 -0.458484 -0.532494 -0.217232 -0.0690196 0.0757013 0.160703 0.667784 -0.162189 -0.471246 0.0442173 0.0584442 0.045083 0.599603 0.282875 1.01818 0.981599 0.642421 0.213098 0.393355 0.590382 -0.718362 0.439334 0.446658 
-1.07254 0.073114 0.131525 -0.65415 -0.926242 -0.813377 0.24738 -0.462876 -0.550032 -0.256024 -0.106682 0.104519 0.126489 0.662518 -0.158538 -0.509071 0.00865122 -0.0323235 0.0622851 0.624062 0.242468 0.906409 1.01283 0.665735 0.229409 0.385478 0.569195 -0.761819 0.450245 0.458049 
-1.08902 0.0937691 0.125362 -0.641205 -0.918587 -0.79473 0.253167 -0.477784 -0.542738 -0.267205 -0.0998886 0.0914005 0.101149 0.672665 -0.151416 -0.482358 -0.00281556 -0.00921698 0.0620005 0.609512 0.266359 0.888953 0.990195 0.661242 0.234572 0.392663 0.55667 -0.759868 0.461525 0.473374 
-1.07719 0.0753266 0.109442 -0.67364 -0.939862 -0.828509 0.22729 -0.47965 -0.57285 -0.264088 -0.101217 0.109895 0.109357 0.682935 -0.146017 -0.530015 -0.00696563 -0.0109781 0.0881682 0.597227 0.217527 0.902436 1.03202 0.688427 0.224414 0.375554 0.593324 -0.783356 0.474043 0.462376 
-1.08718 0.0639383 0.18116 -0.661435 -0.892683 -0.902463 0.188773 -0.423978 -0.543986 -0.305656 -0.0669325 0.141397 0.154119 0.641439 -0.164463 -0.43735 -0.00275072 -0.0134743 0.0572286 0.607334 0.213626 0.912872 0.984393 0.7549 0.213398 0.406265 0.548852 -0.72501 0.456805 0.377758 
-1.07466 0.0789761 0.204586 -0.672145 -0.875283 -0.88386 0.181798 -0.421634 -0.558265 -0.302232 -0.0841535 0.150915 0.176053 0.641203 -0.184146 -0.458275 -0.00474445 -0.0227268 0.0327308 0.58991 0.230025 0.896753 0.989861 0.763978 0.2245 0.398473 0.532795 -0.723476 0.450537 0.391517 
-1.06599 0.0904704 0.187817 -0.686298 -0.897642 -0.876421 0.203979 -0.427923 -0.545892 -0.311952 -0.0694016 0.164597 0.135104 0.636941 -0.166338 -0.436413 -0.0128173 -0.00392806 0.0698397 0.581537 0.231544 0.890151 0.971626 0.749502 0.232377 0.402992 0.561287 -0.730434 0.440408 0.383096 
-1.071 0.0301737 0.207948 -0.667749 -0.834097 -0.873812 0.238936 -0.432296 -0.53909 -0.210641 -0.0795254 0.142355 0.128723 0.642341 -0.216517 -0.444777 0.000674084 -0.00880173 0.0742317 0.657558 0.243382 0.907919 0.960309 0.675893 0.155895 0.342237 0.621179 -0.736007 0.449453 0.407664 
-1.07192 0.0329531 0.211063 -0.650742 -0.813624 -0.897674 0.263599 -0.407896 -0.526132 -0.2141 -0.0642463 0.167512 0.143604 0.623708 -0.209144 -0.454049 0.0262098 -0.00353233 0.0921661 0.674845 0.250053 0.92817 0.946866 0.680214 0.138622 0.341194 0.607383 -0.740254 0.44332 0.409114 
-1.06529 0.0371474 0.200661 -0.648161 -0.810766 -0.880788 0.227441 -0.429181 -0.563327 -0.229256 -0.104322 0.164355 0.106735 0.668222 -0.240922 -0.422841 -0.0198343 -0.0195156 0.0600627 0.666792 0.247589 0.913147 0.957405 0.687906 0.174466 0.330103 0.613759 -0.736935 0.476159 0.401374 
-1.09372 0.103748 0.184245 -0.682825 -0.901205 -0.85389 0.235688 -0.431108 -0.515173 -0.235079 -0.0622482 0.116954 0.129648 0.653612 -0.200971 -0.511283 0.0346168 0.0325623 0.0619554 0.639812 0.285514 0.955816 0.961505 0.684801 0.180747 0.360523 0.573432 -0.766652 0.494782 0.43369 
-1.08506 0.11125 0.20044 -0.690059 -0.890507 -0.840175 0.249463 -0.435782 -0.504279 -0.257265 -0.0505307 0.129643 0.125195 0.630741 -0.224162 -0.53498 0.0172863 0.0478842 0.0633635 0.661078 0.306553 0.962206 0.94775 0.701289 0.20129 0.377007 0.591038 -0.764969 0.472546 0.416965 
-1.10084 0.0832043 0.193595 -0.662967 -0.897135 -0.878417 0.239689 -0.456756 -0.54041 -0.215101 -0.0670482 0.090729 0.155725 0.670168 -0.21348 -0.528126 0.0408764 0.0217923 0.0753007 0.614706 0.292011 0.981045 0.984585 0.708711 0.185563 0.354586 0.571894 -0.780154 0.52065 0.452566 
-1.07955 0.0775222 0.142194 -0.658484 -0.892174 -0.90098 0.250299 -0.464343 -0.568226 -0.287881 -0.0741316 0.111804 0.122981 0.622464 -0.186719 -0.500748 -0.00299433 -0.0328428 0.0554005 0.587192 0.242849 0.94281 0.972066 0.715335 0.210071 0.389789 0.548731 -0.720606 0.440744 0.388282 
-1.07125 0.0878484 0.137731 -0.648656 -0.909152 -0.896352 0.274037 -0.454431 -0.588185 -0.296173 -0.0827293 0.107489 0.0981437 0.607416 -0.213029 -0.503894 -0.0250469 -0.0278 0.0646975 0.605242 0.221839 0.933713 0.959524 0.707949 0.216089 0.396559 0.570171 -0.737545 0.45992 0.394883 
-1.07318 0.0677819 0.126821 -0.668863 -0.892851 -0.921586 0.263328 -0.442597 -0.580386 -0.300278 -0.0597012 0.0995345 0.148528 0.616958 -0.161734 -0.525095 0.00109313 -0.0343498 0.076215 0.605039 0.238357 0.949106 0.971179 0.701222 0.195291 0.412906 0.547185 -0.725111 0.442596 0.401165 
-1.07812 0.0607576 0.186574 -0.692542 -0.89559 -0.851491 0.223153 -0.47105 -0.518945 -0.252566 -0.107328 0.140397 0.127399 0.665522 -0.184703 -0.482719 0.0389208 -0.0133358 0.0768917 0.620741 0.251434 0.916812 0.955622 0.679907 0.175834 0.378727 0.588422 -0.745354 0.448171 0.408968 
-1.10009 0.0631519 0.179391 -0.667383 -0.87534 -0.87284 0.218654 -0.454177 -0.492257 -0.240419 -0.0897808 0.155377 0.121542 0.654293 -0.166139 -0.500431 0.0618799 0.0129512 0.0700938 0.629397 0.265637 0.935562 0.963863 0.685845 0.157171 0.390932 0.575093 -0.740784 0.456184 0.419739 
-1.09789 0.0584718 0.162819 -0.706936 -0.887394 -0.84443 0.198939 -0.486904 -0.511411 -0.260601 -0.131115 0.117145 0.148937 0.680644 -0.180551 -0.460018 0.0247793 0.00559882 0.0752958 0.594686 0.262882 0.92888 0.959056 0.655164 0.172782 0.355616 0.587593 -0.76612 0.47431 0.410046 
-1.05667 0.0510582 0.148847 -0.687922 -0.865653 -0.860502 0.213136 -0.454467 -0.528973 -0.261152 -0.0967052 0.11657 0.107094 0.654113 -0.212137 -0.467724 0.0102491 -0.0651085 0.10289 0.675468 0.252882 0.93045 0.93214 0.647733 0.216094 0.353212 0.55196 -0.728753 0.469859 0.403289 
-1.06249 0.0770772 0.132589 -0.683274 -0.891125 -0.867419 0.230616 -0.468421 -0.511161 -0.26451 -0.103353 0.126916 0.123484 0.657093 -0.209909 -0.480476 0.0191333 -0.0540467 0.0785978 0.648761 0.239185 0.94553 0.934406 0.658939 0.194938 0.331145 0.551481 -0.752735 0.456615 0.421746 
-1.07885 0.0473501 0.157603 -0.663575 -0.891013 -0.866202 0.212186 -0.452823 -0.551267 -0.282643 -0.0755935 0.13617 0.085912 0.655308 -0.196913 -0.480189 -0.00222705 -0.0856539 0.102613 0.689767 0.2464 0.909842 0.930464 0.65308 0.229507 0.356464 0.561381 -0.732394 0.465478 0.379413 
-1.04909 0.0479511 0.143473 -0.616685 -0.852334 -0.862489 0.321544 -0.497639 -0.543185 -0.151006 -0.0707937 0.0219172 0.101852 0.620722 -0.0981302 -0.532466 -0.0410847 -0.00287781 0.0935524 0.554227 0.352944 0.971209 1.00164 0.694738 0.285705 0.468646 0.544278 -0.683849 0.486099 0.41039 
-1.07368 0.0363764 0.143319 -0.627549 -0.835808 -0.874409 0.311579 -0.481021 -0.556012 -0.130168 -0.0648804 -0.000190111 0.124324 0.644029 -0.095954 -0.530321 -0.0449601 -0.0160351 0.113975 0.561525 0.335397 0.974107 1.02035 0.71145 0.30902 0.476885 0.530461 -0.661242 0.460322 0.42573 
-1.06125 0.0264252 0.12431 -0.615806 -0.847416 -0.858196 0.310835 -0.49919 -0.562278 -0.143489 -0.0684412 0.0290145 0.121517 0.644037 -0.0798374 -0.518134 -0.0554999 0.00944982 0.116911 0.576529 0.327494 0.96463 1.0252 0.705034 0.29087 0.4955 0.539037 -0.667295 0.473962 0.396892 
-1.06853 0.0802666 0.150835 -0.694751 -0.899332 -0.855008 0.232036 -0.489126 -0.557194 -0.26326 -0.0992722 0.138164 0.1331 0.670742 -0.154227 -0.485417 0.0155188 -0.0493317 0.083994 0.608143 0.245343 0.911651 0.969906 0.662273 0.215626 0.398584 0.571454 -0.730888 0.460894 0.413231 
-1.05348 0.0676733 0.174243 -0.699504 -0.907171 -0.834307 0.241668 -0.498538 -0.577278 -0.261077 -0.112052 0.113064 0.135361 0.653472 -0.161019 -0.499307 0.0268348 -0.0501163 0.0886462 0.608913 0.230422 0.921313 0.972557 0.677261 0.219707 0.394711 0.581091 -0.749265 0.4748 0.397666 
-1.08851 0.0537054 0.163615 -0.706708 -0.881404 -0.856434 0.253873 -0.48025 -0.58183 -0.249725 -0.0787893 0.160336 0.125138 0.64809 -0.137886 -0.486382 -0.0067466 -0.0228731 0.0827896 0.614941 0.250485 0.899355 0.991512 0.651061 0.19191 0.400892 0.557388 -0.722078 0.460762 0.395761 
-1.05564 0.0306039 0.10949 -0.657432 -0.87797 -0.827501 0.278889 -0.472083 -0.602857 -0.236336 -0.0889921 0.0340347 0.108072 0.636236 -0.203822 -0.497239 -0.000402246 -0.0131837 0.0530154 0.589542 0.2651 0.955798 0.968113 0.689586 0.192791 0.379099 0.584615 -0.695409 0.463918 0.433562 
-1.06054 0.0142857 0.118523 -0.634171 -0.889667 -0.83015 0.2867 -0.480517 -0.581769 -0.212549 -0.0696183 0.0495858 0.127983 0.62761 -0.193555 -0.515046 0.00750171 -0.000178599 0.0561392 0.598683 0.26804 0.961796 0.958868 0.699223 0.180561 0.382509 0.588983 -0.697385 0.443401 0.459111 
-1.03408 0.039056 0.0979025 -0.644403 -0.860211 -0.846736 0.29261 -0.482584 -0.628646 -0.243033 -0.0987921 0.0531569 0.0895682 0.61693 -0.184105 -0.474555 0.0253075 0.00117118 0.0360256 0.600015 0.249935 0.966723 0.94733 0.677605 0.188682 0.398745 0.574868 -0.682392 0.485638 0.445015 
-1.05469 0.0516351 0.146844 -0.650129 -0.894214 -0.860399 0.261653 -0.489552 -0.547903 -0.162014 -0.0835668 0.0752481 0.102614 0.629968 -0.12638 -0.507627 0.0081961 -0.0446105 0.0922865 0.589251 0.32445 0.921064 0.990519 0.675234 0.23689 0.411668 0.55154 -0.728593 0.466024 0.410535 
-1.06058 0.0565994 0.182813 -0.664245 -0.890161 -0.854601 0.320561 -0.476209 -0.532658 -0.24768 -0.104207 0.0786863 0.120419 0.620776 -0.163565 -0.517042 0.0111028 -0.00425196 0.0851229 0.562814 0.270122 0.951262 0.979594 0.684235 0.177463 0.430042 0.557029 -0.73266 0.453796 0.409278 
-1.05909 0.0304867 0.1821 -0.659638 -0.846678 -0.857056 0.257832 -0.453513 -0.575965 -0.212715 -0.0809918 0.0507945 0.111348 0.640509 -0.214002 -0.480463 0.000589344 -0.013092 0.07194 0.648528 0.252954 0.929812 0.965851 0.687951 0.182765 0.371369 0.602648 -0.713731 0.451149 0.408298 
-1.06648 0.0337887 0.13752 -0.675488 -0.880269 -0.829883 0.270447 -0.479701 -0.584263 -0.26208 -0.0962165 0.126588 0.116105 0.65403 -0.176064 -0.494935 0.0146511 -0.0172795 0.059136 0.598428 0.252524 0.935576 0.968691 0.677999 0.210393 0.387131 0.582728 -0.726633 0.462606 0.43229 
-1.06008 0.0550928 0.131599 -0.633567 -0.925625 -0.841843 0.320454 -0.471379 -0.547648 -0.154603 -0.0746314 0.0721284 0.105715 0.624695 -0.10262 -0.519438 -0.00443291 -0.0157485 0.0819057 0.561284 0.249814 0.914051 1.00579 0.68696 0.25199 0.40923 0.546577 -0.698276 0.478996 0.432914 
-1.0706 0.069726 0.166491 -0.693332 -0.894532 -0.898123 0.19733 -0.442157 -0.551835 -0.265671 -0.0675854 0.138257 0.153775 0.668122 -0.162081 -0.443361 0.0010238 -0.0266841 0.0759601 0.607459 0.229197 0.911959 0.977431 0.668421 0.214269 0.4033 0.564396 -0.728332 0.458826 0.384117 
-1.06553 0.0539842 0.143262 -0.647815 -0.863209 -0.858922 0.264817 -0.482858 -0.543647 -0.229765 -0.0952341 0.037274 0.116877 0.659563 -0.151545 -0.524888 -0.00897178 -0.0113989 0.0884455 0.596734 0.262908 0.935528 1.00573 0.68589 0.256682 0.416985 0.547966 -0.737838 0.483575 0.412071 
-1.05568 0.0303009 0.200671 -0.662156 -0.875733 -0.853732 0.271528 -0.451779 -0.543356 -0.21254 -0.0797294 0.0723636 0.118749 0.63757 -0.208157 -0.459251 -0.000353387 -0.0127825 0.0665535 0.631539 0.251151 0.909376 0.962479 0.687996 0.171886 0.369171 0.606996 -0.707905 0.45733 0.417383 
-1.08505 0.0748422 0.155316 -0.68483 -0.894627 -0.889689 0.223705 -0.451743 -0.54746 -0.287482 -0.0854866 0.1394 0.141906 0.659977 -0.160567 -0.465301 -0.00245145 -0.0269048 0.0583397 0.607818 0.226126 0.912504 0.9838 0.716565 0.214402 0.402653 0.561585 -0.729823 0.457733 0.3814 
-1.06433 0.0409881 0.20543 -0.654591 -0.847775 -0.864193 0.258736 -0.479753 -0.540354 -0.155701 -0.0728898 0.0938291 0.111111 0.630763 -0.190339 -0.48286 -0.0253823 -0.00345957 0.0780553 0.641697 0.333389 0.960944 0.992664 0.678317 0.26491 0.432961 0.584222 -0.691043 0.456949 0.407676 
-1.07119 0.0585996 0.125183 -0.656649 -0.880038 -0.822274 0.258512 -0.46327 -0.58097 -0.246442 -0.106145 0.0588832 0.120023 0.661766 -0.189126 -0.506089 -0.000249371 -0.0135932 0.0620864 0.607439 0.250496 0.923391 1.00421 0.687932 0.210488 0.382604 0.571993 -0.744581 0.458926 0.454984 
-1.06452 0.0497885 0.135144 -0.627069 -0.873244 -0.816316 0.291553 -0.465561 -0.54377 -0.239261 -0.0732573 0.09401 0.125849 0.650761 -0.137117 -0.530535 -0.00579411 -0.0269697 0.0634905 0.611955 0.288059 0.912954 1.00868 0.690689 0.236796 0.412721 0.555675 -0.754818 0.475332 0.421962 
-1.07743 0.06779 0.174406 -0.690247 -0.8945 -0.868269 0.190577 -0.470001 -0.544444 -0.288532 -0.0684221 0.139359 0.142307 0.645962 -0.15763 -0.472491 0.0137147 -0.0367378 0.0776693 0.607854 0.228987 0.912636 0.978458 0.749992 0.214433 0.40402 0.571384 -0.730601 0.457082 0.395487 
-1.07573 0.091108 0.176929 -0.655457 -0.908355 -0.813689 0.246891 -0.452776 -0.539141 -0.249053 -0.0705443 0.10954 0.12811 0.661483 -0.183397 -0.511256 0.0329263 0.0264118 0.06198 0.631166 0.2541 0.913735 0.998503 0.673878 0.218051 0.370481 0.569258 -0.764306 0.469702 0.440386 
-1.04933 0.0504621 0.145686 -0.653241 -0.856855 -0.862445 0.275799 -0.477686 -0.536935 -0.173777 -0.0878991 0.0546852 0.104184 0.652031 -0.13107 -0.478543 -0.00347322 -0.0396785 0.0969618 0.673431 0.285363 0.940583 0.95202 0.681601 0.222512 0.443937 0.544678 -0.714124 0.477466 0.407001 
-1.06393 0.0341695 0.16463 -0.680925 -0.854641 -0.865233 0.224942 -0.436475 -0.52976 -0.227568 -0.0851141 0.140465 0.119273 0.6519 -0.213588 -0.445828 0.00983919 -0.0314759 0.0871316 0.67491 0.247402 0.909738 0.957575 0.671926 0.160244 0.34339 0.615801 -0.730348 0.458337 0.406532 
-1.07251 0.0524016 0.142976 -0.656244 -0.877306 -0.870075 0.251873 -0.467163 -0.560583 -0.207424 -0.0740824 0.0655028 0.108736 0.621523 -0.147612 -0.531762 -0.0222899 -0.0235087 0.0695497 0.585457 0.250667 0.950308 0.984222 0.69975 0.228301 0.422884 0.545966 -0.693352 0.459397 0.407009 
-1.07541 0.0400955 0.148783 -0.662733 -0.8384 -0.875353 0.24342 -0.440775 -0.56746 -0.282316 -0.079487 0.117219 0.125203 0.628653 -0.216184 -0.492379 -0.00195571 -0.00909578 0.0637275 0.646564 0.243287 0.939895 0.967127 0.694048 0.168328 0.347145 0.570211 -0.726188 0.448539 0.389958 
-1.06941 0.055655 0.151339 -0.69046 -0.882585 -0.858618 0.220713 -0.456626 -0.526959 -0.259381 -0.106866 0.116633 0.117297 0.656309 -0.205479 -0.469697 0.0205271 -0.0161799 0.0771563 0.641572 0.251941 0.922586 0.944697 0.665089 0.188702 0.369016 0.557197 -0.732659 0.448235 0.406174 
-1.08063 0.0647245 0.148299 -0.660937 -0.892177 -0.901071 0.218458 -0.435236 -0.565194 -0.290271 -0.0709773 0.117121 0.138013 0.624907 -0.177586 -0.477448 -0.00286792 -0.0152638 0.0560649 0.606417 0.240306 0.930861 0.9738 0.743739 0.213135 0.395217 0.54879 -0.721202 0.452473 0.384852 
