-1.08076 0.0935701 0.121691 -0.657032 -0.919251 -0.876183 0.286376 -0.442362 -0.592326 -0.317902 -0.0570765 0.106419 0.0820141 0.623585 -0.208985 -0.507298 -0.0457664 -0.0517117 0.0474622 0.582421 0.217314 0.938056 0.962877 0.726268 0.197138 0.380655 0.562723 -0.710949 0.438325 0.406098 
-1.05428 0.0515082 0.196549 -0.662637 -0.881189 -0.852069 0.323582 -0.500889 -0.513575 -0.260482 -0.117834 0.0824956 0.0938756 0.601533 -0.18484 -0.507932 0.0308468 0.0152505 0.110306 0.581409 0.270449 0.941193 0.978219 0.679753 0.183942 0.438382 0.584187 -0.715576 0.427065 0.419281 
-1.06435 0.0577746 0.135396 -0.645386 -0.832377 -0.860271 0.252145 -0.50319 -0.548257 -0.161176 -0.0724926 0.0504639 0.114348 0.631289 -0.143817 -0.470413 -0.00925864 -0.0205558 0.0759915 0.685722 0.29715 0.913674 0.95239 0.705707 0.195259 0.442991 0.547884 -0.692101 0.461681 0.395507 
-1.06839 0.086362 0.182347 -0.672812 -0.875852 -0.853353 0.249129 -0.485707 -0.588065 -0.254545 -0.0539738 0.139118 0.12085 0.652791 -0.152041 -0.490911 -0.00606788 -0.0291257 0.036224 0.631529 0.281779 0.906771 0.937217 0.679779 0.255178 0.378225 0.567622 -0.727114 0.416668 0.392428 
-1.03034 0.0136441 0.112078 -0.617612 -0.843502 -0.851462 0.299639 -0.477732 -0.621267 -0.262435 -0.0958011 0.0556385 0.0622572 0.643246 -0.198502 -0.465259 0.0507477 0.00590367 0.0422624 0.625146 0.260621 0.969899 0.92085 0.694736 0.196745 0.421179 0.565491 -0.668783 0.468141 0.422082 
-1.07512 0.0780989 0.1682 -0.72532 -0.87319 -0.831821 0.273073 -0.461749 -0.584733 -0.253796 -0.0641961 0.133813 0.138763 0.666897 -0.161727 -0.485991 0.00343866 -0.0442497 0.0643266 0.624382 0.260206 0.90383 1.00399 0.665909 0.192972 0.412756 0.534142 -0.740287 0.445616 0.374427 
-1.10873 0.0569902 0.187686 -0.688342 -0.836661 -0.904264 0.21707 -0.519439 -0.494873 -0.253224 -0.0987679 0.145453 0.123369 0.658407 -0.188577 -0.483286 0.0219882 -0.0754778 0.0818592 0.583668 0.256862 0.914554 0.964564 0.658237 0.21759 0.424182 0.597069 -0.713828 0.459247 0.444755 
-1.06503 0.110524 0.173244 -0.605691 -0.873694 -0.82241 0.295947 -0.441401 -0.587139 -0.25034 -0.0498222 0.114295 0.0828374 0.641808 -0.11861 -0.481897 -0.000686841 -0.00811918 0.112021 0.587918 0.28525 0.912019 0.992467 0.657966 0.208116 0.387332 0.53045 -0.731991 0.446176 0.408752 
-1.02891 0.0947238 0.144963 -0.661919 -0.943732 -0.839944 0.230235 -0.515791 -0.512409 -0.184558 -0.0706845 0.0626114 0.0809681 0.702857 -0.103021 -0.500921 0.0170311 -0.0341213 0.0261357 0.541559 0.285712 0.884394 1.00209 0.719058 0.224158 0.37394 0.577818 -0.726416 0.477437 0.405507 
-1.10826 0.0516003 0.211525 -0.725505 -0.922197 -0.78715 0.21481 -0.448008 -0.547751 -0.226034 -0.0731166 0.190684 0.169571 0.706347 -0.179468 -0.477142 0.0376239 0.0416926 0.0739958 0.634965 0.211034 0.88871 0.9183 0.66689 0.216728 0.328857 0.628618 -0.817145 0.496231 0.390495 
-1.11686 0.0424227 0.187521 -0.665168 -0.899096 -0.856215 0.241011 -0.479787 -0.492696 -0.260994 -0.0818274 0.158421 0.129284 0.647431 -0.173018 -0.507224 0.0577934 -0.0061173 0.0865125 0.612544 0.27905 0.937902 0.975444 0.674059 0.179047 0.374108 0.564673 -0.727605 0.469556 0.421246 
-1.06877 0.047788 0.233957 -0.64457 -0.837922 -0.883763 0.253633 -0.443209 -0.525982 -0.190935 -0.0633344 0.136203 0.123159 0.656165 -0.189953 -0.462591 -0.00763485 0.0122969 0.0816472 0.65698 0.242179 0.926119 0.93466 0.698207 0.167777 0.323006 0.64745 -0.730705 0.444804 0.418252 
-1.01934 0.106922 0.248246 -0.627205 -0.936597 -0.85243 0.188237 -0.399468 -0.546018 -0.255857 -0.0674224 0.0771953 0.116542 0.675144 -0.147226 -0.543548 0.0449336 0.00455923 0.0202957 0.609112 0.279651 0.908612 1.00906 0.691831 0.186401 0.329983 0.553881 -0.779629 0.448718 0.415533 
-1.0254 -0.00451627 0.230943 -0.685094 -0.855963 -0.908438 0.280401 -0.514669 -0.514378 -0.255692 -0.0627987 0.0570657 0.174077 0.607717 -0.079869 -0.512446 0.0288992 -0.0363482 0.102524 0.634758 0.286218 0.937663 0.9344 0.693869 0.149229 0.389733 0.528646 -0.719538 0.450825 0.489483 
-1.12873 0.0612716 0.185036 -0.703756 -0.874024 -0.883537 0.217857 -0.432671 -0.522126 -0.293128 -0.0846971 0.118489 0.113627 0.689016 -0.165082 -0.486288 0.0511506 0.00725384 0.0907913 0.61467 0.264964 0.852049 0.92377 0.731254 0.171866 0.396063 0.566101 -0.770175 0.483408 0.380837 
-1.12334 0.0603556 0.178633 -0.682881 -0.906433 -0.889936 0.231994 -0.455397 -0.517796 -0.189721 -0.0573464 0.0661188 0.180182 0.649572 -0.212232 -0.518223 0.0214697 0.00793415 0.0777069 0.61694 0.300218 0.959672 0.987071 0.7119 0.210098 0.350646 0.587792 -0.782007 0.497193 0.475512 
-1.07356 0.0793209 0.233959 -0.675118 -0.90605 -0.856868 0.210424 -0.478478 -0.542603 -0.152225 -0.0394626 0.114129 0.198124 0.682285 -0.163436 -0.535686 0.066484 0.0591264 0.051797 0.599732 0.230527 0.953716 0.854822 0.72752 0.214186 0.30999 0.569551 -0.786156 0.546764 0.444202 
-1.0442 0.0428269 0.201748 -0.656983 -0.836165 -0.830829 0.255999 -0.463072 -0.561734 -0.186788 -0.107091 0.0777197 0.135111 0.616775 -0.225622 -0.463856 -0.020996 -0.0168438 0.069546 0.625835 0.270147 0.936831 0.969253 0.660758 0.208431 0.390237 0.610301 -0.727836 0.477688 0.414712 
-1.09011 0.0917053 0.16304 -0.68289 -0.898356 -0.878962 0.221277 -0.453338 -0.568405 -0.301421 -0.0501704 0.0937839 0.141326 0.610512 -0.179492 -0.457549 -0.0226518 -0.0219847 0.0497244 0.581597 0.215889 0.956002 0.983827 0.763418 0.19697 0.404584 0.572099 -0.710352 0.469831 0.364171 
-1.06715 0.0432743 0.194184 -0.62439 -0.794624 -0.898116 0.261762 -0.406648 -0.528717 -0.190961 -0.0568736 0.171984 0.122814 0.604004 -0.188905 -0.443757 0.0180434 0.00773615 0.0650366 0.663189 0.259288 0.918696 0.939252 0.69532 0.122006 0.318428 0.616507 -0.750383 0.4374 0.434296 
-1.08157 0.0657168 0.0751512 -0.653853 -0.8865 -0.914625 0.298647 -0.472118 -0.580447 -0.168194 -0.0634448 0.0822875 0.0899817 0.643395 -0.147745 -0.531457 -0.014967 -0.00429394 0.0284262 0.512941 0.23286 0.876442 0.939952 0.70942 0.245259 0.37419 0.504144 -0.716056 0.454722 0.409815 
-1.02907 0.0619897 0.189193 -0.65422 -0.887417 -0.797039 0.210827 -0.459223 -0.565989 -0.291805 -0.148037 0.0917879 0.121201 0.721136 -0.20839 -0.511856 0.0124176 -0.0118926 0.0597433 0.599587 0.215771 0.877389 0.952643 0.673596 0.184218 0.359484 0.577966 -0.749064 0.456029 0.408572 
-1.08801 0.0742824 0.177174 -0.641032 -0.828788 -0.916602 0.357026 -0.465229 -0.525885 -0.188343 -0.0445926 0.0372025 0.0854628 0.61786 -0.134164 -0.581 -0.00951364 0.006913 0.0814975 0.521462 0.312549 0.96245 0.967715 0.673571 0.257954 0.454731 0.590602 -0.694252 0.469327 0.426701 
-1.05241 0.0270805 0.133223 -0.686894 -0.914787 -0.856712 0.227597 -0.436925 -0.55631 -0.263507 -0.0746195 0.124206 0.0858212 0.680076 -0.182079 -0.473479 0.0150435 -0.0713917 0.129816 0.67251 0.25782 0.895936 0.916979 0.679092 0.238978 0.338802 0.571366 -0.733618 0.451054 0.379795 
-1.0645 0.117664 0.186241 -0.669822 -0.908068 -0.817964 0.222397 -0.409739 -0.485082 -0.239094 -0.0330002 0.113041 0.142642 0.629518 -0.207621 -0.557483 0.0331344 0.0399216 0.0424398 0.673992 0.287057 0.948664 0.973255 0.686623 0.209919 0.369198 0.616103 -0.760055 0.451936 0.392558 
-1.04242 0.0497568 0.17782 -0.652689 -0.793512 -0.87955 0.24528 -0.451266 -0.565679 -0.205595 -0.0927004 0.16496 0.124382 0.689561 -0.233425 -0.418603 0.00600558 -0.0261754 0.0808192 0.665923 0.244647 0.901183 0.945288 0.686847 0.160584 0.327561 0.59673 -0.749064 0.497931 0.401218 
-1.09738 0.0740335 0.234383 -0.627479 -0.930133 -0.824758 0.249237 -0.439285 -0.558431 -0.214588 -0.0888326 0.127401 0.133977 0.679685 -0.246665 -0.516734 0.0767897 0.0133119 -0.0134589 0.615414 0.253642 0.962769 0.919022 0.718628 0.167668 0.321267 0.57179 -0.809514 0.586914 0.463149 
-1.08228 0.0149125 0.202532 -0.652015 -0.868295 -0.837133 0.245225 -0.475894 -0.55855 -0.195727 -0.0755165 0.0667133 0.0933355 0.614517 -0.214992 -0.468607 0.0130935 -0.0234208 0.0718551 0.607966 0.2596 0.882456 0.983801 0.671553 0.180496 0.385216 0.599079 -0.714292 0.461089 0.396363 
-1.0941 0.0223296 0.179616 -0.691871 -0.868484 -0.800366 0.203257 -0.497853 -0.509119 -0.237723 -0.0785579 0.132679 0.159852 0.633835 -0.156066 -0.481894 0.0674594 0.00291336 0.041687 0.592482 0.247984 0.913832 0.947776 0.650947 0.207245 0.378552 0.616694 -0.813289 0.457419 0.407076 
-1.12283 0.0437389 0.175678 -0.684556 -0.933047 -0.831151 0.23681 -0.465556 -0.524964 -0.249618 -0.0644608 0.139811 0.0878101 0.671978 -0.140123 -0.474378 0.100028 -0.0141579 0.0637912 0.662286 0.223376 0.938319 0.94021 0.706461 0.198099 0.391659 0.590317 -0.790684 0.496166 0.408219 
-1.09889 0.0528883 0.19461 -0.650226 -0.882772 -0.862684 0.163286 -0.402482 -0.578652 -0.288291 -0.0836102 0.161225 0.178951 0.664167 -0.195252 -0.450752 -0.0247145 -0.0214985 0.0138645 0.574171 0.238743 0.912505 0.991082 0.789546 0.197898 0.419027 0.546974 -0.722487 0.469069 0.375896 
-1.0619 0.072708 0.172594 -0.683931 -0.903953 -0.845165 0.244896 -0.442155 -0.518397 -0.24643 -0.0984407 0.128778 0.125843 0.670411 -0.225228 -0.472708 0.0355776 0.00269025 0.0714187 0.618244 0.226621 0.919545 0.966263 0.652909 0.163826 0.353238 0.574661 -0.753289 0.432493 0.400902 
-1.06699 0.0523386 0.174038 -0.709548 -0.84177 -0.87996 0.297616 -0.435404 -0.522765 -0.143774 -0.132154 0.101031 0.12587 0.641339 -0.203411 -0.395021 -0.0403033 -0.0107398 -0.012484 0.662772 0.183319 0.921654 0.906327 0.695363 0.229118 0.382656 0.549448 -0.792638 0.475801 0.387417 
-1.04604 0.0347222 0.150073 -0.641706 -0.875235 -0.866097 0.281464 -0.512963 -0.562201 -0.145605 -0.0642305 0.0799721 0.113905 0.622944 -0.133038 -0.514419 -0.0175174 -0.0346087 0.108371 0.574039 0.330359 0.898332 0.979557 0.663135 0.229796 0.408851 0.530155 -0.703612 0.462561 0.415493 
-1.0626 0.0282348 0.126661 -0.63422 -0.825352 -0.888436 0.315457 -0.489489 -0.526883 -0.135203 -0.0947408 0.0184178 0.0907236 0.603957 -0.121884 -0.513848 -0.0379229 0.00345603 0.086841 0.570877 0.330182 0.993797 1.02853 0.686801 0.291154 0.449716 0.567638 -0.68189 0.48983 0.405793 
-1.05892 0.0138866 0.189303 -0.666007 -0.852521 -0.870072 0.222642 -0.43552 -0.516727 -0.203227 -0.0725604 0.117184 0.105208 0.639869 -0.227172 -0.469908 -0.00458942 -0.0311395 0.100243 0.688123 0.245952 0.927918 0.966099 0.692389 0.177832 0.318778 0.6422 -0.743958 0.447519 0.427297 
-1.05413 0.0498068 0.132475 -0.62298 -0.837831 -0.888935 0.311988 -0.487414 -0.539523 -0.141653 -0.087898 0.019959 0.135026 0.630937 -0.0707691 -0.504857 -0.0269219 -0.0155709 0.10805 0.561551 0.353325 0.975197 1.04059 0.736249 0.329088 0.49155 0.526299 -0.661696 0.43698 0.407884 
-1.06649 0.107296 0.128189 -0.67861 -0.917185 -0.881817 0.255341 -0.426255 -0.54804 -0.268292 -0.0623753 0.160082 0.158298 0.696271 -0.147789 -0.46549 -0.020173 -0.0553967 0.0741397 0.630159 0.233852 0.935573 0.991752 0.694576 0.220258 0.379078 0.575751 -0.704378 0.431535 0.426967 
-1.02164 0.0991633 0.159929 -0.643168 -0.834019 -0.888132 0.267931 -0.522673 -0.521223 -0.256794 -0.0790231 0.0955251 0.112115 0.68454 -0.135167 -0.52107 -0.0115503 0.00769824 0.0881156 0.599382 0.296525 0.913386 0.992359 0.702413 0.278822 0.392283 0.528059 -0.7419 0.48242 0.40446 
-1.06089 0.0601831 0.149035 -0.633239 -0.85453 -0.8516 0.244693 -0.48215 -0.54782 -0.228568 -0.0708794 0.0486961 0.104554 0.643652 -0.132507 -0.508675 -0.0199539 -0.0111647 0.0641415 0.584397 0.266072 0.968347 0.998302 0.676006 0.216203 0.433657 0.572345 -0.667829 0.440117 0.391411 
-1.04495 0.0236851 0.101203 -0.691425 -0.94802 -0.902176 0.288107 -0.555514 -0.572774 -0.212886 -0.0994185 0.0312536 0.128736 0.675257 -0.0842285 -0.513912 -0.00873698 0.0304935 0.0827424 0.591968 0.395448 0.901196 0.990293 0.673563 0.237008 0.429299 0.595896 -0.717701 0.489665 0.47266 
-1.08128 0.0896434 0.19526 -0.718849 -0.835602 -0.90018 0.24194 -0.439223 -0.505396 -0.236439 -0.0450936 0.152896 0.127146 0.637802 -0.184643 -0.49883 0.0492859 -0.0751545 0.0490116 0.589674 0.295496 0.936438 0.95887 0.676405 0.228374 0.371822 0.605219 -0.753666 0.473847 0.410284 
-1.08147 0.0823406 0.172037 -0.690663 -0.915934 -0.876061 0.175321 -0.423011 -0.53794 -0.258448 -0.052453 0.115061 0.145358 0.660244 -0.155975 -0.422759 0.015106 -0.03832 0.0670539 0.582746 0.216307 0.930494 0.962703 0.691654 0.196991 0.386791 0.565952 -0.71194 0.441836 0.387636 
-1.0415 0.0578837 0.199391 -0.660276 -0.872213 -0.861411 0.199384 -0.451896 -0.527812 -0.282095 -0.0551565 0.11938 0.1128 0.686864 -0.181617 -0.491504 -0.0054653 0.00287697 0.0747663 0.578011 0.230152 0.905582 0.963463 0.693881 0.225731 0.426155 0.553925 -0.726275 0.439552 0.390644 
-1.06875 0.0804971 0.124255 -0.643032 -0.912768 -0.863674 0.330128 -0.485132 -0.544565 -0.155427 -0.0745564 0.053248 0.10797 0.615303 -0.112002 -0.499688 -0.0266756 -0.0069622 0.0960847 0.542678 0.26794 0.88926 1.00684 0.702818 0.227797 0.40699 0.548061 -0.717747 0.476743 0.41492 
-1.08387 0.103972 0.112857 -0.664804 -0.902862 -0.786597 0.260908 -0.494184 -0.550709 -0.284556 -0.101114 0.0883495 0.119283 0.685555 -0.175582 -0.481279 0.0059514 0.0146341 0.0624057 0.592577 0.259346 0.863076 0.968819 0.656581 0.213848 0.405238 0.533212 -0.776935 0.454203 0.483324 
-1.08328 0.0495073 0.124211 -0.658287 -0.867271 -0.834226 0.241349 -0.505321 -0.530878 -0.223724 -0.116068 0.0171071 0.13555 0.638387 -0.152843 -0.509241 0.00969485 0.0128325 0.0949602 0.585384 0.247245 0.934141 0.989041 0.661012 0.266501 0.400401 0.548688 -0.715679 0.49244 0.438226 
-1.04918 0.047509 0.173286 -0.667478 -0.86524 -0.887225 0.226581 -0.457412 -0.521458 -0.272948 -0.0985295 0.117222 0.119723 0.680285 -0.235483 -0.449927 0.00750714 -0.0515558 0.0869669 0.653685 0.239347 0.920687 0.919762 0.651218 0.197173 0.329067 0.558329 -0.740864 0.45837 0.399223 
-1.10063 0.0989957 0.173947 -0.709643 -0.884601 -0.839052 0.227461 -0.409258 -0.531149 -0.217998 -0.0645977 0.131414 0.131663 0.648676 -0.177013 -0.527594 0.036356 0.0297101 0.0432135 0.629978 0.278972 0.957783 0.976807 0.693427 0.192119 0.363327 0.55874 -0.746733 0.492574 0.418967 
-1.07841 0.104235 0.175215 -0.69574 -0.904875 -0.866839 0.230329 -0.452708 -0.54472 -0.321492 -0.0904715 0.15339 0.117285 0.64755 -0.159439 -0.421611 -0.028345 0.0068381 0.0658043 0.57896 0.249547 0.865174 0.982037 0.756932 0.251819 0.425055 0.552585 -0.741023 0.448013 0.369544 
-1.09623 0.122352 0.159272 -0.706707 -0.904963 -0.87986 0.208814 -0.458484 -0.532494 -0.217232 -0.0690196 0.0757013 0.160703 0.667784 -0.162189 -0.471246 0.0442173 0.0584442 0.045083 0.599603 0.282875 1.01818 0.981599 0.642421 0.213098 0.393355 0.590382 -0.718362 0.439334 0.446658 
-1.09518 0.102255 0.176457 -0.687319 -0.928585 -0.876522 0.223536 -0.45779 -0.545843 -0.197647 -0.0594341 0.0831064 0.135392 0.646764 -0.186146 -0.484217 0.0674578 0.0636652 0.046168 0.591944 0.272238 1.01039 0.994581 0.652393 0.187048 0.392225 0.59494 -0.739204 0.428468 0.453089 
-1.09321 0.111125 0.160972 -0.726103 -0.913087 -0.864985 0.22529 -0.471861 -0.552237 -0.232075 -0.0545372 0.093651 0.148471 0.670429 -0.13647 -0.475184 0.0606465 0.0676859 0.0319056 0.622213 0.271052 1.00774 0.986189 0.66554 0.213936 0.369129 0.585904 -0.726956 0.415495 0.443389 
-1.07812 0.0607576 0.186574 -0.692542 -0.89559 -0.851491 0.223153 -0.47105 -0.518945 -0.252566 -0.107328 0.140397 0.127399 0.665522 -0.184703 -0.482719 0.0389208 -0.0133358 0.0768917 0.620741 0.251434 0.916812 0.955622 0.679907 0.175834 0.378727 0.588422 -0.745354 0.448171 0.408968 
-1.0519 0.0662849 0.206416 -0.678773 -0.910163 -0.862472 0.215261 -0.486441 -0.535354 -0.249161 -0.102101 0.148182 0.119771 0.65503 -0.201388 -0.479956 0.0258602 -0.0133993 0.0848627 0.637744 0.251079 0.943684 0.942591 0.667047 0.16975 0.397434 0.599921 -0.763643 0.425288 0.434974 
-1.07893 0.0874298 0.206969 -0.702969 -0.889667 -0.864666 0.22137 -0.480892 -0.511289 -0.24663 -0.13379 0.157887 0.123791 0.664907 -0.190914 -0.456214 0.0267115 0.0108273 0.07624 0.632193 0.242517 0.900206 0.97135 0.686475 0.184935 0.378468 0.596157 -0.768833 0.466506 0.423488 
-1.07541 0.0400955 0.148783 -0.662733 -0.8384 -0.875353 0.24342 -0.440775 -0.56746 -0.282316 -0.079487 0.117219 0.125203 0.628653 -0.216184 -0.492379 -0.00195571 -0.00909578 0.0637275 0.646564 0.243287 0.939895 0.967127 0.694048 0.168328 0.347145 0.570211 -0.726188 0.448539 0.389958 
-1.07225 0.0373639 0.169248 -0.667651 -0.818432 -0.880651 0.258544 -0.42519 -0.573727 -0.269664 -0.0914185 0.120729 0.144299 0.645933 -0.230395 -0.516325 0.0154853 -0.031807 0.0461749 0.633801 0.231166 0.961711 0.991546 0.676714 0.183769 0.367268 0.55402 -0.734993 0.438709 0.363236 
-1.09922 0.0483331 0.148012 -0.682525 -0.852583 -0.900967 0.239347 -0.42361 -0.549482 -0.293322 -0.0927001 0.0961993 0.137865 0.628443 -0.22643 -0.499081 -0.0128907 -0.0157603 0.0553081 0.630435 0.267036 0.963507 0.978824 0.709899 0.194712 0.35711 0.582454 -0.725588 0.434576 0.382183 
-1.06125 0.0264252 0.12431 -0.615806 -0.847416 -0.858196 0.310835 -0.49919 -0.562278 -0.143489 -0.0684412 0.0290145 0.121517 0.644037 -0.0798374 -0.518134 -0.0554999 0.00944982 0.116911 0.576529 0.327494 0.96463 1.0252 0.705034 0.29087 0.4955 0.539037 -0.667295 0.473962 0.396892 
-1.04513 0.00126509 0.105298 -0.625812 -0.859293 -0.875465 0.318391 -0.494215 -0.58827 -0.153159 -0.0572276 0.0399604 0.129251 0.65563 -0.0791107 -0.528458 -0.0618403 0.0100533 0.122057 0.569323 0.329986 0.961949 1.04739 0.725895 0.288757 0.498677 0.534914 -0.675513 0.499445 0.385443 
-1.0617 0.0405991 0.138074 -0.602632 -0.856768 -0.871162 0.294732 -0.481154 -0.55738 -0.164918 -0.0576259 0.0448997 0.14014 0.656442 -0.0782163 -0.520708 -0.07695 -0.000386606 0.107755 0.587249 0.30909 0.984643 1.01745 0.728564 0.313527 0.503963 0.523535 -0.687869 0.487966 0.398538 
-1.07719 0.0753266 0.109442 -0.67364 -0.939862 -0.828509 0.22729 -0.47965 -0.57285 -0.264088 -0.101217 0.109895 0.109357 0.682935 -0.146017 -0.530015 -0.00696563 -0.0109781 0.0881682 0.597227 0.217527 0.902436 1.03202 0.688427 0.224414 0.375554 0.593324 -0.783356 0.474043 0.462376 
-1.06665 0.0710339 0.1234 -0.664427 -0.965352 -0.805168 0.222289 -0.473038 -0.564116 -0.259765 -0.115618 0.13556 0.134373 0.662072 -0.120767 -0.515896 -0.00625592 0.00432141 0.0863428 0.622717 0.209775 0.921374 1.05115 0.675207 0.219218 0.3876 0.610209 -0.80937 0.486344 0.472532 
-1.10246 0.0921754 0.0959316 -0.66112 -0.916803 -0.826125 0.225214 -0.475303 -0.569162 -0.260723 -0.0981183 0.0879411 0.128273 0.68817 -0.125422 -0.539355 0.0135543 -0.0087364 0.0681696 0.582565 0.229532 0.916902 1.0313 0.69806 0.20278 0.38506 0.584457 -0.788315 0.494485 0.488729 
-1.07254 0.073114 0.131525 -0.65415 -0.926242 -0.813377 0.24738 -0.462876 -0.550032 -0.256024 -0.106682 0.104519 0.126489 0.662518 -0.158538 -0.509071 0.00865122 -0.0323235 0.0622851 0.624062 0.242468 0.906409 1.01283 0.665735 0.229409 0.385478 0.569195 -0.761819 0.450245 0.458049 
-1.09174 0.0746582 0.149 -0.647523 -0.941401 -0.820676 0.237723 -0.438255 -0.546761 -0.262975 -0.105326 0.0931435 0.100111 0.669568 -0.14479 -0.520784 0.00942206 -0.0471791 0.0633128 0.611019 0.226426 0.889445 0.988478 0.671219 0.217706 0.367646 0.58684 -0.781404 0.464633 0.476087 
-1.05577 0.0888411 0.130238 -0.634427 -0.927507 -0.820901 0.239061 -0.441346 -0.564628 -0.278928 -0.127452 0.103504 0.100691 0.650161 -0.140345 -0.506131 0.0167334 -0.0142128 0.0693736 0.642721 0.231117 0.884779 1.02203 0.691921 0.217644 0.362428 0.594495 -0.747263 0.469892 0.479723 
-1.06853 0.0802666 0.150835 -0.694751 -0.899332 -0.855008 0.232036 -0.489126 -0.557194 -0.26326 -0.0992722 0.138164 0.1331 0.670742 -0.154227 -0.485417 0.0155188 -0.0493317 0.083994 0.608143 0.245343 0.911651 0.969906 0.662273 0.215626 0.398584 0.571454 -0.730888 0.460894 0.413231 
-1.07365 0.103644 0.165225 -0.71141 -0.912628 -0.874707 0.237525 -0.475666 -0.537478 -0.256981 -0.0728512 0.114684 0.148174 0.681764 -0.163025 -0.489498 0.00335411 -0.0226669 0.104265 0.609957 0.224689 0.926756 0.949285 0.675671 0.233981 0.41372 0.586179 -0.749352 0.486858 0.400012 
-1.05706 0.075097 0.153683 -0.704808 -0.908794 -0.831747 0.248567 -0.492921 -0.546915 -0.27439 -0.0737104 0.119627 0.134412 0.658591 -0.15321 -0.506826 0.0305117 -0.0407865 0.0624182 0.604477 0.259028 0.888253 0.996351 0.640492 0.235041 0.386661 0.588808 -0.731256 0.439483 0.402468 
-1.07318 0.0677819 0.126821 -0.668863 -0.892851 -0.921586 0.263328 -0.442597 -0.580386 -0.300278 -0.0597012 0.0995345 0.148528 0.616958 -0.161734 -0.525095 0.00109313 -0.0343498 0.076215 0.605039 0.238357 0.949106 0.971179 0.701222 0.195291 0.412906 0.547185 -0.725111 0.442596 0.401165 
-1.08793 0.0838251 0.145838 -0.662895 -0.890617 -0.92691 0.237061 -0.436777 -0.593949 -0.293368 -0.0670907 0.101542 0.156267 0.628157 -0.157459 -0.501513 -0.0100175 -0.0113608 0.0796552 0.585385 0.234237 0.954492 0.972553 0.694972 0.188812 0.400968 0.525639 -0.709419 0.462162 0.401602 
-1.09073 0.0718194 0.140908 -0.655696 -0.916241 -0.920268 0.282888 -0.466076 -0.60095 -0.305364 -0.0468255 0.0950061 0.12387 0.601526 -0.137451 -0.50196 -0.0131058 -0.0445505 0.0571812 0.601889 0.216908 0.960062 0.960647 0.694942 0.1721 0.430099 0.551777 -0.735611 0.450157 0.392318 
-1.08325 0.0968356 0.157985 -0.671884 -0.880707 -0.907543 0.214562 -0.440154 -0.546092 -0.285213 -0.0848541 0.145121 0.149781 0.644704 -0.183892 -0.475073 -0.0148782 -0.0142069 0.0289632 0.56711 0.275318 0.899738 0.978444 0.730553 0.202736 0.36811 0.571596 -0.72367 0.454069 0.375757 
-1.07868 0.110529 0.155315 -0.663026 -0.855523 -0.918887 0.215309 -0.449738 -0.531011 -0.29222 -0.0973563 0.168603 0.155966 0.629594 -0.157481 -0.494738 -0.0179979 -0.0334771 0.0123673 0.565988 0.258811 0.885721 0.980871 0.739048 0.188922 0.362012 0.576369 -0.740638 0.47294 0.396656 
-1.08754 0.0826868 0.163384 -0.666763 -0.895396 -0.921969 0.196519 -0.433996 -0.567156 -0.310806 -0.0809713 0.161415 0.157787 0.644487 -0.18729 -0.470018 -0.0128835 -0.0164996 0.0143928 0.580256 0.263387 0.89682 0.978856 0.756533 0.194786 0.359741 0.558576 -0.733554 0.435836 0.373657 
-1.07573 0.091108 0.176929 -0.655457 -0.908355 -0.813689 0.246891 -0.452776 -0.539141 -0.249053 -0.0705443 0.10954 0.12811 0.661483 -0.183397 -0.511256 0.0329263 0.0264118 0.06198 0.631166 0.2541 0.913735 0.998503 0.673878 0.218051 0.370481 0.569258 -0.764306 0.469702 0.440386 
-1.08956 0.087065 0.172166 -0.641636 -0.882632 -0.83918 0.272529 -0.462138 -0.564567 -0.227153 -0.0945989 0.131147 0.117206 0.683669 -0.174687 -0.507662 0.0498208 0.024706 0.0628175 0.619101 0.238387 0.896431 1.01936 0.69655 0.238594 0.366556 0.568365 -0.786243 0.487234 0.419463 
-1.05172 0.0823511 0.194831 -0.644843 -0.930265 -0.803894 0.269795 -0.440758 -0.541075 -0.230982 -0.0484677 0.0849918 0.110729 0.635025 -0.175664 -0.528431 0.0445608 0.0260245 0.0602864 0.62224 0.233025 0.907976 1.01472 0.68411 0.239472 0.378963 0.564164 -0.759612 0.474496 0.453941 
-1.06945 0.0506796 0.124932 -0.653752 -0.882972 -0.918473 0.299782 -0.444088 -0.572715 -0.20468 -0.0622283 0.0857014 0.147574 0.633612 -0.0919517 -0.520835 -0.0542773 -0.0280072 0.115264 0.597184 0.271722 0.953009 0.981482 0.702914 0.270852 0.485904 0.545765 -0.685262 0.451455 0.3972 
-1.07759 0.08705 0.157093 -0.679839 -0.86167 -0.876071 0.234387 -0.448221 -0.542793 -0.280404 -0.0776293 0.102984 0.138542 0.659818 -0.197162 -0.482519 0.0249892 0.0143201 0.0592395 0.643652 0.267638 0.996541 0.967723 0.664921 0.208576 0.360475 0.575123 -0.720954 0.440753 0.429008 
-1.06949 0.0779065 0.146646 -0.673922 -0.92405 -0.831939 0.228712 -0.481978 -0.56749 -0.263723 -0.099554 0.119215 0.113393 0.674498 -0.151494 -0.493385 0.0126637 -0.0308071 0.0849923 0.597886 0.23328 0.907597 1.00242 0.679304 0.219193 0.379229 0.573395 -0.750043 0.472749 0.461313 
-1.07614 0.0883092 0.175738 -0.672514 -0.939592 -0.827677 0.239163 -0.461785 -0.547119 -0.261308 -0.08121 0.109861 0.11314 0.674258 -0.177212 -0.518439 0.00113375 -0.00761734 0.0667044 0.617086 0.217711 0.904976 1.01625 0.683525 0.219935 0.370951 0.579508 -0.764468 0.47274 0.455433 
-1.07508 0.0738062 0.123089 -0.65544 -0.932017 -0.822892 0.229924 -0.464716 -0.561245 -0.258649 -0.101424 0.108319 0.125294 0.671935 -0.148754 -0.522969 0.00433497 -0.0283805 0.0814419 0.611146 0.219586 0.902673 1.02297 0.681586 0.224811 0.380755 0.58551 -0.780309 0.458033 0.45927 
-1.06642 0.0618844 0.118786 -0.645765 -0.86663 -0.835801 0.255791 -0.496016 -0.562377 -0.215529 -0.0887278 0.0297315 0.110635 0.648497 -0.131081 -0.524932 -0.0226557 -0.00468252 0.113443 0.57973 0.247683 0.94131 1.02528 0.70213 0.229923 0.475153 0.591095 -0.705271 0.473971 0.441452 
-1.07914 0.108279 0.14787 -0.696437 -0.918017 -0.839603 0.220043 -0.465868 -0.554397 -0.256421 -0.0703368 0.0899068 0.115247 0.681859 -0.1604 -0.485619 0.030687 0.0574901 0.0672498 0.598459 0.235012 0.906152 1.02697 0.687946 0.222657 0.389243 0.591282 -0.774705 0.461629 0.451581 
-1.07684 0.0771583 0.115944 -0.666927 -0.912334 -0.827863 0.228703 -0.47538 -0.566144 -0.25924 -0.082725 0.109689 0.127565 0.668905 -0.158092 -0.514014 0.0299946 -0.0107051 0.0855058 0.629878 0.230778 0.904376 1.02645 0.674983 0.218732 0.37282 0.576613 -0.764614 0.471147 0.444927 
-1.07567 0.0759454 0.127764 -0.657277 -0.898288 -0.890823 0.259844 -0.446171 -0.566006 -0.267018 -0.0703275 0.10204 0.131701 0.64663 -0.182377 -0.521328 0.0298113 -0.00727516 0.0630742 0.628026 0.251914 0.923925 0.993209 0.697571 0.209219 0.375142 0.54876 -0.734113 0.448859 0.415667 
-1.07791 0.0643027 0.143759 -0.640466 -0.857762 -0.902012 0.218224 -0.489873 -0.559031 -0.250616 -0.0808444 0.133933 0.14848 0.644045 -0.157266 -0.475894 -0.0409629 -0.00937318 0.0956236 0.573744 0.312564 0.916918 1.01115 0.714103 0.220102 0.380549 0.545841 -0.674475 0.462771 0.377818 
-1.08117 0.0963448 0.154542 -0.681458 -0.894042 -0.897652 0.218558 -0.455691 -0.549209 -0.281709 -0.0989485 0.141415 0.133919 0.646045 -0.181297 -0.475334 -0.00303745 -0.0155515 0.0670709 0.582615 0.249544 0.903413 0.97669 0.70829 0.213433 0.374234 0.571482 -0.725581 0.456833 0.393166 
-1.07698 0.107599 0.151338 -0.675424 -0.867774 -0.87593 0.216151 -0.448241 -0.533671 -0.26268 -0.0724716 0.0849303 0.150269 0.662637 -0.200187 -0.484926 0.0110235 0.0264687 0.0551133 0.61212 0.249016 0.991667 0.971822 0.644228 0.20798 0.362517 0.579649 -0.723078 0.448527 0.412163 
-1.07805 0.0889752 0.143819 -0.656449 -0.908725 -0.866041 0.239615 -0.452483 -0.54654 -0.275974 -0.0899941 0.127944 0.13629 0.652274 -0.173228 -0.482624 0.00435746 -0.0294382 0.0531159 0.593693 0.265648 0.901543 0.993007 0.684289 0.222342 0.382645 0.570249 -0.735577 0.451077 0.423175 
-1.08287 0.0890207 0.124299 -0.673393 -0.899993 -0.904632 0.225409 -0.478185 -0.56304 -0.283246 -0.0961213 0.140379 0.120862 0.671666 -0.172695 -0.482415 -0.0124982 -0.0133948 0.0472723 0.585599 0.236818 0.901253 1.03153 0.729093 0.211639 0.372962 0.586727 -0.767632 0.459361 0.381133 
-1.08478 0.116369 0.13446 -0.679392 -0.899917 -0.921271 0.231426 -0.45821 -0.557821 -0.24539 -0.067903 0.0970565 0.159562 0.617368 -0.162032 -0.488812 0.0282167 0.0243745 0.0731326 0.602565 0.252846 0.988033 0.972088 0.68295 0.201365 0.406947 0.562402 -0.718366 0.442137 0.437546 
-1.07679 0.0765477 0.145475 -0.690096 -0.91306 -0.850435 0.228863 -0.481848 -0.569186 -0.263728 -0.100419 0.117811 0.12591 0.67105 -0.148463 -0.517883 0.000183655 -0.0147016 0.0857387 0.599051 0.243656 0.903208 0.986623 0.665108 0.21795 0.38082 0.582634 -0.780661 0.465697 0.445737 
-1.06898 0.0864168 0.136698 -0.629506 -0.861512 -0.851923 0.293646 -0.498277 -0.559589 -0.244809 -0.0699245 0.0383708 0.1221 0.651521 -0.0890643 -0.515058 -0.0307267 0.017744 0.0635488 0.609325 0.268861 0.935964 1.02137 0.701739 0.255079 0.459702 0.557274 -0.73574 0.473406 0.440131 
-1.07717 0.0757173 0.162141 -0.673588 -0.909544 -0.814786 0.233455 -0.45527 -0.555842 -0.256819 -0.0798201 0.109648 0.116639 0.668954 -0.157301 -0.513984 0.0180034 0.00539425 0.0790699 0.607869 0.245894 0.912445 0.999728 0.688255 0.223681 0.373458 0.572541 -0.771606 0.473106 0.446821 
-1.09219 0.0739683 0.148641 -0.66974 -0.903371 -0.884243 0.241871 -0.456724 -0.545091 -0.242366 -0.0659483 0.0802003 0.157142 0.64586 -0.161911 -0.482723 0.0387452 -0.0145251 0.0497822 0.603795 0.269726 1.01265 0.979926 0.665289 0.209544 0.39931 0.553272 -0.721802 0.439956 0.427201 
-1.07025 0.0400145 0.125176 -0.618405 -0.90852 -0.827856 0.247484 -0.486611 -0.55496 -0.250769 -0.0725174 0.0996977 0.123698 0.650596 -0.0994214 -0.511574 -0.0349827 -0.00847279 0.1039 0.611988 0.3188 0.932591 1.02166 0.669677 0.277041 0.483029 0.553004 -0.704535 0.466444 0.448369 
