-1.0827 0.107551 0.17844 -0.657155 -0.939699 -0.832034 0.238298 -0.46697 -0.523667 -0.251716 -0.0729639 0.110259 0.0857884 0.651368 -0.168423 -0.539921 -0.00414099 0.00290269 0.0731081 0.600139 0.226335 0.92871 0.990207 0.688173 0.201459 0.343832 0.579931 -0.744046 0.477658 0.456925 
-1.05981 0.0613913 0.221592 -0.665667 -0.821686 -0.90825 0.272203 -0.424765 -0.511244 -0.180622 -0.0489928 0.123602 0.140076 0.655345 -0.200826 -0.44133 -0.0318182 0.0057273 0.0561611 0.647607 0.246154 0.931704 0.928032 0.697701 0.182373 0.338012 0.65343 -0.728594 0.426357 0.412935 
-1.04014 0.137812 0.188275 -0.617973 -0.850971 -0.810188 0.31072 -0.420085 -0.576174 -0.232058 -0.0390475 0.101674 0.0988934 0.62471 -0.118545 -0.492867 -0.0152619 -0.010969 0.130965 0.577272 0.264706 0.93715 0.973822 0.671941 0.22953 0.393293 0.534833 -0.729974 0.460777 0.425768 
-1.0936 0.101436 0.178663 -0.706861 -0.909462 -0.862295 0.225694 -0.429 -0.565868 -0.298646 -0.070545 0.154387 0.1231 0.667568 -0.145243 -0.417727 -0.0231708 0.0211936 0.0659931 0.568351 0.257552 0.842752 0.97158 0.774423 0.270141 0.422236 0.573984 -0.751528 0.431364 0.391253 
-1.08533 0.108184 0.195939 -0.702841 -0.876866 -0.856233 0.242425 -0.495586 -0.496658 -0.229897 -0.135338 0.159363 0.143638 0.67029 -0.212461 -0.449883 0.0121705 -0.00829624 0.075811 0.647812 0.226308 0.886053 0.972519 0.67767 0.211407 0.390471 0.622223 -0.768225 0.485315 0.403924 
-1.01911 0.060442 0.164532 -0.642896 -0.864565 -0.874716 0.258706 -0.514245 -0.587874 -0.141283 -0.0897877 0.0652047 0.0870886 0.633335 -0.152713 -0.494614 -0.0122192 -0.01584 0.0845659 0.594466 0.353969 0.879768 0.957109 0.678372 0.226323 0.416573 0.5124 -0.729526 0.486578 0.439164 
-1.06984 0.0950363 0.179372 -0.652881 -0.94702 -0.795226 0.26341 -0.418323 -0.557694 -0.235733 -0.0400964 0.0915347 0.118562 0.619853 -0.179326 -0.542217 0.0178909 0.0508066 0.0664727 0.624963 0.229104 0.916882 1.01204 0.698666 0.232238 0.384355 0.560472 -0.737185 0.478075 0.462896 
-1.06871 0.0408758 0.214505 -0.660141 -0.824472 -0.819811 0.261177 -0.454849 -0.549857 -0.170283 -0.100567 0.104219 0.112825 0.601285 -0.213169 -0.474686 -0.000314894 -0.00141513 0.0627342 0.63989 0.256679 0.934935 0.955295 0.634178 0.189578 0.392553 0.590384 -0.737914 0.482785 0.401376 
-1.0495 -0.0132989 0.085966 -0.611913 -0.85558 -0.842943 0.315438 -0.450938 -0.613995 -0.253697 -0.11705 0.0656014 0.0563905 0.643056 -0.221849 -0.464128 0.0732351 0.0237346 0.0242698 0.597907 0.271898 0.985352 0.91078 0.696922 0.173772 0.405636 0.57891 -0.682369 0.449574 0.43623 
-1.10221 0.0600408 0.187529 -0.672468 -0.912827 -0.833537 0.235554 -0.501072 -0.487061 -0.252583 -0.0675996 0.175342 0.1476 0.660151 -0.177608 -0.48883 0.0326871 0.00721377 0.0894826 0.62642 0.296814 0.941605 0.972712 0.682103 0.156329 0.383165 0.578489 -0.710826 0.44481 0.419342 
-1.08494 0.0983047 0.159636 -0.705588 -0.922273 -0.812456 0.215384 -0.490747 -0.5808 -0.258545 -0.0953049 0.0991767 0.134389 0.698228 -0.167649 -0.477166 0.0334576 0.0754284 0.0700658 0.600649 0.245562 0.908986 1.00641 0.712267 0.20726 0.387249 0.584248 -0.785921 0.457083 0.466802 
-1.07169 0.0601374 0.124266 -0.661837 -0.856513 -0.861458 0.238273 -0.484295 -0.530972 -0.18191 -0.0700344 0.0336068 0.108104 0.631559 -0.132427 -0.45072 -0.018419 -0.0424734 0.0811196 0.679273 0.313547 0.931702 0.964207 0.705156 0.176704 0.444617 0.56268 -0.687311 0.447388 0.380194 
-1.10085 0.0604694 0.184858 -0.743126 -0.920965 -0.78208 0.209839 -0.431826 -0.552344 -0.206319 -0.0874073 0.188576 0.181334 0.691875 -0.176849 -0.468898 0.0592326 0.045438 0.0998454 0.638786 0.220441 0.887275 0.901797 0.688338 0.227124 0.319827 0.62217 -0.807235 0.499439 0.405008 
-1.04309 0.0730943 0.184719 -0.654389 -0.866605 -0.879676 0.236158 -0.463136 -0.61166 -0.246103 -0.0471036 0.148054 0.127718 0.662167 -0.14236 -0.470603 0.00460345 -0.0549273 0.0339874 0.647904 0.279536 0.903281 0.915554 0.700388 0.278802 0.38216 0.559724 -0.73649 0.43912 0.400385 
-1.05787 0.0232627 0.137032 -0.608708 -0.823726 -0.859532 0.3364 -0.495704 -0.581099 -0.144792 -0.0607264 0.0314526 0.123404 0.642996 -0.0780278 -0.544179 -0.0350219 0.0234569 0.105425 0.56243 0.335966 0.991028 1.02753 0.713436 0.289495 0.514944 0.564142 -0.661996 0.494195 0.404536 
-1.01552 0.114368 0.176853 -0.64444 -0.822087 -0.861918 0.263192 -0.533261 -0.534044 -0.275465 -0.0579368 0.0816325 0.114415 0.702537 -0.111653 -0.504683 -0.0233915 0.0182203 0.089649 0.611649 0.314348 0.909984 0.96609 0.677273 0.277389 0.408366 0.553382 -0.727463 0.50632 0.421889 
-1.05928 0.0369545 0.208338 -0.664278 -0.825326 -0.880007 0.20345 -0.41244 -0.528701 -0.229567 -0.0995268 0.112131 0.0791544 0.625934 -0.2328 -0.485379 0.0225589 -0.0144084 0.0855997 0.706209 0.273059 0.912573 0.952224 0.695871 0.187271 0.329613 0.662339 -0.733577 0.440519 0.442 
-1.09064 0.0539528 0.171281 -0.69859 -0.837154 -0.854584 0.318483 -0.42141 -0.537081 -0.158906 -0.143328 0.10187 0.14043 0.634886 -0.228904 -0.420365 -0.0339982 0.0156952 -0.0116194 0.654141 0.161386 0.904781 0.892061 0.680611 0.246285 0.397134 0.531443 -0.808362 0.502571 0.362762 
-1.10785 0.0904793 0.100742 -0.678096 -0.875335 -0.91242 0.293897 -0.472003 -0.561547 -0.181651 -0.0594649 0.0615031 0.0998372 0.617064 -0.124206 -0.540924 -0.0213141 -0.0297884 0.036912 0.521934 0.233234 0.89999 0.92273 0.712824 0.247521 0.397254 0.494274 -0.731448 0.471369 0.388435 
-1.04109 0.0214926 0.160887 -0.688101 -0.888986 -0.913657 0.240893 -0.466244 -0.502384 -0.283738 -0.0848145 0.13212 0.100854 0.702231 -0.25443 -0.430592 0.0228518 -0.0487926 0.0884312 0.645546 0.222051 0.901668 0.934673 0.654313 0.184376 0.335044 0.550946 -0.722132 0.453804 0.400763 
-1.04536 0.00960847 0.234203 -0.690568 -0.875978 -0.887826 0.278647 -0.490944 -0.493611 -0.276489 -0.0361865 0.0398177 0.200769 0.610578 -0.0619716 -0.486559 0.03918 -0.0170305 0.108233 0.635595 0.270457 0.941046 0.912294 0.680515 0.155227 0.379417 0.529107 -0.70949 0.432521 0.506719 
-1.11489 0.110742 0.182812 -0.70324 -0.859732 -0.814414 0.244097 -0.434796 -0.554543 -0.191816 -0.0865402 0.136452 0.151166 0.627592 -0.198815 -0.539306 0.0168785 0.040206 0.0674032 0.627025 0.261028 0.951114 0.960199 0.684628 0.192293 0.353051 0.559361 -0.722689 0.500699 0.414857 
-1.04369 0.0258634 0.100027 -0.636552 -0.91207 -0.851315 0.272543 -0.491367 -0.571655 -0.251762 -0.0773112 0.0937555 0.14781 0.669892 -0.0760725 -0.503838 -0.0226875 0.00640883 0.0896891 0.62837 0.31789 0.940197 1.01054 0.655288 0.272878 0.506861 0.554535 -0.727018 0.459931 0.464646 
-1.11555 0.120506 0.174285 -0.728066 -0.939811 -0.856556 0.231446 -0.464486 -0.570901 -0.210843 -0.0512589 0.0748618 0.161713 0.657701 -0.111055 -0.45684 0.0418851 0.0506944 0.0549908 0.649233 0.284907 1.0283 0.980202 0.677185 0.226037 0.360125 0.559243 -0.702533 0.415603 0.456012 
-1.04451 0.0505129 0.130138 -0.601808 -0.840692 -0.849819 0.312554 -0.46934 -0.541842 -0.138225 -0.0804998 0.0219577 0.158409 0.670584 -0.0767829 -0.532478 -0.0959266 0.00601431 0.110405 0.612586 0.311133 0.970006 1.02212 0.754448 0.337316 0.510244 0.50902 -0.672733 0.469808 0.403019 
-1.07399 0.029858 0.207082 -0.646449 -0.895954 -0.837531 0.189268 -0.407969 -0.572331 -0.276163 -0.0763846 0.167582 0.161671 0.6426 -0.214882 -0.475211 -0.00909738 -0.0234173 -0.011572 0.580806 0.230886 0.886497 1.01295 0.785432 0.194217 0.40014 0.552858 -0.709971 0.449553 0.365649 
-1.087 0.0968686 0.200634 -0.656481 -0.893663 -0.822653 0.225447 -0.450078 -0.559565 -0.259615 -0.0517075 0.0824695 0.153348 0.679689 -0.205236 -0.505801 0.0476875 0.0467049 0.0805968 0.638641 0.252271 0.906193 1.00315 0.647082 0.214095 0.367909 0.588083 -0.748302 0.474755 0.453339 
-1.0601 0.0323488 0.137381 -0.626601 -0.830212 -0.903613 0.293223 -0.502518 -0.547505 -0.137816 -0.102839 0.0419471 0.105286 0.626842 -0.143208 -0.531448 -0.0251179 -0.012505 0.110184 0.59661 0.307708 1.00687 1.00406 0.670489 0.293799 0.459098 0.545344 -0.703707 0.474705 0.419941 
-1.11544 0.064979 0.168759 -0.667342 -0.879516 -0.864441 0.228607 -0.437715 -0.541159 -0.245793 -0.0850546 0.0880009 0.155199 0.657753 -0.156144 -0.471898 0.0218678 0.00361028 0.0714662 0.60163 0.256766 1.00029 1.00308 0.666009 0.211709 0.412204 0.564767 -0.722771 0.463938 0.412967 
-1.05313 0.0725 0.17756 -0.704535 -0.895591 -0.839087 0.25664 -0.463004 -0.560771 -0.253926 -0.0662073 0.134036 0.137339 0.649866 -0.157766 -0.486293 -0.00649905 -0.0300668 0.049595 0.62708 0.273046 0.927311 0.981537 0.678561 0.200727 0.432786 0.525903 -0.76674 0.45679 0.36009 
-1.04635 0.0684124 0.156998 -0.677137 -0.872776 -0.834902 0.248469 -0.462592 -0.54035 -0.252386 -0.101451 0.147298 0.158403 0.660871 -0.133805 -0.462492 0.00939181 -0.0697579 0.106081 0.596604 0.234989 0.908194 0.990703 0.649784 0.205909 0.394822 0.551407 -0.719325 0.4629 0.394521 
-1.09662 0.0961031 0.14961 -0.650411 -0.92146 -0.806643 0.217611 -0.4717 -0.581167 -0.247767 -0.123905 0.0843568 0.148298 0.664849 -0.129954 -0.514358 0.0179307 -0.02312 0.0658143 0.59562 0.205186 0.91794 1.00923 0.663073 0.246654 0.365355 0.559059 -0.757552 0.457361 0.446019 
-1.10673 0.0862214 0.168643 -0.625541 -0.958436 -0.841691 0.258911 -0.461497 -0.564687 -0.275419 -0.108118 0.0697563 0.109823 0.687029 -0.161852 -0.536763 0.0229755 -0.0721951 0.0840395 0.595016 0.215709 0.869002 1.015 0.690793 0.193394 0.38678 0.584198 -0.755457 0.439565 0.453434 
-1.08267 0.0275228 0.183806 -0.638372 -0.816009 -0.895558 0.285821 -0.38635 -0.505071 -0.20372 -0.0369898 0.156782 0.114463 0.619166 -0.210682 -0.44756 0.0125326 -0.0148716 0.0811155 0.637239 0.267535 0.937895 0.960772 0.704433 0.121412 0.321519 0.632876 -0.732519 0.451802 0.459945 
-1.03675 0.0284381 0.163005 -0.627666 -0.820311 -0.866792 0.240299 -0.466487 -0.558572 -0.20374 -0.0750176 0.174179 0.147937 0.670996 -0.226305 -0.418535 0.00947648 -0.0475359 0.056101 0.677114 0.253146 0.924079 0.957366 0.694835 0.1552 0.331509 0.605586 -0.742462 0.507413 0.4059 
-1.04765 -0.0232653 0.126566 -0.607369 -0.846926 -0.859156 0.292971 -0.516371 -0.583687 -0.179365 -0.0788622 0.0130183 0.138296 0.676261 -0.0526025 -0.534281 -0.0396362 0.00326351 0.140557 0.577421 0.313933 0.968338 1.027 0.741203 0.276265 0.507078 0.552386 -0.658841 0.472548 0.359561 
-1.08061 0.0847752 0.144401 -0.651348 -0.904851 -0.880111 0.237216 -0.428842 -0.565288 -0.279857 -0.0592711 0.0880318 0.146068 0.628293 -0.198222 -0.533664 0.0104231 -0.033735 0.0586247 0.644659 0.258256 0.936949 0.995932 0.683284 0.191917 0.359953 0.566115 -0.759046 0.421935 0.428601 
-1.04399 0.0352422 0.173821 -0.639455 -0.830832 -0.83125 0.238847 -0.479468 -0.523277 -0.249658 -0.0520428 0.0651396 0.0972367 0.636246 -0.11881 -0.486907 -0.022426 0.00398803 0.0814656 0.562786 0.262021 0.952223 0.983658 0.686752 0.239981 0.440533 0.546231 -0.671562 0.435843 0.417897 
-1.0552 0.0539056 0.12547 -0.694127 -0.960285 -0.817941 0.244407 -0.506643 -0.575043 -0.275042 -0.107423 0.0877348 0.112479 0.702052 -0.163802 -0.543031 0.0114195 -0.00112381 0.0777365 0.597818 0.225494 0.892886 1.03059 0.708449 0.234019 0.354516 0.582139 -0.804526 0.485023 0.467956 
-1.10227 0.0713899 0.128156 -0.714903 -0.887411 -0.858997 0.248672 -0.458991 -0.58501 -0.269769 -0.0903051 0.104882 0.134226 0.646507 -0.149014 -0.544129 -0.0237805 -0.0133387 0.0790118 0.603929 0.265957 0.892142 1.00597 0.672845 0.196935 0.400382 0.606009 -0.797773 0.449392 0.434728 
-1.08596 0.0711002 0.192882 -0.693002 -0.818345 -0.912243 0.239383 -0.442807 -0.513698 -0.217242 -0.0572461 0.166956 0.120727 0.653992 -0.161696 -0.504 0.0248706 -0.0495385 0.0703928 0.597115 0.318322 0.933781 0.96454 0.659172 0.238466 0.352785 0.601967 -0.757912 0.465079 0.405557 
-1.06123 0.103559 0.153217 -0.691585 -0.868136 -0.907726 0.240759 -0.423996 -0.553841 -0.261066 -0.0604484 0.158662 0.132194 0.654439 -0.182012 -0.489315 -0.0311506 -0.0232608 0.0333656 0.562483 0.298034 0.884659 0.963127 0.738397 0.188433 0.369266 0.596222 -0.736666 0.463735 0.349903 
-1.07145 0.0737968 0.148518 -0.615836 -0.930234 -0.831406 0.258169 -0.424698 -0.551681 -0.28432 -0.108072 0.0854897 0.109362 0.631469 -0.160785 -0.491561 0.0319815 -0.00161037 0.0893583 0.634589 0.224788 0.868613 1.01352 0.717501 0.238609 0.370006 0.586107 -0.723944 0.495269 0.475523 
-1.07365 0.0532672 0.173543 -0.698253 -0.891026 -0.832512 0.249151 -0.46733 -0.57876 -0.234968 -0.0759625 0.130751 0.111484 0.643055 -0.15633 -0.494571 0.0327371 0.0103745 0.0719645 0.608945 0.234383 0.932121 1.00765 0.688957 0.198382 0.375088 0.595525 -0.794952 0.480951 0.468863 
-1.05891 0.122881 0.165173 -0.658612 -0.851828 -0.884418 0.205975 -0.426904 -0.538695 -0.28431 -0.061595 0.0900577 0.15187 0.687424 -0.203437 -0.505144 0.0360016 0.0180714 0.05002 0.599903 0.243339 1.00973 0.950485 0.670914 0.234101 0.376225 0.570402 -0.727725 0.45856 0.39387 
-1.06587 0.0804853 0.104915 -0.640559 -0.920309 -0.887554 0.307935 -0.422195 -0.597664 -0.307523 -0.0510977 0.110493 0.0922838 0.642027 -0.217557 -0.505349 -0.0327521 -0.0319878 0.0731483 0.606377 0.238607 0.924714 0.9526 0.699619 0.208386 0.394089 0.585109 -0.716234 0.417461 0.424886 
-1.0547 0.069014 0.153548 -0.668747 -0.92268 -0.831424 0.251533 -0.476108 -0.564751 -0.28087 -0.086916 0.125057 0.118128 0.683113 -0.152674 -0.482709 0.00229118 -0.051009 0.0781007 0.618188 0.265168 0.895678 1.01407 0.68212 0.207512 0.379233 0.564288 -0.75436 0.463694 0.474438 
-1.08797 0.106927 0.0854864 -0.662528 -0.921642 -0.826732 0.218003 -0.464679 -0.562347 -0.266905 -0.0976841 0.106171 0.152314 0.711344 -0.141428 -0.544346 0.014424 -0.0189598 0.0782776 0.606884 0.250864 0.911916 1.01021 0.688209 0.211222 0.36371 0.579284 -0.785745 0.477244 0.472015 
-1.08062 0.0689304 0.14115 -0.638594 -0.888683 -0.925855 0.284538 -0.451813 -0.589373 -0.214968 -0.0717772 0.107529 0.155971 0.637266 -0.0774845 -0.539169 -0.0708616 -0.0138544 0.123569 0.571961 0.249489 0.92701 0.982442 0.696935 0.271217 0.502294 0.523592 -0.692304 0.435117 0.410074 
-1.08225 0.0578005 0.148735 -0.671342 -0.86542 -0.93501 0.234532 -0.446979 -0.575756 -0.314604 -0.0450205 0.0863811 0.179646 0.616769 -0.168657 -0.50753 -0.0311012 -0.000382993 0.0794741 0.577474 0.213092 0.93534 0.955113 0.697513 0.204752 0.389988 0.548762 -0.711475 0.464811 0.424249 
-1.07365 0.103644 0.165225 -0.71141 -0.912628 -0.874707 0.237525 -0.475666 -0.537478 -0.256981 -0.0728512 0.114684 0.148174 0.681764 -0.163025 -0.489498 0.00335411 -0.0226669 0.104265 0.609957 0.224689 0.926756 0.949285 0.675671 0.233981 0.41372 0.586179 -0.749352 0.486858 0.400012 
-1.07128 0.0994516 0.18052 -0.717933 -0.903054 -0.853198 0.220367 -0.478354 -0.559768 -0.240146 -0.0689537 0.123602 0.166147 0.696339 -0.165897 -0.504915 0.0296776 -0.0464124 0.0857163 0.596771 0.227954 0.930078 0.966072 0.669106 0.238171 0.395331 0.589075 -0.752252 0.49876 0.391169 
-1.08346 0.0845513 0.148291 -0.727251 -0.912524 -0.857458 0.253451 -0.502199 -0.542361 -0.232733 -0.0497371 0.130867 0.125348 0.696029 -0.178383 -0.502077 -0.00309071 -0.0355885 0.0947274 0.613082 0.219016 0.916863 0.934934 0.684632 0.25455 0.401028 0.559896 -0.7419 0.488389 0.398312 
-1.06949 0.0779065 0.146646 -0.673922 -0.92405 -0.831939 0.228712 -0.481978 -0.56749 -0.263723 -0.099554 0.119215 0.113393 0.674498 -0.151494 -0.493385 0.0126637 -0.0308071 0.0849923 0.597886 0.23328 0.907597 1.00242 0.679304 0.219193 0.379229 0.573395 -0.750043 0.472749 0.461313 
-1.06517 0.053839 0.154731 -0.684674 -0.911574 -0.84905 0.229449 -0.473892 -0.57598 -0.278608 -0.12084 0.128162 0.103044 0.689698 -0.164651 -0.501026 0.0359502 -0.0361181 0.0762616 0.590442 0.254332 0.909839 1.01256 0.691139 0.241046 0.375106 0.554131 -0.743153 0.464711 0.451371 
-1.06585 0.0753585 0.150835 -0.665377 -0.92783 -0.828054 0.215594 -0.506889 -0.573118 -0.267985 -0.102596 0.140982 0.136913 0.68537 -0.162278 -0.485213 0.0222166 -0.0137296 0.0781407 0.592238 0.236729 0.884379 1.02006 0.68822 0.201297 0.381494 0.579265 -0.734068 0.468443 0.446659 
-1.06898 0.0864168 0.136698 -0.629506 -0.861512 -0.851923 0.293646 -0.498277 -0.559589 -0.244809 -0.0699245 0.0383708 0.1221 0.651521 -0.0890643 -0.515058 -0.0307267 0.017744 0.0635488 0.609325 0.268861 0.935964 1.02137 0.701739 0.255079 0.459702 0.557274 -0.73574 0.473406 0.440131 
-1.08169 0.111378 0.129037 -0.644186 -0.84501 -0.849106 0.30198 -0.511936 -0.586168 -0.248443 -0.0562837 0.0233331 0.144546 0.660415 -0.0876216 -0.530502 -0.0437965 0.0435104 0.0785016 0.58344 0.284025 0.917209 1.03878 0.705124 0.249813 0.486238 0.551981 -0.715494 0.488479 0.462073 
-1.05718 0.0938152 0.151511 -0.60518 -0.872717 -0.842125 0.297165 -0.497775 -0.552116 -0.219026 -0.0683604 0.0526183 0.137397 0.649745 -0.0771998 -0.489956 -0.0148876 -0.00419117 0.0579926 0.6164 0.263356 0.932822 1.01602 0.697776 0.268779 0.482077 0.579575 -0.735014 0.476938 0.426279 
-1.09623 0.122352 0.159272 -0.706707 -0.904963 -0.87986 0.208814 -0.458484 -0.532494 -0.217232 -0.0690196 0.0757013 0.160703 0.667784 -0.162189 -0.471246 0.0442173 0.0584442 0.045083 0.599603 0.282875 1.01818 0.981599 0.642421 0.213098 0.393355 0.590382 -0.718362 0.439334 0.446658 
-1.11416 0.106562 0.180565 -0.726171 -0.889548 -0.855096 0.210459 -0.481756 -0.537087 -0.195754 -0.0496763 0.0876636 0.136265 0.653904 -0.173854 -0.496454 0.041928 0.0713879 0.0241292 0.595031 0.272107 1.03155 0.96897 0.654785 0.215545 0.408213 0.602598 -0.706506 0.435772 0.446345 
-1.08843 0.122785 0.160749 -0.697368 -0.900621 -0.877585 0.229732 -0.454482 -0.55681 -0.211362 -0.0441003 0.0837669 0.140306 0.670799 -0.183455 -0.453485 0.0624806 0.0478316 0.0553939 0.613841 0.266338 1.01116 0.97374 0.649447 0.222574 0.37289 0.574791 -0.713135 0.435189 0.419841 
-1.05413 0.0498068 0.132475 -0.62298 -0.837831 -0.888935 0.311988 -0.487414 -0.539523 -0.141653 -0.087898 0.019959 0.135026 0.630937 -0.0707691 -0.504857 -0.0269219 -0.0155709 0.10805 0.561551 0.353325 0.975197 1.04059 0.736249 0.329088 0.49155 0.526299 -0.661696 0.43698 0.407884 
-1.06938 0.0266406 0.155293 -0.625132 -0.841657 -0.903333 0.328569 -0.509232 -0.519052 -0.126731 -0.0725171 0.018339 0.156274 0.61168 -0.0499583 -0.511069 -0.0405363 -0.0397006 0.11779 0.587384 0.327028 0.997012 1.04628 0.751757 0.324267 0.487372 0.512554 -0.652173 0.431487 0.399568 
-1.04964 0.0624871 0.127416 -0.617672 -0.812058 -0.914269 0.320321 -0.477744 -0.532241 -0.164016 -0.0931416 0.0266157 0.109111 0.609324 -0.0942623 -0.527166 -0.000905493 -0.0274731 0.109984 0.573508 0.334261 0.972752 1.05628 0.712683 0.335533 0.493501 0.505073 -0.685877 0.415912 0.395436 
-1.06875 0.0804971 0.124255 -0.643032 -0.912768 -0.863674 0.330128 -0.485132 -0.544565 -0.155427 -0.0745564 0.053248 0.10797 0.615303 -0.112002 -0.499688 -0.0266756 -0.0069622 0.0960847 0.542678 0.26794 0.88926 1.00684 0.702818 0.227797 0.40699 0.548061 -0.717747 0.476743 0.41492 
-1.04916 0.0647978 0.109207 -0.648251 -0.894838 -0.853545 0.30528 -0.493534 -0.569106 -0.181801 -0.0530452 0.0288151 0.0901855 0.627441 -0.0931379 -0.513587 -0.0107371 -0.0265813 0.115633 0.52363 0.278346 0.904671 1.01951 0.724666 0.24556 0.404392 0.558653 -0.7065 0.459831 0.414662 
-1.05099 0.0990787 0.136292 -0.641028 -0.918314 -0.849796 0.355287 -0.507429 -0.529306 -0.1683 -0.0780715 0.0397697 0.13292 0.601822 -0.0916305 -0.481267 -0.0414277 0.00393678 0.0855192 0.53061 0.243663 0.915441 1.0202 0.702784 0.21443 0.414247 0.54973 -0.72844 0.497875 0.42631 
-1.07541 0.0400955 0.148783 -0.662733 -0.8384 -0.875353 0.24342 -0.440775 -0.56746 -0.282316 -0.079487 0.117219 0.125203 0.628653 -0.216184 -0.492379 -0.00195571 -0.00909578 0.0637275 0.646564 0.243287 0.939895 0.967127 0.694048 0.168328 0.347145 0.570211 -0.726188 0.448539 0.389958 
-1.07645 0.0634569 0.167417 -0.658594 -0.856303 -0.849524 0.241403 -0.42097 -0.556151 -0.266869 -0.0586294 0.111253 0.112993 0.614986 -0.213311 -0.507418 0.00160153 0.0141347 0.0561452 0.641318 0.229756 0.922753 0.940679 0.68427 0.167718 0.357987 0.579018 -0.736274 0.458328 0.389972 
-1.08995 0.0641311 0.149721 -0.669961 -0.85868 -0.882749 0.249022 -0.438685 -0.583797 -0.300982 -0.090635 0.113272 0.115517 0.604248 -0.233701 -0.478105 -0.0151522 -0.0172519 0.065565 0.6618 0.22894 0.938206 0.943174 0.674264 0.164264 0.346587 0.587975 -0.730632 0.467629 0.368886 
-1.07759 0.08705 0.157093 -0.679839 -0.86167 -0.876071 0.234387 -0.448221 -0.542793 -0.280404 -0.0776293 0.102984 0.138542 0.659818 -0.197162 -0.482519 0.0249892 0.0143201 0.0592395 0.643652 0.267638 0.996541 0.967723 0.664921 0.208576 0.360475 0.575123 -0.720954 0.440753 0.429008 
-1.0902 0.113482 0.143844 -0.662157 -0.837384 -0.858274 0.253242 -0.436638 -0.526273 -0.27526 -0.0793438 0.0916734 0.155661 0.643461 -0.208267 -0.485205 0.032943 0.0263215 0.0772117 0.657361 0.258663 0.994315 0.980051 0.681926 0.188576 0.371232 0.596116 -0.746026 0.423122 0.413439 
-1.06427 0.0993344 0.168365 -0.672318 -0.872518 -0.8564 0.237481 -0.462868 -0.55021 -0.293817 -0.0543486 0.111923 0.147818 0.666673 -0.202737 -0.494036 0.027329 0.00385413 0.0585339 0.629761 0.257588 0.998654 0.964903 0.688497 0.194424 0.364681 0.593126 -0.733012 0.46398 0.404242 
-1.06642 0.0618844 0.118786 -0.645765 -0.86663 -0.835801 0.255791 -0.496016 -0.562377 -0.215529 -0.0887278 0.0297315 0.110635 0.648497 -0.131081 -0.524932 -0.0226557 -0.00468252 0.113443 0.57973 0.247683 0.94131 1.02528 0.70213 0.229923 0.475153 0.591095 -0.705271 0.473971 0.441452 
-1.07005 0.042399 0.125686 -0.666085 -0.88708 -0.822737 0.261009 -0.4868 -0.550086 -0.214134 -0.100391 0.0351008 0.132339 0.673305 -0.152633 -0.506566 -0.0384406 0.0177167 0.10849 0.593643 0.221169 0.931312 1.02314 0.677324 0.209493 0.462852 0.607394 -0.707863 0.465714 0.437155 
-1.0895 0.0439419 0.11757 -0.662664 -0.840419 -0.814644 0.260455 -0.518066 -0.587725 -0.19822 -0.0647395 0.056314 0.133239 0.668106 -0.136262 -0.53379 -0.00738689 0.01757 0.0915004 0.603315 0.238731 0.967665 1.03463 0.694464 0.256051 0.487594 0.580776 -0.71991 0.489702 0.449891 
-1.08328 0.0495073 0.124211 -0.658287 -0.867271 -0.834226 0.241349 -0.505321 -0.530878 -0.223724 -0.116068 0.0171071 0.13555 0.638387 -0.152843 -0.509241 0.00969485 0.0128325 0.0949602 0.585384 0.247245 0.934141 0.989041 0.661012 0.266501 0.400401 0.548688 -0.715679 0.49244 0.438226 
-1.08897 0.0440733 0.102544 -0.661999 -0.883074 -0.852253 0.22345 -0.494878 -0.531231 -0.202253 -0.125683 0.0256924 0.141068 0.652138 -0.17488 -0.490051 0.0311589 -0.0107763 0.0728412 0.588367 0.222979 0.950026 0.974195 0.685016 0.251568 0.384354 0.529052 -0.703596 0.469971 0.448829 
-1.09726 0.0727717 0.110765 -0.65348 -0.886746 -0.821328 0.226728 -0.521842 -0.545691 -0.199083 -0.115351 0.0264758 0.138207 0.632421 -0.156915 -0.503953 0.0210522 0.0113781 0.10245 0.607119 0.253685 0.952389 0.999396 0.673655 0.284524 0.410246 0.525381 -0.692757 0.503942 0.429117 
-1.06875 0.0810476 0.125942 -0.633351 -0.908375 -0.855896 0.329214 -0.49314 -0.54889 -0.225049 -0.073501 0.0406558 0.117737 0.625027 -0.0917029 -0.507623 -0.0303626 0.00459012 0.0907382 0.573593 0.268149 0.920071 1.0075 0.701854 0.243882 0.42965 0.549079 -0.723993 0.473938 0.427032 
-1.07664 0.0536732 0.120499 -0.654724 -0.86692 -0.834901 0.24955 -0.49814 -0.561445 -0.222506 -0.10285 0.0209071 0.126162 0.641614 -0.151441 -0.519573 -0.0170244 0.00849832 0.0972245 0.582457 0.247469 0.94039 1.02435 0.675054 0.245101 0.472349 0.552317 -0.71212 0.492228 0.438463 
-1.07485 0.066492 0.152793 -0.699411 -0.878832 -0.874914 0.237728 -0.469355 -0.553377 -0.271685 -0.0752615 0.11708 0.133502 0.679345 -0.197657 -0.492017 -0.00106726 -0.0179565 0.0744408 0.636982 0.227843 0.933268 0.957428 0.684433 0.196915 0.372419 0.58468 -0.743163 0.450796 0.399682 
-1.06612 0.0797442 0.138709 -0.660328 -0.850492 -0.879421 0.251161 -0.456474 -0.541781 -0.271194 -0.0821356 0.0340061 0.135262 0.641367 -0.194781 -0.498154 -0.0235076 0.0087755 0.0720951 0.582006 0.300787 0.989553 0.996257 0.702476 0.227763 0.476326 0.54681 -0.664964 0.438589 0.415962 
-1.06948 0.0841531 0.161194 -0.65951 -0.912638 -0.863751 0.296387 -0.475991 -0.541155 -0.207236 -0.0737581 0.102615 0.119002 0.624485 -0.124863 -0.490931 -0.000500831 -0.00770645 0.0986731 0.555487 0.261116 0.914452 0.991165 0.692792 0.232414 0.408501 0.582756 -0.748804 0.48615 0.40904 
-1.07496 0.0465034 0.147159 -0.665547 -0.894571 -0.861967 0.233685 -0.47996 -0.56748 -0.269092 -0.0889714 0.118197 0.114471 0.630057 -0.193934 -0.493316 0.00591914 -0.0113147 0.0790505 0.636838 0.234797 0.924362 0.996362 0.686195 0.214757 0.357677 0.570575 -0.742958 0.464932 0.408736 
-1.07951 0.0609878 0.148494 -0.661511 -0.867199 -0.855458 0.239829 -0.487371 -0.5394 -0.271445 -0.102015 0.0267025 0.137187 0.644374 -0.158132 -0.486148 0.0169053 0.0135149 0.0900692 0.589895 0.265386 0.938292 0.978619 0.661016 0.258506 0.3793 0.568039 -0.719216 0.448576 0.4295 
-1.07699 0.0940416 0.16195 -0.702969 -0.885621 -0.875378 0.235062 -0.459502 -0.540312 -0.26621 -0.0767391 0.112441 0.144095 0.674279 -0.176833 -0.483708 0.0216911 0.00120769 0.0690021 0.642055 0.224836 0.939534 0.961243 0.670294 0.229187 0.366204 0.58467 -0.7386 0.483174 0.424317 
-1.07124 0.0538521 0.141706 -0.663983 -0.896327 -0.8325 0.235693 -0.482657 -0.54062 -0.229798 -0.106919 0.0694286 0.120175 0.661243 -0.152743 -0.501707 0.0115767 0.00346696 0.0945407 0.586036 0.243069 0.923909 1.00215 0.677262 0.23429 0.383181 0.551694 -0.722295 0.490719 0.45924 
-1.07688 0.0866215 0.147968 -0.655587 -0.861619 -0.861079 0.286165 -0.451567 -0.542863 -0.264052 -0.0756758 0.0733208 0.126891 0.6527 -0.113819 -0.505062 0.00739507 0.0157395 0.0624725 0.616068 0.268592 0.957274 0.978215 0.67488 0.238561 0.436646 0.565676 -0.732848 0.444195 0.430812 
-1.08497 0.11347 0.1628 -0.710192 -0.908089 -0.876054 0.226811 -0.46529 -0.533587 -0.254557 -0.0722064 0.0816231 0.15939 0.669604 -0.162871 -0.473314 0.0380207 0.031017 0.046336 0.605589 0.24726 1.00186 0.979308 0.668951 0.22075 0.394576 0.589455 -0.746477 0.44375 0.409017 
-1.06784 0.0628629 0.131971 -0.631793 -0.86498 -0.844989 0.287949 -0.496893 -0.561033 -0.221346 -0.0728337 0.0357152 0.120837 0.650301 -0.12026 -0.523711 -0.0254338 0.00851166 0.110157 0.582435 0.255596 0.936812 1.02145 0.70205 0.250748 0.469631 0.588934 -0.718934 0.473506 0.441449 
-1.07526 0.0915042 0.163577 -0.699301 -0.905667 -0.87472 0.235672 -0.451226 -0.537571 -0.278206 -0.0735572 0.106299 0.141799 0.666667 -0.179716 -0.486654 0.0100117 -0.0102577 0.082442 0.625368 0.230815 0.943433 0.952675 0.666162 0.231969 0.405729 0.583948 -0.747247 0.461315 0.409045 
-1.067 0.056621 0.11947 -0.657517 -0.8669 -0.835574 0.242687 -0.504507 -0.549071 -0.220244 -0.0942005 0.0175796 0.123196 0.641478 -0.146583 -0.51051 -0.00156803 0.00201052 0.0976877 0.584428 0.247483 0.935825 1.00835 0.663054 0.263236 0.470887 0.551772 -0.714635 0.487044 0.439977 
-1.061 0.0773129 0.135582 -0.675649 -0.845308 -0.879991 0.271995 -0.454483 -0.541854 -0.225054 -0.0876223 0.0860416 0.135376 0.646177 -0.102681 -0.503706 -0.0212607 -0.00276144 0.0771283 0.627763 0.31665 0.992441 0.967882 0.713502 0.213236 0.48747 0.555664 -0.708285 0.440163 0.416984 
-1.07153 0.10974 0.150201 -0.68431 -0.915906 -0.8381 0.214696 -0.460808 -0.55801 -0.263227 -0.0781479 0.105247 0.119029 0.673948 -0.152153 -0.473033 0.0202551 0.0080071 0.0591323 0.598041 0.246689 0.92108 0.988105 0.664764 0.217879 0.38651 0.582406 -0.724985 0.457569 0.459622 
-1.07331 0.0674224 0.141987 -0.64506 -0.856877 -0.869173 0.272336 -0.497613 -0.563911 -0.257511 -0.0703537 0.0394252 0.122734 0.630055 -0.136394 -0.501379 -0.0194392 0.0118959 0.0636444 0.620059 0.260322 0.937067 0.99731 0.70084 0.233256 0.368332 0.564828 -0.734464 0.470604 0.404655 
-1.06679 0.0680054 0.153663 -0.669652 -0.865653 -0.846934 0.246243 -0.478287 -0.551105 -0.264693 -0.0795588 0.0605694 0.132408 0.655541 -0.159732 -0.50384 0.0198342 0.0112185 0.0603218 0.605108 0.253849 0.959675 0.982747 0.680724 0.228844 0.414741 0.575595 -0.71761 0.460662 0.43464 
-1.07084 0.0888513 0.139395 -0.705088 -0.890478 -0.849976 0.253238 -0.478734 -0.551151 -0.242353 -0.079652 0.0727216 0.119459 0.650908 -0.158471 -0.50691 -0.00360809 -0.0137923 0.111435 0.598768 0.228371 0.938388 0.978228 0.695362 0.231469 0.450084 0.590287 -0.721718 0.477584 0.407761 
-1.06942 0.0406388 0.126014 -0.654436 -0.861453 -0.86997 0.260185 -0.45735 -0.549773 -0.253005 -0.0783849 0.0659165 0.120787 0.616603 -0.171646 -0.498939 -0.0023445 -0.00725348 0.0818379 0.634612 0.247375 0.91103 0.969234 0.695926 0.21019 0.393763 0.557228 -0.720444 0.46171 0.406031 
