-1.06169 -0.0173446 0.0702628 -0.635751 -0.846415 -0.819754 0.335573 -0.47724 -0.620751 -0.266335 -0.0938312 0.0537083 0.0438494 0.616679 -0.230673 -0.481213 0.0482962 0.04443 0.0407748 0.604595 0.276786 1.00698 0.908377 0.708769 0.200904 0.397222 0.551951 -0.686162 0.434005 0.450688 
-1.08155 0.112454 0.191636 -0.640054 -0.919044 -0.812288 0.240325 -0.467913 -0.521773 -0.241944 -0.0835525 0.13326 0.0866993 0.65154 -0.161807 -0.522231 -0.00613939 0.00757745 0.0763423 0.61418 0.205827 0.916592 0.976934 0.684935 0.178267 0.333636 0.555515 -0.723899 0.502293 0.434849 
-1.04511 0.0575644 0.177283 -0.653005 -0.936143 -0.838986 0.252608 -0.465782 -0.584036 -0.28392 -0.0941509 0.105423 0.133453 0.665008 -0.171566 -0.486287 -0.00113813 -0.0661154 0.0852225 0.592852 0.277744 0.908183 1.0142 0.679729 0.196606 0.369078 0.549043 -0.763928 0.4445 0.496272 
-1.01517 0.128438 0.177692 -0.642732 -0.841849 -0.784427 0.296006 -0.405347 -0.584242 -0.249581 -0.0340144 0.103259 0.124477 0.600832 -0.0940041 -0.51292 -0.0404304 -0.024737 0.110715 0.582099 0.268191 0.94675 0.974627 0.684182 0.216472 0.373883 0.538405 -0.719427 0.452428 0.427262 
-1.04684 0.0633753 0.182448 -0.69944 -0.912569 -0.817678 0.27044 -0.473134 -0.56919 -0.252509 -0.0391857 0.157229 0.130828 0.674726 -0.159339 -0.5091 0.0180544 -0.0484498 0.0623504 0.635086 0.253767 0.94482 0.995347 0.674454 0.198083 0.435682 0.550044 -0.751969 0.455359 0.364934 
-1.05312 0.0448296 0.132836 -0.68552 -0.896678 -0.841335 0.22136 -0.504901 -0.583328 -0.244146 -0.090686 0.121986 0.135147 0.652799 -0.188679 -0.503925 0.0222303 0.0155142 0.0646831 0.654638 0.228009 0.940661 0.980301 0.702227 0.19477 0.383654 0.571013 -0.759838 0.48918 0.385464 
-1.08056 0.0497903 0.235344 -0.639101 -0.800509 -0.891202 0.182376 -0.410281 -0.520633 -0.218601 -0.126733 0.120076 0.0869167 0.652208 -0.258282 -0.459643 0.0303823 -0.000471519 0.0657528 0.685303 0.297762 0.907039 0.944565 0.699229 0.168154 0.347531 0.655195 -0.759778 0.459124 0.434406 
-1.06771 0.0679463 0.133001 -0.611 -0.862481 -0.854571 0.329751 -0.482249 -0.529321 -0.133471 -0.0618561 0.012871 0.14531 0.680184 -0.0548756 -0.554304 -0.0778558 0.00288876 0.0926441 0.6061 0.292042 0.950546 1.03118 0.732108 0.323404 0.513117 0.512001 -0.688529 0.455739 0.415174 
-1.08024 0.106686 0.16239 -0.667512 -0.836164 -0.859546 0.31161 -0.426754 -0.55426 -0.27817 -0.0765797 0.0834542 0.115163 0.632401 -0.0971768 -0.502128 0.0329969 0.0175886 0.0513611 0.634762 0.253043 0.958172 0.986226 0.684724 0.216688 0.437862 0.546944 -0.755486 0.428834 0.404158 
-1.12376 0.0840928 0.160983 -0.62351 -0.911471 -0.788385 0.204624 -0.478484 -0.582613 -0.262568 -0.0966923 0.080004 0.171519 0.679284 -0.126148 -0.524619 -0.00815604 -0.0141984 0.0572463 0.601425 0.217996 0.920664 1.01189 0.681591 0.230963 0.343954 0.585956 -0.753232 0.457819 0.466594 
-1.10075 0.130788 0.154144 -0.704183 -0.86466 -0.833735 0.201619 -0.488741 -0.519351 -0.212034 -0.0607556 0.0725592 0.135134 0.644821 -0.175248 -0.496987 0.0367678 0.0870893 0.0291419 0.568201 0.253078 1.04109 0.982931 0.677746 0.200369 0.391624 0.598865 -0.681324 0.441864 0.430756 
-1.07759 0.0936607 0.145198 -0.717995 -0.904708 -0.87324 0.26597 -0.471976 -0.561101 -0.244088 -0.0939907 0.0840589 0.107087 0.625011 -0.128027 -0.568879 -0.00328636 -0.0138415 0.0915014 0.625073 0.239225 0.88033 1.01018 0.691659 0.180863 0.415087 0.620319 -0.80606 0.432402 0.436964 
-1.07892 0.0659308 0.206753 -0.693111 -0.886898 -0.830815 0.21962 -0.500509 -0.485704 -0.271677 -0.0947824 0.197286 0.134349 0.669061 -0.152142 -0.498972 0.0154663 0.00278673 0.0762715 0.614764 0.270926 0.929768 0.957001 0.680604 0.157806 0.367624 0.596639 -0.685873 0.428624 0.431748 
-1.05908 0.0646148 0.1074 -0.596657 -0.823771 -0.894831 0.312245 -0.458497 -0.559311 -0.178937 -0.0832694 0.045846 0.0938143 0.600004 -0.109102 -0.534715 0.0260718 -0.0173045 0.103592 0.600214 0.351159 0.977261 1.03277 0.727093 0.360468 0.513222 0.518369 -0.675806 0.432358 0.404921 
-1.06848 0.114155 0.162139 -0.712026 -0.925221 -0.810609 0.228908 -0.503628 -0.585335 -0.257976 -0.0798227 0.102206 0.117218 0.685531 -0.145896 -0.479489 0.0094937 0.0614904 0.0665183 0.581271 0.272052 0.897594 0.994376 0.703491 0.230457 0.379745 0.602243 -0.803737 0.439838 0.466557 
-1.07615 0.0700668 0.189878 -0.742428 -0.917156 -0.762635 0.184968 -0.415271 -0.532379 -0.192875 -0.0795357 0.181288 0.174063 0.704557 -0.176286 -0.466507 0.0424122 0.052127 0.0915934 0.652511 0.243455 0.867121 0.901133 0.693729 0.210084 0.321765 0.62756 -0.786717 0.487331 0.425084 
-1.10452 0.0564793 0.156338 -0.65673 -0.864455 -0.878611 0.24466 -0.457378 -0.596298 -0.287394 -0.0950346 0.121637 0.123536 0.617198 -0.216256 -0.490226 0.00868133 -0.00578281 0.0565119 0.660462 0.203813 0.918908 0.967995 0.661255 0.166562 0.356903 0.589641 -0.742227 0.482356 0.388957 
-1.0642 0.118764 0.205769 -0.70463 -0.887747 -0.832663 0.215743 -0.48526 -0.510332 -0.213295 -0.143858 0.153871 0.161948 0.664855 -0.227034 -0.470746 0.025359 -0.0354569 0.0507902 0.621079 0.217949 0.88235 0.986812 0.692097 0.198622 0.389611 0.64234 -0.78307 0.492095 0.427156 
-1.04273 0.0614029 0.161735 -0.690049 -0.930125 -0.840937 0.243962 -0.480134 -0.586553 -0.278451 -0.102457 0.128146 0.0980512 0.696556 -0.141784 -0.480838 0.0524502 -0.0203937 0.0819438 0.594282 0.249487 0.918515 0.998685 0.688419 0.243329 0.396319 0.578279 -0.76334 0.452512 0.477259 
-1.04183 0.0470863 0.117231 -0.643171 -0.8411 -0.882775 0.314173 -0.486314 -0.573579 -0.138977 -0.096718 0.0340837 0.131326 0.620424 -0.153574 -0.558345 -0.0125573 0.000470611 0.113908 0.588676 0.30945 1.02142 1.01305 0.65257 0.30754 0.457837 0.546351 -0.700337 0.470828 0.415274 
-1.06866 0.0901475 0.215793 -0.704034 -0.795219 -0.926814 0.215404 -0.469729 -0.510121 -0.195745 -0.067046 0.177612 0.128178 0.65578 -0.186145 -0.50832 0.0170205 -0.0374065 0.0484947 0.570332 0.32478 0.927388 0.978016 0.653697 0.229084 0.333798 0.600381 -0.735398 0.47845 0.38694 
-1.06815 0.049349 0.176953 -0.611837 -0.84201 -0.905645 0.294653 -0.373138 -0.482295 -0.18665 -0.0371291 0.143855 0.1007 0.604094 -0.213712 -0.426334 0.0293892 -0.0135699 0.0809046 0.65315 0.259995 0.917894 0.957498 0.708083 0.13305 0.341175 0.62343 -0.735298 0.433204 0.453265 
-1.03164 0.0778742 0.132477 -0.599919 -0.867742 -0.837537 0.296745 -0.519705 -0.578774 -0.242143 -0.0867556 0.0680905 0.113191 0.669375 -0.0530225 -0.501565 -0.00552967 0.009571 0.0354806 0.635943 0.258443 0.911446 1.00623 0.699141 0.256508 0.468482 0.573934 -0.745937 0.455856 0.450616 
-1.0715 0.0385136 0.111105 -0.671076 -0.851783 -0.823807 0.277472 -0.518608 -0.587962 -0.206842 -0.0794588 0.0325254 0.110717 0.656409 -0.143878 -0.528765 -0.000122271 0.0181676 0.0867133 0.627716 0.229522 0.977802 1.05723 0.677329 0.271969 0.496963 0.578606 -0.708088 0.514181 0.433177 
-1.07426 0.063454 0.125556 -0.670061 -0.863652 -0.862546 0.249831 -0.4237 -0.586235 -0.271538 -0.080875 0.130875 0.108663 0.652895 -0.196027 -0.512872 0.013095 -0.0249408 0.0739775 0.632294 0.240105 0.916092 0.962026 0.67964 0.153857 0.32042 0.578066 -0.735298 0.469386 0.391836 
-1.07383 0.0836714 0.158631 -0.706585 -0.904732 -0.848156 0.241651 -0.479621 -0.542929 -0.229565 -0.0800958 0.073174 0.108118 0.643348 -0.171306 -0.483496 -0.0190478 0.00154702 0.0961006 0.619219 0.252565 0.963397 0.962686 0.702309 0.214512 0.453236 0.599227 -0.742708 0.46405 0.419612 
-1.06246 0.0868177 0.155254 -0.656035 -0.90959 -0.855946 0.288448 -0.488656 -0.550946 -0.18903 -0.0920703 0.115155 0.111305 0.633384 -0.0990738 -0.508437 -0.00829671 0.0119807 0.102999 0.557259 0.279818 0.896228 0.975366 0.693097 0.247475 0.391646 0.570608 -0.739651 0.466084 0.418379 
-1.10537 0.0566243 0.13603 -0.665705 -0.87124 -0.803195 0.207717 -0.512038 -0.557068 -0.209877 -0.13029 -0.000520728 0.142221 0.628102 -0.142447 -0.518731 -0.000140235 0.0241993 0.0843565 0.632899 0.245969 0.969871 1.00342 0.65527 0.300803 0.413885 0.500759 -0.678289 0.510491 0.455526 
-1.08445 0.120276 0.187155 -0.731032 -0.926937 -0.888919 0.222993 -0.449271 -0.528944 -0.269452 -0.073767 0.0632626 0.164643 0.65148 -0.189891 -0.474407 0.0636549 0.01001 0.0566503 0.624396 0.250233 0.993536 0.968166 0.664205 0.220505 0.370729 0.569532 -0.75697 0.461412 0.389131 
-1.08961 0.0573431 0.130256 -0.674329 -0.910818 -0.808876 0.251207 -0.471234 -0.537959 -0.234563 -0.114464 0.0558734 0.110133 0.654741 -0.163344 -0.51135 -0.0546509 0.0026938 0.124437 0.586519 0.235783 0.953803 1.01885 0.66057 0.216971 0.486751 0.610256 -0.712436 0.446131 0.439839 
-1.04579 0.0474003 0.134473 -0.635897 -0.865953 -0.837196 0.256892 -0.519746 -0.567207 -0.192508 -0.107894 0.0303485 0.126774 0.645526 -0.120951 -0.501536 -0.00541034 0.00813368 0.132799 0.568271 0.223516 0.936213 1.02312 0.700289 0.245086 0.489504 0.590716 -0.685631 0.488586 0.427767 
-1.04814 0.111054 0.155397 -0.670522 -0.839396 -0.891155 0.231461 -0.451143 -0.56321 -0.28151 -0.0738439 0.108208 0.171448 0.6981 -0.210306 -0.510734 0.0391375 -0.00306207 0.0632368 0.59973 0.261274 1.02199 0.941609 0.668338 0.239738 0.398359 0.563552 -0.719958 0.470957 0.392514 
-1.06489 0.0580538 0.158658 -0.611575 -0.84155 -0.885891 0.290126 -0.50809 -0.53796 -0.132099 -0.0722931 0.00601164 0.14111 0.609965 -0.0584516 -0.521621 -0.00900427 0.00832815 0.103794 0.538457 0.337766 1.00117 1.04182 0.71307 0.317816 0.468302 0.523246 -0.646545 0.440467 0.3977 
-1.02795 0.0153966 0.169298 -0.675774 -0.866724 -0.911211 0.264157 -0.469019 -0.479073 -0.272726 -0.0937156 0.130001 0.118872 0.71981 -0.2485 -0.441974 0.0455666 -0.0477546 0.0930275 0.662499 0.217485 0.890798 0.959813 0.65023 0.200448 0.354312 0.575637 -0.713503 0.428154 0.422675 
-1.07389 0.12393 0.146761 -0.687643 -0.889582 -0.847073 0.200366 -0.458145 -0.533088 -0.240016 -0.0784175 0.116102 0.140809 0.687016 -0.129491 -0.452049 0.00376311 0.0196187 0.0510892 0.573662 0.242412 0.900251 0.990361 0.677073 0.21792 0.412251 0.605166 -0.742498 0.469921 0.43319 
-1.06914 0.072918 0.153302 -0.706084 -0.897156 -0.857718 0.234148 -0.476944 -0.56185 -0.223543 -0.0664655 0.108718 0.120203 0.654256 -0.148553 -0.468807 0.0363222 0.0284106 0.0838702 0.595121 0.248817 0.92262 0.985964 0.692404 0.217831 0.35112 0.60643 -0.797459 0.458324 0.468599 
-1.08337 0.0822666 0.198573 -0.679379 -0.802922 -0.901684 0.248121 -0.438083 -0.502096 -0.174146 -0.0306083 0.102071 0.15818 0.631658 -0.200195 -0.419583 -0.0435682 -0.0103583 0.0691882 0.637826 0.233893 0.905822 0.904651 0.692854 0.187538 0.350427 0.63018 -0.746567 0.449245 0.435388 
-1.07963 0.0860004 0.173773 -0.639086 -0.915079 -0.802584 0.206933 -0.453595 -0.583307 -0.240531 -0.0519395 0.0736521 0.167771 0.684721 -0.209545 -0.479838 0.0570218 0.068064 0.0912731 0.622198 0.231338 0.9091 0.98039 0.666429 0.225527 0.370202 0.602948 -0.758278 0.494652 0.468364 
-1.04964 0.0854543 0.124351 -0.633702 -0.891383 -0.888819 0.309253 -0.507344 -0.539169 -0.17379 -0.0709629 0.0610543 0.108587 0.623362 -0.0878039 -0.492678 -0.0452918 0.00151546 0.100766 0.526203 0.277765 0.885971 1.00216 0.68427 0.244534 0.400539 0.527679 -0.732586 0.481449 0.411067 
-1.10333 0.0718416 0.142705 -0.632554 -0.967869 -0.867736 0.243602 -0.467202 -0.560643 -0.255833 -0.113029 0.0951232 0.0929389 0.685738 -0.139239 -0.537179 0.0380256 -0.0460725 0.0716772 0.577921 0.218055 0.859011 1.02838 0.716407 0.203982 0.378774 0.557693 -0.737806 0.455832 0.477797 
-1.10904 0.10051 0.167263 -0.73267 -0.886339 -0.846981 0.277448 -0.480882 -0.553676 -0.241295 -0.0248236 0.104033 0.149461 0.707435 -0.189169 -0.506758 0.00660349 -0.0419018 0.0977064 0.602021 0.229092 0.928567 0.929962 0.694211 0.231834 0.421016 0.56277 -0.742654 0.474387 0.382379 
-1.05179 0.0817499 0.130169 -0.69504 -0.898519 -0.857901 0.216915 -0.494169 -0.568913 -0.244206 -0.0994592 0.132137 0.136304 0.672169 -0.145883 -0.512073 -0.000938571 -0.0543193 0.0907321 0.616012 0.216257 0.912793 1.00697 0.6816 0.24273 0.366875 0.571782 -0.751261 0.44772 0.479983 
-1.10364 0.0891481 0.111856 -0.675866 -0.849862 -0.889824 0.283758 -0.469993 -0.564849 -0.160645 -0.0800048 0.0565288 0.103154 0.633009 -0.110234 -0.555145 -0.0102936 -0.0424408 0.0494122 0.532908 0.237786 0.921398 0.936147 0.728986 0.262469 0.394186 0.520017 -0.705222 0.471759 0.397027 
-1.06054 0.0800947 0.117779 -0.688425 -0.973102 -0.838064 0.241986 -0.498512 -0.567666 -0.258077 -0.127989 0.106548 0.0902119 0.687722 -0.174663 -0.567407 0.0172376 -0.0109889 0.0749004 0.620433 0.227996 0.907244 1.05349 0.69918 0.208791 0.367483 0.555264 -0.810255 0.489031 0.447957 
-1.0868 0.0902774 0.13389 -0.634414 -0.924222 -0.855598 0.247873 -0.401591 -0.55705 -0.296573 -0.129711 0.0874828 0.0977614 0.615586 -0.171265 -0.516763 0.0208905 0.00576149 0.0689901 0.661407 0.246923 0.867333 1.03749 0.707752 0.221599 0.36136 0.590237 -0.719119 0.504725 0.493981 
-1.03731 0.00735417 0.12064 -0.616407 -0.925091 -0.828797 0.277878 -0.494711 -0.550763 -0.272901 -0.0747547 0.118762 0.152073 0.677487 -0.0634578 -0.513741 -0.0282539 0.0225803 0.0638271 0.630734 0.308379 0.91559 1.01775 0.642927 0.294355 0.48714 0.531329 -0.75166 0.463924 0.489231 
-1.10037 0.10376 0.140752 -0.638913 -0.841206 -0.840618 0.304516 -0.521965 -0.611017 -0.236529 -0.0425465 -0.000656615 0.135607 0.669165 -0.0898896 -0.511528 -0.0279662 0.0457467 0.0835131 0.564414 0.261472 0.919089 1.03231 0.684062 0.26907 0.489383 0.529959 -0.699248 0.511017 0.446711 
-1.06978 0.0731593 0.142474 -0.722072 -0.913189 -0.880565 0.210936 -0.44479 -0.54654 -0.258447 -0.0787585 0.0880679 0.145723 0.642578 -0.169976 -0.490091 0.018488 -0.0362194 0.0891271 0.620574 0.218077 0.944876 0.956791 0.648384 0.208816 0.422656 0.570277 -0.731243 0.451451 0.41506 
-1.04968 0.0864836 0.12925 -0.659405 -0.871196 -0.89038 0.271491 -0.477122 -0.555168 -0.244478 -0.0868435 0.0397206 0.126445 0.643374 -0.219099 -0.512372 -0.0478631 0.0241595 0.0686204 0.557674 0.278593 0.97736 0.980688 0.70949 0.246605 0.489448 0.570225 -0.669082 0.437495 0.409344 
-1.07109 0.0437775 0.116084 -0.628945 -0.874747 -0.840808 0.311253 -0.522001 -0.584066 -0.229271 -0.0479127 0.0480108 0.123849 0.642374 -0.100215 -0.533513 -0.0254824 0.00368378 0.0973916 0.576492 0.231887 0.929264 1.00708 0.687119 0.240211 0.488713 0.577315 -0.703103 0.467946 0.426578 
-1.04916 0.0647978 0.109207 -0.648251 -0.894838 -0.853545 0.30528 -0.493534 -0.569106 -0.181801 -0.0530452 0.0288151 0.0901855 0.627441 -0.0931379 -0.513587 -0.0107371 -0.0265813 0.115633 0.52363 0.278346 0.904671 1.01951 0.724666 0.24556 0.404392 0.558653 -0.7065 0.459831 0.414662 
-1.02482 0.0908848 0.0856672 -0.639201 -0.886565 -0.868626 0.292033 -0.484558 -0.559317 -0.185906 -0.0445612 0.0279823 0.108889 0.646612 -0.08746 -0.511636 -8.76914e-05 -0.00198709 0.112541 0.524243 0.305058 0.881483 1.00324 0.720836 0.269858 0.413308 0.543585 -0.709283 0.441423 0.430977 
-1.02854 0.0418127 0.109309 -0.630843 -0.903856 -0.851379 0.301905 -0.487966 -0.589053 -0.205542 -0.0264732 0.0362472 0.115505 0.634383 -0.111302 -0.529911 0.00824401 -0.00704074 0.104721 0.508355 0.295571 0.907645 1.04549 0.698883 0.233631 0.379045 0.5703 -0.732231 0.464816 0.419218 
-1.09623 0.122352 0.159272 -0.706707 -0.904963 -0.87986 0.208814 -0.458484 -0.532494 -0.217232 -0.0690196 0.0757013 0.160703 0.667784 -0.162189 -0.471246 0.0442173 0.0584442 0.045083 0.599603 0.282875 1.01818 0.981599 0.642421 0.213098 0.393355 0.590382 -0.718362 0.439334 0.446658 
-1.09049 0.125514 0.17921 -0.701037 -0.890341 -0.892003 0.209077 -0.468659 -0.52244 -0.20449 -0.0741403 0.100361 0.148818 0.650568 -0.149715 -0.483943 0.0346404 0.051486 0.021118 0.611863 0.273562 1.02699 0.994602 0.659511 0.229289 0.40434 0.608502 -0.740484 0.46465 0.441862 
-1.10982 0.134428 0.181081 -0.730295 -0.929672 -0.885949 0.231162 -0.437105 -0.553394 -0.239133 -0.0727909 0.0705877 0.170069 0.668741 -0.179023 -0.48837 0.0234863 0.0439538 0.0305467 0.586549 0.268677 1.02571 0.963408 0.628666 0.231972 0.375625 0.603014 -0.730103 0.454382 0.421209 
-1.07951 0.0609878 0.148494 -0.661511 -0.867199 -0.855458 0.239829 -0.487371 -0.5394 -0.271445 -0.102015 0.0267025 0.137187 0.644374 -0.158132 -0.486148 0.0169053 0.0135149 0.0900692 0.589895 0.265386 0.938292 0.978619 0.661016 0.258506 0.3793 0.568039 -0.719216 0.448576 0.4295 
-1.09049 0.0507256 0.152188 -0.654155 -0.858316 -0.869597 0.26263 -0.481232 -0.516707 -0.294585 -0.109905 0.0214982 0.144885 0.643047 -0.153441 -0.461167 0.0191018 0.018584 0.0970079 0.565644 0.280442 0.930321 0.998508 0.670873 0.272311 0.387273 0.568486 -0.729427 0.451981 0.452186 
-1.09937 0.0541862 0.149987 -0.66427 -0.884904 -0.854117 0.251083 -0.486333 -0.531973 -0.29526 -0.0796159 0.0204558 0.11803 0.641335 -0.13898 -0.507967 0.00292626 0.00538994 0.115472 0.596337 0.287689 0.918243 0.95331 0.639801 0.251562 0.394989 0.569017 -0.721863 0.469418 0.405972 
-1.06942 0.0406388 0.126014 -0.654436 -0.861453 -0.86997 0.260185 -0.45735 -0.549773 -0.253005 -0.0783849 0.0659165 0.120787 0.616603 -0.171646 -0.498939 -0.0023445 -0.00725348 0.0818379 0.634612 0.247375 0.91103 0.969234 0.695926 0.21019 0.393763 0.557228 -0.720444 0.46171 0.406031 
-1.08054 0.0556291 0.147512 -0.649239 -0.880095 -0.856004 0.239882 -0.471042 -0.56996 -0.26344 -0.0583772 0.0395294 0.147105 0.602119 -0.145415 -0.508221 0.0194026 -0.0106618 0.0722318 0.619123 0.233799 0.888877 0.950016 0.706598 0.208129 0.382114 0.53215 -0.695609 0.486534 0.400338 
-1.04698 0.0583279 0.109919 -0.647652 -0.875276 -0.869376 0.274694 -0.465676 -0.552575 -0.228192 -0.0535404 0.0430623 0.143649 0.617455 -0.195887 -0.50625 -0.00688902 0.0118282 0.0917557 0.613447 0.237259 0.896977 0.942568 0.675252 0.208406 0.382718 0.552847 -0.723235 0.484173 0.382761 
-1.07124 0.0538521 0.141706 -0.663983 -0.896327 -0.8325 0.235693 -0.482657 -0.54062 -0.229798 -0.106919 0.0694286 0.120175 0.661243 -0.152743 -0.501707 0.0115767 0.00346696 0.0945407 0.586036 0.243069 0.923909 1.00215 0.677262 0.23429 0.383181 0.551694 -0.722295 0.490719 0.45924 
-1.08086 0.0722918 0.140366 -0.685393 -0.877366 -0.857639 0.258339 -0.493212 -0.565531 -0.221691 -0.0949988 0.0728727 0.116216 0.657449 -0.165285 -0.487796 0.0127763 -0.0111449 0.102995 0.602339 0.241456 0.902732 0.975354 0.669569 0.234242 0.390549 0.565211 -0.7064 0.505502 0.48229 
-1.09432 0.0475586 0.158866 -0.67739 -0.88046 -0.85415 0.238993 -0.473336 -0.566934 -0.241836 -0.113109 0.0650866 0.136344 0.645972 -0.169411 -0.515249 0.0289244 0.0195609 0.114389 0.603344 0.225386 0.923397 1.00911 0.663013 0.259958 0.407537 0.564703 -0.706004 0.469494 0.437798 
-1.06938 0.0266406 0.155293 -0.625132 -0.841657 -0.903333 0.328569 -0.509232 -0.519052 -0.126731 -0.0725171 0.018339 0.156274 0.61168 -0.0499583 -0.511069 -0.0405363 -0.0397006 0.11779 0.587384 0.327028 0.997012 1.04628 0.751757 0.324267 0.487372 0.512554 -0.652173 0.431487 0.399568 
-1.04608 0.0137518 0.152796 -0.625987 -0.863559 -0.905347 0.313278 -0.521925 -0.52269 -0.137144 -0.050926 0.0406355 0.170662 0.607153 -0.0617259 -0.500594 -0.0634981 -0.031216 0.118455 0.56377 0.338315 0.999839 1.02576 0.738658 0.326915 0.51152 0.51894 -0.626647 0.457269 0.421011 
-1.07958 0.02336 0.141514 -0.643134 -0.856905 -0.883475 0.351997 -0.505594 -0.541711 -0.150691 -0.0897991 -0.00582497 0.133055 0.598819 -0.0257866 -0.494136 -0.0138692 -0.0239027 0.110978 0.564901 0.307163 1.01014 1.07317 0.752686 0.315618 0.483897 0.496452 -0.678837 0.40879 0.376367 
-1.07331 0.0674224 0.141987 -0.64506 -0.856877 -0.869173 0.272336 -0.497613 -0.563911 -0.257511 -0.0703537 0.0394252 0.122734 0.630055 -0.136394 -0.501379 -0.0194392 0.0118959 0.0636444 0.620059 0.260322 0.937067 0.99731 0.70084 0.233256 0.368332 0.564828 -0.734464 0.470604 0.404655 
-1.07288 0.0471693 0.140689 -0.67071 -0.879013 -0.888437 0.245843 -0.521044 -0.54141 -0.24358 -0.058955 0.0336605 0.123748 0.619569 -0.12773 -0.527937 -0.0228149 0.000755771 0.0856153 0.628884 0.239937 0.946384 0.982756 0.716348 0.254695 0.342281 0.549007 -0.753251 0.485315 0.385295 
-1.09306 0.0661086 0.13268 -0.647975 -0.85843 -0.86102 0.246861 -0.515521 -0.580759 -0.257513 -0.0658904 0.0473234 0.142893 0.61683 -0.118572 -0.500044 -0.00862258 0.00904435 0.0592888 0.636327 0.234165 0.929597 1.0208 0.691593 0.245862 0.362557 0.567357 -0.719742 0.462275 0.409089 
-1.08897 0.0440733 0.102544 -0.661999 -0.883074 -0.852253 0.22345 -0.494878 -0.531231 -0.202253 -0.125683 0.0256924 0.141068 0.652138 -0.17488 -0.490051 0.0311589 -0.0107763 0.0728412 0.588367 0.222979 0.950026 0.974195 0.685016 0.251568 0.384354 0.529052 -0.703596 0.469971 0.448829 
-1.06284 0.060329 0.0846709 -0.661349 -0.877618 -0.87489 0.226423 -0.4775 -0.539977 -0.219746 -0.120891 0.0142887 0.138005 0.638688 -0.184648 -0.506527 0.0333024 -0.00771488 0.0900887 0.602332 0.248292 0.976745 0.967676 0.680074 0.262888 0.407179 0.511603 -0.681141 0.478313 0.470392 
-1.07169 0.0403639 0.111176 -0.681505 -0.909471 -0.829714 0.228196 -0.469386 -0.522588 -0.218761 -0.12864 0.0150387 0.128208 0.654843 -0.159526 -0.487743 0.0422802 0.000350815 0.08409 0.579453 0.247657 0.944721 0.999953 0.682478 0.24125 0.385732 0.527206 -0.6789 0.460795 0.465251 
-1.07664 0.0536732 0.120499 -0.654724 -0.86692 -0.834901 0.24955 -0.49814 -0.561445 -0.222506 -0.10285 0.0209071 0.126162 0.641614 -0.151441 -0.519573 -0.0170244 0.00849832 0.0972245 0.582457 0.247469 0.94039 1.02435 0.675054 0.245101 0.472349 0.552317 -0.71212 0.492228 0.438463 
-1.08804 0.0442999 0.104328 -0.629366 -0.85407 -0.858778 0.254211 -0.481261 -0.577432 -0.197592 -0.117253 0.0154417 0.131863 0.651696 -0.13899 -0.512907 -0.0260616 0.0141565 0.0906954 0.601502 0.227156 0.962847 1.01554 0.652636 0.23483 0.485819 0.550127 -0.718207 0.473255 0.427902 
-1.08782 0.058632 0.103052 -0.659569 -0.856227 -0.857453 0.275024 -0.490921 -0.570987 -0.233908 -0.0879653 0.00552396 0.150513 0.638516 -0.134915 -0.507676 -0.0223018 -0.00847665 0.119969 0.559208 0.251109 0.925104 1.04727 0.690442 0.260231 0.452594 0.559043 -0.736572 0.517395 0.445532 
-1.067 0.056621 0.11947 -0.657517 -0.8669 -0.835574 0.242687 -0.504507 -0.549071 -0.220244 -0.0942005 0.0175796 0.123196 0.641478 -0.146583 -0.51051 -0.00156803 0.00201052 0.0976877 0.584428 0.247483 0.935825 1.00835 0.663054 0.263236 0.470887 0.551772 -0.714635 0.487044 0.439977 
-1.05418 0.0699291 0.0946672 -0.641482 -0.893433 -0.821248 0.23516 -0.492509 -0.526628 -0.194593 -0.0744617 0.0233526 0.123674 0.661658 -0.125611 -0.487336 0.0175805 0.0159039 0.0750829 0.588267 0.263479 0.925533 0.9853 0.689285 0.278467 0.448463 0.535074 -0.690908 0.464618 0.4355 
-1.05654 0.0534419 0.103351 -0.640933 -0.870681 -0.827951 0.221994 -0.50085 -0.541346 -0.193414 -0.105313 0.0118537 0.135777 0.640698 -0.13821 -0.497947 -0.000173385 0.0157998 0.0713486 0.58623 0.262097 0.935304 1.03471 0.667922 0.265642 0.460456 0.544568 -0.730927 0.465291 0.415593 
-1.08203 0.06969 0.156944 -0.628721 -0.904021 -0.897028 0.236639 -0.46322 -0.524725 -0.187388 -0.0695974 0.0265345 0.157854 0.622066 -0.0777865 -0.504684 -0.0164793 -0.0269996 0.107273 0.588713 0.302582 1.00848 1.0453 0.747896 0.24363 0.456307 0.555918 -0.665869 0.432171 0.413002 
-1.07972 0.0647004 0.153556 -0.690254 -0.886216 -0.87008 0.240783 -0.460855 -0.541262 -0.217404 -0.0952169 0.0238203 0.128323 0.646709 -0.157448 -0.473189 0.0334144 0.0566014 0.0957569 0.585852 0.253143 0.987249 1.00503 0.651444 0.233211 0.470654 0.555634 -0.715657 0.476219 0.440986 
-1.06973 0.0671017 0.131751 -0.654172 -0.858018 -0.868653 0.243707 -0.497859 -0.551421 -0.229608 -0.0873055 0.0250374 0.123151 0.636108 -0.1384 -0.507702 -0.0119185 0.00234951 0.0899091 0.599338 0.255338 0.936692 0.997614 0.679114 0.234476 0.405939 0.561187 -0.718988 0.483958 0.439374 
-1.06939 0.0339841 0.128401 -0.638398 -0.857591 -0.900732 0.317002 -0.507585 -0.525351 -0.208102 -0.0752236 0.0625579 0.12286 0.61334 -0.138987 -0.507855 -0.0402035 -0.0380603 0.110287 0.61363 0.280713 0.926967 1.02266 0.739799 0.270233 0.410183 0.53674 -0.674798 0.432331 0.402688 
-1.06952 0.0581981 0.135121 -0.660791 -0.866909 -0.850578 0.242255 -0.499144 -0.548395 -0.249794 -0.0963708 0.0202644 0.12431 0.642497 -0.155969 -0.501642 0.0106112 0.0096399 0.0929458 0.589278 0.264291 0.937038 0.996292 0.661776 0.259444 0.457885 0.553722 -0.717273 0.479982 0.435831 
-1.07262 0.094342 0.158249 -0.694374 -0.877449 -0.865855 0.217678 -0.469494 -0.534855 -0.218983 -0.0939332 0.0445427 0.15263 0.650219 -0.15543 -0.473352 0.00686239 0.0506348 0.0773849 0.58695 0.258735 0.982072 0.989971 0.654475 0.24258 0.45201 0.585679 -0.716827 0.439758 0.446276 
-1.06901 0.0542433 0.10634 -0.657544 -0.89192 -0.852284 0.262987 -0.494857 -0.540585 -0.201609 -0.055719 0.0260041 0.118827 0.627509 -0.170364 -0.502737 0.00589577 -0.0144894 0.10369 0.55867 0.246324 0.916651 0.984015 0.687241 0.245748 0.385136 0.551508 -0.705622 0.464048 0.419426 
-1.07996 0.0537073 0.115996 -0.658327 -0.874105 -0.847993 0.236953 -0.501562 -0.548797 -0.208527 -0.121433 0.021176 0.140253 0.648091 -0.149403 -0.493924 0.00181697 0.00198777 0.0909753 0.585949 0.237646 0.944673 0.976501 0.671837 0.260449 0.411849 0.551756 -0.705369 0.473162 0.444662 
-1.09452 0.0848254 0.156039 -0.636624 -0.888254 -0.890234 0.257245 -0.46655 -0.520778 -0.185888 -0.0722724 0.0304909 0.157319 0.622695 -0.0588133 -0.489588 0.0356227 0.0541681 0.0756807 0.590088 0.288616 1.0108 1.04186 0.723697 0.265499 0.44145 0.514281 -0.672615 0.43903 0.430428 
-1.0584 0.0444608 0.11367 -0.654213 -0.878034 -0.869129 0.295788 -0.487577 -0.555583 -0.212975 -0.0548102 0.0317585 0.104296 0.616832 -0.125542 -0.510436 -0.00439203 -0.0201758 0.107676 0.534089 0.278016 0.908257 0.969344 0.70046 0.224435 0.403231 0.557257 -0.718441 0.459869 0.406255 
-1.07665 0.050035 0.108121 -0.655335 -0.882103 -0.847778 0.24568 -0.495825 -0.546233 -0.219425 -0.10743 0.0238809 0.136434 0.651873 -0.169167 -0.498682 -0.0167436 0.00635401 0.0830968 0.588267 0.240898 0.943202 0.992418 0.680708 0.251204 0.430116 0.530107 -0.711429 0.488816 0.444879 
-1.05978 0.0632421 0.115036 -0.648789 -0.869958 -0.859807 0.295884 -0.459449 -0.568472 -0.183588 -0.0616859 0.0321969 0.103237 0.621495 -0.107857 -0.509518 -0.00407946 -0.0164265 0.10921 0.609156 0.271959 0.908733 1.00732 0.724412 0.241841 0.404135 0.55829 -0.715477 0.460237 0.412277 
-1.07172 0.0750742 0.129673 -0.675338 -0.87709 -0.861168 0.236512 -0.500681 -0.5413 -0.219291 -0.0818101 0.0191129 0.133817 0.662789 -0.157005 -0.502825 0.0349511 0.0500415 0.0753387 0.587803 0.277746 0.977151 0.996817 0.64977 0.257344 0.41227 0.569723 -0.717636 0.467767 0.444872 
-1.06295 0.0624905 0.115193 -0.655766 -0.89203 -0.844762 0.268283 -0.495839 -0.557414 -0.191267 -0.0807228 0.0196525 0.120745 0.629259 -0.131095 -0.511921 -0.00458038 -0.0180563 0.113791 0.547237 0.249392 0.908401 1.00847 0.704232 0.248862 0.446358 0.556958 -0.709279 0.484398 0.437391 
-1.07677 0.0996323 0.148228 -0.691758 -0.882257 -0.869685 0.230008 -0.47264 -0.55487 -0.228185 -0.0694016 0.0605009 0.139398 0.657978 -0.154697 -0.47708 -0.0106099 0.0510025 0.0613473 0.60539 0.27469 1.0114 0.987133 0.652094 0.219487 0.37763 0.584912 -0.724001 0.461477 0.437181 
-1.07316 0.047117 0.146776 -0.660186 -0.864041 -0.861835 0.241092 -0.46451 -0.54143 -0.270346 -0.0869379 0.0417503 0.121654 0.627562 -0.162489 -0.497036 0.0145815 0.0101738 0.0846017 0.593546 0.247815 0.926166 0.972294 0.678591 0.236031 0.380547 0.564974 -0.719749 0.458229 0.427566 
-1.07427 0.0597961 0.145133 -0.65801 -0.863131 -0.857424 0.247134 -0.4583 -0.544602 -0.264918 -0.0924245 0.0560375 0.124616 0.643803 -0.1586 -0.493011 0.00103902 0.00277961 0.0823395 0.609708 0.254348 0.926797 0.975383 0.669822 0.228593 0.386772 0.563022 -0.719706 0.460357 0.422224 
-1.07836 0.0576539 0.154361 -0.669982 -0.903483 -0.856623 0.230606 -0.461427 -0.533829 -0.217397 -0.074099 0.0714917 0.154741 0.665245 -0.156298 -0.480606 0.0270221 0.0171658 0.0892122 0.593988 0.271093 0.927307 0.984937 0.656683 0.233761 0.391975 0.57009 -0.721598 0.48538 0.452506 
-1.07927 0.0470253 0.141471 -0.662135 -0.887729 -0.846861 0.234686 -0.484551 -0.538726 -0.228392 -0.10855 0.0610096 0.133895 0.660349 -0.168971 -0.500285 0.0218054 0.00140359 0.0825975 0.587273 0.241239 0.932629 0.993863 0.680984 0.23569 0.383383 0.536738 -0.706308 0.470504 0.452076 
-1.07722 0.0657269 0.143216 -0.649601 -0.85995 -0.858988 0.24692 -0.49128 -0.556148 -0.265341 -0.0930715 0.0278399 0.136297 0.63702 -0.148212 -0.498798 -0.0175921 0.011996 0.078012 0.616923 0.261734 0.937367 0.996119 0.675032 0.241344 0.379232 0.566415 -0.726663 0.457809 0.415179 
