-1.06833 0.0804472 0.0874043 -0.597363 -0.842872 -0.889411 0.330695 -0.433765 -0.544162 -0.157616 -0.0819582 0.0695609 0.0940153 0.584801 -0.124202 -0.511933 0.00922021 -0.00365647 0.0931187 0.589027 0.359661 0.969652 1.02137 0.731211 0.342685 0.486237 0.494316 -0.663754 0.436689 0.408631 
-1.07125 0.110738 0.17862 -0.649016 -0.819851 -0.86444 0.331821 -0.447213 -0.55953 -0.27645 -0.0806469 0.0877021 0.118334 0.632141 -0.0746847 -0.496063 0.0272945 0.00112602 0.0316344 0.6097 0.273198 0.952486 1.01164 0.676148 0.221565 0.454392 0.551632 -0.753158 0.409345 0.398471 
-1.08538 0.0393771 0.137079 -0.683764 -0.863385 -0.874206 0.21784 -0.498919 -0.52778 -0.253381 -0.0865611 0.0053206 0.164079 0.656497 -0.145856 -0.510684 0.0441037 -0.00790992 0.105181 0.596948 0.268073 0.944474 0.97299 0.655556 0.251145 0.38145 0.560532 -0.69879 0.448418 0.424856 
-1.05974 0.0567056 0.0968057 -0.704505 -0.978887 -0.832674 0.25603 -0.523529 -0.564649 -0.255292 -0.127567 0.132454 0.0874644 0.701813 -0.17357 -0.543518 0.0143694 -0.00933005 0.0527551 0.629869 0.216692 0.884871 1.06161 0.681028 0.195881 0.340468 0.581853 -0.815376 0.510943 0.440963 
-1.10649 0.068481 0.142298 -0.644319 -0.847839 -0.873744 0.227753 -0.449803 -0.594135 -0.288976 -0.0928862 0.124905 0.122929 0.608083 -0.20994 -0.491425 0.0100238 -0.00472954 0.0434416 0.648733 0.203056 0.936708 0.980027 0.680772 0.165433 0.372676 0.58959 -0.767077 0.50307 0.404959 
-1.11719 0.059881 0.139902 -0.672417 -0.88635 -0.847567 0.247609 -0.473816 -0.544843 -0.227633 -0.0882771 0.0847183 0.150061 0.643085 -0.174959 -0.492123 0.0497558 -0.00506251 0.0979787 0.590065 0.239664 0.926115 1.03604 0.673857 0.256325 0.404808 0.550784 -0.697711 0.453569 0.445173 
-1.09039 0.144155 0.158533 -0.713434 -0.886732 -0.879415 0.201996 -0.446011 -0.513019 -0.185746 -0.075353 0.0827311 0.162667 0.656544 -0.131952 -0.48348 0.0109156 0.0279633 0.0185617 0.628441 0.264205 1.00861 0.994539 0.65653 0.213741 0.381261 0.618179 -0.743715 0.471064 0.436004 
-1.05434 -0.034093 0.0698272 -0.648982 -0.848822 -0.799107 0.353492 -0.500676 -0.624975 -0.261354 -0.0811357 0.0759371 0.0623419 0.633986 -0.214433 -0.458389 0.0423821 0.0280508 0.0441519 0.631649 0.267791 0.988684 0.911899 0.697191 0.223376 0.381726 0.544092 -0.699587 0.409921 0.442962 
-1.0306 0.0597671 0.146713 -0.653064 -0.878894 -0.860504 0.237052 -0.524362 -0.576338 -0.186769 -0.0928746 0.0159751 0.139339 0.660289 -0.131342 -0.478958 0.00574313 0.0214949 0.125188 0.544266 0.205263 0.931164 1.01413 0.716665 0.249905 0.470055 0.572615 -0.672798 0.49186 0.443525 
-1.04213 0.0202078 0.114062 -0.638059 -0.824156 -0.875673 0.319241 -0.488243 -0.549612 -0.148349 -0.122764 0.0216355 0.122642 0.601336 -0.17743 -0.572489 -0.00237023 -0.0257727 0.106169 0.612384 0.303584 1.04021 1.03558 0.631774 0.32808 0.471774 0.560384 -0.722349 0.443828 0.415412 
-1.08949 0.0384084 0.124325 -0.652064 -0.8669 -0.801405 0.302687 -0.523472 -0.561199 -0.190052 -0.101371 0.0436729 0.104329 0.641182 -0.120255 -0.51622 -0.0222671 0.00887198 0.0827131 0.643502 0.233742 0.96376 1.04924 0.684342 0.269706 0.499475 0.559871 -0.719866 0.537513 0.413743 
-1.06668 0.115132 0.202848 -0.726501 -0.908801 -0.812797 0.211666 -0.478755 -0.484814 -0.231489 -0.152886 0.17417 0.152776 0.653954 -0.229377 -0.496411 0.0449455 -0.0113134 0.0771586 0.643979 0.219759 0.879742 0.990648 0.687551 0.207662 0.395977 0.651464 -0.786841 0.494734 0.433325 
-1.10041 0.111521 0.130776 -0.686159 -0.864449 -0.87668 0.228011 -0.457648 -0.546722 -0.245884 -0.0708334 0.0661119 0.126009 0.632363 -0.131865 -0.471587 -0.00223084 0.0423756 0.0703143 0.618458 0.254437 0.996576 0.996501 0.670778 0.237389 0.35946 0.591293 -0.707908 0.462931 0.442985 
-1.10026 0.115626 0.166621 -0.710544 -0.881186 -0.847413 0.222893 -0.481648 -0.540135 -0.252495 -0.053836 0.0919739 0.152137 0.677978 -0.138936 -0.458947 0.0260462 0.0434956 0.0727548 0.566937 0.215435 0.916783 1.0133 0.654354 0.222724 0.41864 0.601654 -0.745104 0.495278 0.450694 
-1.12129 0.0758742 0.170159 -0.673109 -0.882528 -0.834116 0.241532 -0.46084 -0.511191 -0.317529 -0.0728757 0.0319604 0.102586 0.665922 -0.147661 -0.507496 -0.0202148 0.0312135 0.132681 0.622847 0.271083 0.932102 0.978817 0.666409 0.239247 0.417522 0.573208 -0.706999 0.462125 0.41401 
-1.06357 0.0394202 0.123246 -0.667731 -0.926491 -0.814365 0.235379 -0.477645 -0.544948 -0.238022 -0.124935 0.0326965 0.127172 0.662591 -0.147864 -0.492045 -0.0738903 -0.0134629 0.124873 0.562072 0.249482 0.932519 1.02725 0.663689 0.205583 0.508396 0.598491 -0.73113 0.437786 0.445315 
-1.05733 0.0107298 0.142514 -0.645978 -0.83318 -0.872748 0.370037 -0.512349 -0.515558 -0.165549 -0.0646625 0.00195333 0.1385 0.606408 -0.0497644 -0.495022 -0.0257762 -0.033543 0.135028 0.575196 0.281393 1.00053 1.09807 0.733678 0.299101 0.463353 0.50719 -0.685557 0.400956 0.36208 
-1.06771 0.0668258 0.171138 -0.691811 -0.913067 -0.899336 0.257521 -0.481383 -0.572398 -0.228895 -0.101522 0.106264 0.115142 0.625163 -0.114758 -0.584301 -0.0161276 -0.00740926 0.112856 0.646951 0.263242 0.860162 1.0336 0.715761 0.158555 0.424305 0.612108 -0.813007 0.417408 0.451333 
-1.08584 0.0390113 0.114519 -0.621026 -0.871562 -0.825424 0.298993 -0.517188 -0.588428 -0.229887 -0.0475702 0.0653687 0.12639 0.627944 -0.0855063 -0.558719 -0.00509054 -0.0208183 0.0894744 0.575859 0.254906 0.933003 1.02622 0.676757 0.242868 0.467957 0.572423 -0.705786 0.450567 0.447036 
-1.05906 0.0912619 0.195139 -0.696233 -0.773518 -0.946659 0.224804 -0.491014 -0.485145 -0.188936 -0.0545882 0.200508 0.145948 0.641261 -0.1979 -0.517217 0.0441245 -0.0369697 0.0595035 0.571581 0.313583 0.95072 0.976402 0.6311 0.252169 0.334081 0.622989 -0.709825 0.495008 0.406765 
-1.05052 0.0146925 0.191127 -0.678955 -0.858482 -0.914299 0.252745 -0.472124 -0.454166 -0.274892 -0.11394 0.150804 0.128148 0.740593 -0.25321 -0.429733 0.0633003 -0.0322398 0.0736039 0.643746 0.219438 0.875126 0.984432 0.657658 0.20404 0.369986 0.574564 -0.72601 0.406404 0.429715 
-1.10416 0.115542 0.119855 -0.700376 -0.838533 -0.901268 0.296966 -0.471289 -0.58111 -0.146973 -0.0596947 0.0765195 0.105227 0.659184 -0.133898 -0.554251 0.00554153 -0.0477208 0.0676405 0.556876 0.23461 0.937564 0.924565 0.750202 0.259347 0.370258 0.544402 -0.713397 0.497747 0.371716 
-1.09692 0.0644666 0.170737 -0.658746 -0.875298 -0.843235 0.288524 -0.481486 -0.513698 -0.287759 -0.100752 0.00448226 0.120251 0.662168 -0.135173 -0.456737 0.017564 0.0388025 0.0705513 0.563612 0.296877 0.932812 0.987261 0.677061 0.247758 0.3769 0.585138 -0.745139 0.435484 0.472883 
-1.06855 0.0825409 0.114845 -0.652485 -0.856652 -0.842813 0.223422 -0.487901 -0.540387 -0.215323 -0.0678945 0.00552835 0.12551 0.654503 -0.125144 -0.504049 -0.02927 -0.00617525 0.0954892 0.623073 0.279085 0.954848 1.01241 0.652092 0.216802 0.412919 0.57618 -0.700239 0.497198 0.460637 
-1.06663 0.0815641 0.0940916 -0.673741 -0.863153 -0.829128 0.242292 -0.499418 -0.562112 -0.20559 -0.0810536 0.0351828 0.108874 0.663741 -0.156057 -0.51182 0.0173738 -0.0153786 0.123847 0.578135 0.228861 0.938263 1.00972 0.638182 0.280758 0.45345 0.546611 -0.690028 0.510185 0.452593 
-1.08799 0.0576181 0.134196 -0.675835 -0.922185 -0.811921 0.224223 -0.46295 -0.557672 -0.249315 -0.0880188 0.0957191 0.10927 0.634343 -0.136719 -0.528505 0.0106163 0.0132442 0.11821 0.595048 0.226183 0.91276 0.982947 0.68189 0.225531 0.401225 0.573333 -0.70765 0.514563 0.46137 
-1.07365 0.0633959 0.0794067 -0.644985 -0.897634 -0.843771 0.217173 -0.49464 -0.53569 -0.212703 -0.0667088 0.0162567 0.138268 0.66307 -0.117189 -0.479593 0.00992074 0.0111515 0.0928025 0.565213 0.256476 0.930446 0.995279 0.666115 0.26305 0.423071 0.532064 -0.701445 0.44212 0.461863 
-1.02528 0.0740469 0.110442 -0.671155 -0.886351 -0.887177 0.264191 -0.471809 -0.541318 -0.237465 -0.0805436 0.0152771 0.135963 0.629368 -0.21723 -0.502325 -0.0630383 0.0208408 0.0563299 0.555307 0.259812 0.957103 0.985412 0.712021 0.22132 0.464875 0.559234 -0.658352 0.415409 0.416903 
-1.08093 0.0311014 0.172684 -0.656056 -0.930068 -0.852752 0.245527 -0.471476 -0.547531 -0.240851 -0.058005 0.0551838 0.163517 0.646337 -0.162684 -0.477337 0.0497453 0.000443836 0.104547 0.587805 0.251483 0.940566 0.993835 0.646376 0.24554 0.40587 0.548601 -0.698999 0.459456 0.455904 
-1.07421 0.0245748 0.135525 -0.662118 -0.880269 -0.84852 0.245319 -0.479301 -0.548941 -0.247789 -0.0618279 0.0169875 0.107453 0.610738 -0.150096 -0.507516 0.00512222 0.00345459 0.0922589 0.611902 0.2707 0.941724 0.962863 0.659682 0.217512 0.382954 0.589047 -0.706509 0.479551 0.412645 
-1.04294 0.0614665 0.198935 -0.63805 -0.82718 -0.894422 0.311164 -0.371826 -0.480999 -0.210023 -0.0365268 0.160537 0.111999 0.590964 -0.190447 -0.414715 0.0489698 -0.0239156 0.0577355 0.653147 0.262817 0.919489 0.963173 0.690061 0.15737 0.362888 0.630777 -0.751323 0.41647 0.479386 
-1.10323 0.0784433 0.181812 -0.608846 -0.8852 -0.801697 0.209108 -0.471325 -0.585642 -0.263182 -0.113256 0.104172 0.173274 0.663126 -0.108347 -0.540898 -0.0263329 -0.0147648 0.0838231 0.599539 0.215225 0.89735 0.994823 0.678817 0.217232 0.362966 0.604935 -0.735994 0.446506 0.478394 
-1.10133 0.0765122 0.129948 -0.657684 -0.879583 -0.872674 0.285237 -0.491611 -0.582704 -0.255029 -0.0689125 0.0296277 0.145078 0.661506 -0.153443 -0.510807 -0.00831164 -0.0240815 0.103002 0.585113 0.230581 0.950105 1.03316 0.688856 0.253976 0.475171 0.536055 -0.743486 0.497382 0.423013 
-1.06401 0.106872 0.155465 -0.696272 -0.885386 -0.852494 0.191543 -0.490207 -0.54466 -0.256395 -0.0848508 0.125178 0.1514 0.662867 -0.16279 -0.524555 0.0234417 -0.0580085 0.0755145 0.60201 0.195027 0.906081 0.980248 0.66178 0.268011 0.354653 0.550218 -0.736894 0.469142 0.47978 
-1.062 0.0717282 0.119769 -0.653099 -0.847625 -0.817874 0.257512 -0.509034 -0.571678 -0.241156 -0.0855311 0.0307034 0.138155 0.625898 -0.134419 -0.529948 -0.0387173 0.0335483 0.0981732 0.603729 0.23704 0.953573 1.0156 0.695535 0.263561 0.491162 0.547005 -0.730197 0.476766 0.423406 
-1.11954 0.0678263 0.163009 -0.657371 -0.984628 -0.856752 0.218429 -0.456745 -0.568375 -0.258272 -0.121753 0.068745 0.108515 0.660647 -0.115436 -0.53734 0.0147411 -0.0646343 0.0724631 0.582052 0.225906 0.846755 1.01538 0.713273 0.203594 0.356797 0.567957 -0.711393 0.459754 0.485713 
-1.07442 0.039999 0.0997624 -0.655166 -0.880214 -0.879163 0.291312 -0.486505 -0.551893 -0.193821 -0.0691063 0.0562009 0.126381 0.625527 -0.102191 -0.506635 -0.00218215 -0.0125686 0.123495 0.519798 0.262109 0.888815 0.975207 0.712828 0.234106 0.421035 0.54136 -0.73233 0.437185 0.391436 
-1.11897 0.0474014 0.144433 -0.661946 -0.8746 -0.788989 0.231372 -0.525716 -0.532023 -0.197782 -0.148664 -0.0269935 0.157766 0.611393 -0.155614 -0.536578 -0.0222446 0.0301254 0.111118 0.648596 0.267402 0.994298 0.977599 0.631694 0.280804 0.404564 0.511039 -0.6716 0.533314 0.444179 
-1.09043 0.0302483 0.144668 -0.682454 -0.884431 -0.849491 0.212996 -0.488741 -0.543966 -0.253397 -0.0994512 0.0356294 0.14878 0.668158 -0.142968 -0.518859 0.0466633 -0.0114073 0.0606059 0.574256 0.238911 0.957392 1.01308 0.663848 0.255014 0.398061 0.515609 -0.704589 0.47359 0.437413 
-1.05783 0.0439844 0.104055 -0.643284 -0.86468 -0.858736 0.231922 -0.503421 -0.535288 -0.201036 -0.125266 0.0277851 0.160424 0.653723 -0.132499 -0.489634 -0.00841667 0.00834933 0.113265 0.602764 0.257723 0.928129 0.968793 0.664421 0.240691 0.418102 0.538534 -0.68925 0.463307 0.419564 
-1.05632 0.0208051 0.110242 -0.630985 -0.869937 -0.906785 0.302136 -0.506915 -0.516099 -0.201497 -0.0804206 0.0510518 0.120965 0.588374 -0.129143 -0.512638 -0.0442383 -0.0590025 0.0884327 0.623575 0.272788 0.913731 1.04756 0.747862 0.2742 0.416651 0.53392 -0.688543 0.443275 0.416044 
-1.06075 0.107844 0.14653 -0.63393 -0.909025 -0.905661 0.310065 -0.492045 -0.536819 -0.17377 -0.062326 0.0581324 0.135163 0.599931 -0.112311 -0.489336 -0.0521051 0.0199552 0.0956624 0.507602 0.279388 0.887532 0.997387 0.692762 0.236219 0.397679 0.52179 -0.727501 0.465053 0.415527 
-1.03041 0.0620834 0.10964 -0.62607 -0.851829 -0.813953 0.227728 -0.495269 -0.552557 -0.191034 -0.093938 0.00171741 0.14484 0.653798 -0.137732 -0.516109 -0.0176 0.0145064 0.0641673 0.573348 0.260995 0.920235 1.01159 0.669619 0.287496 0.469675 0.564239 -0.749767 0.443434 0.437059 
-1.04715 0.0681466 0.0676424 -0.616668 -0.871379 -0.865509 0.274889 -0.484294 -0.564777 -0.175734 -0.0667858 0.0280944 0.087492 0.643636 -0.0928771 -0.501622 0.021224 -0.0148248 0.0907182 0.549701 0.298321 0.903883 1.02838 0.726858 0.267352 0.416763 0.539823 -0.720905 0.441681 0.430436 
-1.09936 0.0753651 0.119938 -0.693194 -0.887562 -0.865734 0.24886 -0.496072 -0.590007 -0.239667 -0.0930214 0.0818789 0.140246 0.639483 -0.156084 -0.506464 0.00799333 -0.0373933 0.113504 0.614061 0.239611 0.923937 0.99976 0.687747 0.236136 0.388185 0.582571 -0.680814 0.49436 0.478128 
-1.05454 0.0726443 0.127567 -0.66421 -0.87583 -0.884203 0.308532 -0.443389 -0.547896 -0.171253 -0.0773854 0.0338421 0.0858116 0.628968 -0.111065 -0.502352 -0.00832205 -0.0171599 0.0945879 0.587224 0.273864 0.898736 0.990512 0.725108 0.218702 0.401929 0.565777 -0.719254 0.447032 0.43373 
-1.07381 0.0742049 0.105697 -0.669656 -0.841263 -0.875179 0.240413 -0.432651 -0.595574 -0.297031 -0.0802341 0.141733 0.10312 0.649997 -0.217121 -0.51764 0.0234288 -0.0275291 0.0754473 0.644921 0.263692 0.916624 0.942623 0.695555 0.133401 0.323267 0.570653 -0.760036 0.478064 0.413982 
-1.07637 0.0791525 0.13692 -0.666427 -0.874076 -0.871881 0.245579 -0.495027 -0.526746 -0.224691 -0.0712079 0.0196177 0.112139 0.659355 -0.143793 -0.489106 0.00840274 -0.0102876 0.0676944 0.610077 0.269804 0.947813 0.971866 0.660475 0.285397 0.450891 0.545105 -0.708965 0.502403 0.414847 
-1.10833 0.0890033 0.147904 -0.621788 -0.923547 -0.919691 0.240202 -0.462018 -0.516616 -0.183378 -0.047546 0.0351331 0.157191 0.597637 -0.0710235 -0.516463 -0.0185269 -0.0536527 0.0914519 0.58382 0.295847 1.0324 1.07107 0.733337 0.225817 0.434615 0.572771 -0.661975 0.438648 0.42001 
-1.06885 0.0653695 0.107876 -0.641823 -0.899701 -0.899457 0.232265 -0.483363 -0.563487 -0.19886 -0.110963 0.0170875 0.164149 0.662085 -0.181877 -0.514849 0.0338352 -0.000149053 0.0932157 0.576052 0.245575 0.955198 0.965569 0.664384 0.257474 0.382742 0.509322 -0.655649 0.489854 0.448738 
-1.09306 0.0661086 0.13268 -0.647975 -0.85843 -0.86102 0.246861 -0.515521 -0.580759 -0.257513 -0.0658904 0.0473234 0.142893 0.61683 -0.118572 -0.500044 -0.00862258 0.00904435 0.0592888 0.636327 0.234165 0.929597 1.0208 0.691593 0.245862 0.362557 0.567357 -0.719742 0.462275 0.409089 
-1.10872 0.0693699 0.142526 -0.647377 -0.848248 -0.840714 0.227382 -0.497122 -0.605949 -0.275617 -0.068238 0.047165 0.132908 0.637098 -0.132341 -0.49789 0.00252073 0.0188827 0.0813585 0.649431 0.218326 0.903925 0.997597 0.671903 0.259571 0.339948 0.546414 -0.732306 0.488203 0.38246 
-1.11374 0.0853184 0.12411 -0.630266 -0.880499 -0.849 0.265786 -0.498885 -0.59568 -0.26936 -0.0774027 0.0365398 0.15316 0.608398 -0.113124 -0.487751 0.0171448 0.0273753 0.0343103 0.660498 0.230066 0.908851 1.00741 0.701486 0.25042 0.361344 0.560252 -0.696313 0.476185 0.420616 
-1.07331 0.0674224 0.141987 -0.64506 -0.856877 -0.869173 0.272336 -0.497613 -0.563911 -0.257511 -0.0703537 0.0394252 0.122734 0.630055 -0.136394 -0.501379 -0.0194392 0.0118959 0.0636444 0.620059 0.260322 0.937067 0.99731 0.70084 0.233256 0.368332 0.564828 -0.734464 0.470604 0.404655 
-1.07419 0.0632056 0.152935 -0.636091 -0.878117 -0.881901 0.246436 -0.489316 -0.580308 -0.248227 -0.0731173 0.0518535 0.0978885 0.63236 -0.112219 -0.498282 -0.00869423 0.0378914 0.0671695 0.60407 0.23431 0.957543 0.971838 0.700771 0.232876 0.364689 0.567405 -0.747987 0.457914 0.429286 
-1.08058 0.0759717 0.155823 -0.661548 -0.881358 -0.889686 0.261053 -0.517877 -0.587681 -0.259725 -0.0784429 0.0500606 0.139535 0.649948 -0.158162 -0.484493 -0.0331534 0.0124689 0.0786322 0.594488 0.273388 0.941152 0.986177 0.690598 0.233632 0.361797 0.582428 -0.751243 0.484743 0.392269 
-1.07172 0.0750742 0.129673 -0.675338 -0.87709 -0.861168 0.236512 -0.500681 -0.5413 -0.219291 -0.0818101 0.0191129 0.133817 0.662789 -0.157005 -0.502825 0.0349511 0.0500415 0.0753387 0.587803 0.277746 0.977151 0.996817 0.64977 0.257344 0.41227 0.569723 -0.717636 0.467767 0.444872 
-1.08898 0.067814 0.13497 -0.665467 -0.886521 -0.846049 0.236744 -0.490365 -0.547577 -0.226169 -0.0978217 0.00669552 0.136054 0.680698 -0.17065 -0.509221 0.0373635 0.0651253 0.0833664 0.596886 0.301766 0.972929 0.972858 0.676199 0.274491 0.412114 0.583762 -0.741127 0.48994 0.46785 
-1.07359 0.054277 0.10758 -0.689058 -0.852374 -0.860467 0.220983 -0.515124 -0.546478 -0.218681 -0.097307 0.0263936 0.133024 0.637668 -0.156261 -0.511527 0.00955514 0.0597784 0.0862383 0.593415 0.252039 0.996815 0.997533 0.639566 0.277695 0.410385 0.565808 -0.699266 0.468859 0.423334 
-1.08804 0.0442999 0.104328 -0.629366 -0.85407 -0.858778 0.254211 -0.481261 -0.577432 -0.197592 -0.117253 0.0154417 0.131863 0.651696 -0.13899 -0.512907 -0.0260616 0.0141565 0.0906954 0.601502 0.227156 0.962847 1.01554 0.652636 0.23483 0.485819 0.550127 -0.718207 0.473255 0.427902 
-1.10954 0.0516694 0.115904 -0.65222 -0.852305 -0.877508 0.25479 -0.472373 -0.560426 -0.172843 -0.110605 0.0115228 0.145265 0.670777 -0.112395 -0.516707 -0.0163669 0.0137505 0.0936464 0.613103 0.2119 0.960295 1.0195 0.671645 0.244236 0.484353 0.545886 -0.70744 0.466559 0.453475 
-1.11432 0.0445534 0.130382 -0.650589 -0.866978 -0.856259 0.254947 -0.492011 -0.593461 -0.190416 -0.0958642 0.0242957 0.109478 0.644677 -0.137951 -0.488094 -0.0297598 0.0407228 0.0837559 0.574955 0.206227 0.968371 0.992768 0.627076 0.255385 0.47827 0.572942 -0.706343 0.459333 0.450677 
-1.09623 0.122352 0.159272 -0.706707 -0.904963 -0.87986 0.208814 -0.458484 -0.532494 -0.217232 -0.0690196 0.0757013 0.160703 0.667784 -0.162189 -0.471246 0.0442173 0.0584442 0.045083 0.599603 0.282875 1.01818 0.981599 0.642421 0.213098 0.393355 0.590382 -0.718362 0.439334 0.446658 
-1.11389 0.109294 0.167398 -0.702032 -0.911312 -0.855359 0.224445 -0.470358 -0.544548 -0.199846 -0.0796892 0.0863033 0.151306 0.642766 -0.149962 -0.447042 0.0212773 0.0337214 0.0536597 0.626053 0.267009 1.0338 0.968919 0.652442 0.214748 0.373778 0.603117 -0.711534 0.438214 0.442104 
-1.09465 0.129108 0.173941 -0.722265 -0.887332 -0.868813 0.20161 -0.479553 -0.511769 -0.193048 -0.0459767 0.0894269 0.144475 0.689833 -0.187031 -0.448277 0.0289919 0.0323412 0.0349802 0.60011 0.26015 1.03624 0.984079 0.624683 0.226802 0.417797 0.584707 -0.714968 0.457405 0.467002 
-1.07169 0.0403639 0.111176 -0.681505 -0.909471 -0.829714 0.228196 -0.469386 -0.522588 -0.218761 -0.12864 0.0150387 0.128208 0.654843 -0.159526 -0.487743 0.0422802 0.000350815 0.08409 0.579453 0.247657 0.944721 0.999953 0.682478 0.24125 0.385732 0.527206 -0.6789 0.460795 0.465251 
-1.08019 0.0151786 0.0958329 -0.701996 -0.932444 -0.850816 0.230069 -0.471293 -0.520647 -0.224343 -0.148094 0.0228377 0.149241 0.664738 -0.184949 -0.51277 0.0453729 0.00741942 0.0730016 0.553489 0.255062 0.932481 0.986303 0.679664 0.234063 0.369016 0.525078 -0.695204 0.463068 0.464222 
-1.0773 0.0525938 0.110619 -0.697228 -0.893395 -0.8215 0.213428 -0.446062 -0.54619 -0.220831 -0.152742 0.00852079 0.148751 0.640944 -0.165683 -0.489937 0.0222349 -0.00424495 0.10331 0.596775 0.232546 0.970792 1.02444 0.662938 0.227743 0.400653 0.502371 -0.660045 0.453335 0.440697 
-1.06942 0.0406388 0.126014 -0.654436 -0.861453 -0.86997 0.260185 -0.45735 -0.549773 -0.253005 -0.0783849 0.0659165 0.120787 0.616603 -0.171646 -0.498939 -0.0023445 -0.00725348 0.0818379 0.634612 0.247375 0.91103 0.969234 0.695926 0.21019 0.393763 0.557228 -0.720444 0.46171 0.406031 
-1.07044 0.0565389 0.14805 -0.649316 -0.884248 -0.858774 0.236423 -0.470211 -0.523428 -0.243456 -0.0565015 0.0866351 0.130676 0.601925 -0.149778 -0.515471 -0.0141328 0.0146347 0.0816408 0.655464 0.243182 0.93643 0.95007 0.681545 0.204182 0.400738 0.564735 -0.72346 0.483087 0.416168 
-1.0551 0.0156329 0.140446 -0.649039 -0.848133 -0.850986 0.27952 -0.451449 -0.567566 -0.257421 -0.0725802 0.0581279 0.124012 0.635587 -0.175714 -0.478656 -0.0208139 -0.0185415 0.0692165 0.654562 0.229911 0.921691 0.942783 0.692065 0.213197 0.392753 0.573152 -0.72038 0.462082 0.406861 
-1.06901 0.0542433 0.10634 -0.657544 -0.89192 -0.852284 0.262987 -0.494857 -0.540585 -0.201609 -0.055719 0.0260041 0.118827 0.627509 -0.170364 -0.502737 0.00589577 -0.0144894 0.10369 0.55867 0.246324 0.916651 0.984015 0.687241 0.245748 0.385136 0.551508 -0.705622 0.464048 0.419426 
-1.07618 0.0304924 0.0859206 -0.649037 -0.892133 -0.863044 0.247058 -0.474625 -0.565881 -0.206139 -0.0699219 0.0105365 0.14466 0.65278 -0.185034 -0.519987 -0.00381237 -0.0156225 0.118674 0.556377 0.239928 0.934706 1.00719 0.705349 0.264175 0.402118 0.539215 -0.701898 0.48753 0.443937 
-1.0664 0.0695418 0.105764 -0.681388 -0.88381 -0.855969 0.23874 -0.472544 -0.525592 -0.222344 -0.0768804 0.0194546 0.1025 0.647961 -0.143841 -0.479193 0.00791788 0.0017144 0.119322 0.582485 0.250971 0.939923 1.00598 0.692015 0.26653 0.396423 0.577323 -0.681263 0.464902 0.414527 
-1.0868 0.0902774 0.13389 -0.634414 -0.924222 -0.855598 0.247873 -0.401591 -0.55705 -0.296573 -0.129711 0.0874828 0.0977614 0.615586 -0.171265 -0.516763 0.0208905 0.00576149 0.0689901 0.661407 0.246923 0.867333 1.03749 0.707752 0.221599 0.36136 0.590237 -0.719119 0.504725 0.493981 
-1.07196 0.0886444 0.144692 -0.623711 -0.914003 -0.857688 0.256327 -0.382731 -0.536723 -0.279732 -0.109278 0.087466 0.114757 0.603481 -0.154494 -0.521186 0.0429806 0.0014412 0.0849834 0.652103 0.252427 0.8488 1.06288 0.711342 0.213485 0.37549 0.581286 -0.70168 0.498755 0.517599 
-1.0901 0.067158 0.141305 -0.608796 -0.899377 -0.878978 0.271657 -0.376197 -0.566533 -0.299458 -0.146534 0.105068 0.121613 0.622456 -0.196105 -0.495559 0.0302739 0.00359902 0.0838386 0.670029 0.262143 0.875779 1.04798 0.681912 0.20334 0.33965 0.57893 -0.696557 0.479451 0.479337 
-1.06978 0.0731593 0.142474 -0.722072 -0.913189 -0.880565 0.210936 -0.44479 -0.54654 -0.258447 -0.0787585 0.0880679 0.145723 0.642578 -0.169976 -0.490091 0.018488 -0.0362194 0.0891271 0.620574 0.218077 0.944876 0.956791 0.648384 0.208816 0.422656 0.570277 -0.731243 0.451451 0.41506 
-1.08702 0.0832 0.119782 -0.702084 -0.932402 -0.893173 0.206926 -0.469273 -0.567898 -0.269742 -0.0766613 0.107884 0.124359 0.638218 -0.191315 -0.50824 0.0326614 -0.0548484 0.0892944 0.614114 0.207561 0.935473 0.935094 0.638085 0.215353 0.423106 0.584547 -0.731807 0.463205 0.409543 
-1.05989 0.0884334 0.147303 -0.713433 -0.892331 -0.892362 0.225813 -0.458819 -0.552796 -0.281562 -0.0782455 0.0667028 0.140847 0.649647 -0.153006 -0.505362 -0.00775075 -0.0349661 0.096704 0.599731 0.23316 0.967258 0.945951 0.647782 0.212903 0.445314 0.553233 -0.748879 0.473147 0.399653 
-1.09222 0.0586178 0.118248 -0.650764 -0.873978 -0.856979 0.256258 -0.499132 -0.562902 -0.207068 -0.0628869 0.0424353 0.14184 0.623757 -0.120073 -0.500315 -0.00152742 0.00345372 0.0790445 0.609887 0.234374 0.925771 1.0107 0.690969 0.24575 0.371967 0.553514 -0.707543 0.463599 0.417649 
-1.06975 0.0404039 0.113188 -0.656282 -0.901722 -0.838384 0.254235 -0.457514 -0.523194 -0.250151 -0.089435 0.0364806 0.122977 0.633451 -0.161461 -0.493515 0.0217601 -0.00636471 0.0825882 0.600048 0.247518 0.942046 0.974964 0.695116 0.223082 0.38884 0.536067 -0.68565 0.461466 0.439589 
-1.07171 0.0660054 0.121581 -0.677567 -0.888164 -0.850082 0.229164 -0.48814 -0.532212 -0.21904 -0.108912 0.0176487 0.133287 0.657789 -0.159526 -0.498804 0.0412704 0.00050274 0.077063 0.585653 0.266293 0.96336 0.997198 0.676858 0.245331 0.404129 0.542954 -0.700456 0.462337 0.457313 
-1.0879 0.0721958 0.13145 -0.67504 -0.876378 -0.861103 0.243395 -0.503615 -0.559917 -0.252911 -0.074779 0.0335225 0.134323 0.620296 -0.122305 -0.50128 -0.000160557 0.0140312 0.0604246 0.620656 0.267655 0.947312 1.00316 0.663153 0.2489 0.406465 0.567525 -0.718505 0.467207 0.437735 
-1.07642 0.0750009 0.141888 -0.715359 -0.920525 -0.879737 0.24386 -0.405557 -0.546785 -0.27348 -0.111254 0.0880109 0.143032 0.632846 -0.170325 -0.502803 0.0195831 -0.0200888 0.0842773 0.626176 0.244242 0.905888 0.964572 0.701022 0.210927 0.371704 0.575379 -0.727674 0.48532 0.453533 
-1.0788 0.0413665 0.106303 -0.661036 -0.889542 -0.842405 0.234907 -0.480502 -0.532739 -0.200013 -0.119525 0.0154045 0.130931 0.654109 -0.139144 -0.500605 0.00327722 0.00959436 0.0863745 0.592986 0.236275 0.948133 1.0106 0.659165 0.239069 0.439569 0.531253 -0.69279 0.468963 0.449947 
-1.08007 0.0662296 0.140222 -0.645925 -0.85711 -0.866061 0.25615 -0.507659 -0.579535 -0.257511 -0.0674518 0.0398848 0.138357 0.624346 -0.119203 -0.500938 -0.0147073 0.00914867 0.0593117 0.620794 0.259274 0.931717 1.00107 0.694524 0.244024 0.364593 0.565892 -0.731205 0.463782 0.407784 
-1.06964 0.0455702 0.139592 -0.671294 -0.907269 -0.871154 0.256731 -0.449194 -0.546903 -0.254919 -0.0785787 0.0830434 0.127794 0.630674 -0.170707 -0.497236 0.00493315 -0.0235269 0.0857181 0.627009 0.239647 0.92874 0.968031 0.679138 0.208981 0.414668 0.558559 -0.728351 0.457966 0.408622 
-1.06979 0.0665291 0.126774 -0.673578 -0.870022 -0.866154 0.241005 -0.498901 -0.545094 -0.225455 -0.0795446 0.0290174 0.122541 0.655816 -0.16107 -0.502702 0.0289058 0.0393481 0.0790277 0.618965 0.273718 0.918352 0.985872 0.684843 0.241877 0.406839 0.568233 -0.719028 0.466005 0.433318 
-1.07169 0.0705112 0.125596 -0.67985 -0.89396 -0.858648 0.235386 -0.475228 -0.527132 -0.218851 -0.12847 0.0157207 0.132918 0.65913 -0.159319 -0.492745 0.042164 0.0119367 0.0812344 0.582144 0.24798 0.968892 0.997715 0.661118 0.255135 0.410583 0.528301 -0.708317 0.465896 0.453156 
-1.07269 0.0436032 0.135491 -0.650401 -0.861103 -0.869785 0.266952 -0.478047 -0.550709 -0.253191 -0.075703 0.0560371 0.12167 0.627884 -0.151673 -0.500999 -0.00930592 -0.00684628 0.0701308 0.632986 0.249715 0.919745 0.974338 0.696401 0.216627 0.387874 0.561914 -0.724783 0.466478 0.405105 
-1.08334 0.0901651 0.137131 -0.642648 -0.862407 -0.861026 0.266005 -0.446178 -0.558919 -0.260938 -0.0953633 0.0656408 0.104319 0.629049 -0.140145 -0.510522 0.00943404 0.00926337 0.0664243 0.636836 0.248075 0.909081 1.03301 0.701346 0.226137 0.363025 0.583661 -0.731065 0.488424 0.440772 
-1.07937 0.0639545 0.132389 -0.650279 -0.86145 -0.866206 0.252244 -0.500153 -0.556853 -0.253177 -0.0781435 0.0484108 0.124541 0.616699 -0.157922 -0.499284 -0.00640334 0.00502008 0.0707292 0.63585 0.24428 0.919091 1.01378 0.692985 0.240472 0.374151 0.564143 -0.719937 0.46193 0.406653 
-1.09273 0.0571135 0.150474 -0.692249 -0.875426 -0.871916 0.251434 -0.457552 -0.539974 -0.246233 -0.0746611 0.0680346 0.158504 0.621488 -0.163016 -0.485785 0.0100654 -0.00123972 0.0592822 0.610566 0.267604 0.916776 0.978479 0.660743 0.212851 0.393716 0.583952 -0.719823 0.457724 0.434963 
-1.08159 0.0631644 0.113592 -0.675949 -0.898315 -0.831057 0.238076 -0.483959 -0.551012 -0.246248 -0.116171 0.0398633 0.139538 0.632502 -0.149277 -0.490567 -0.00530236 0.00256618 0.0688709 0.62445 0.236487 0.942671 1.01779 0.683609 0.242754 0.383984 0.528449 -0.710583 0.461801 0.450578 
-1.07163 0.0661356 0.107297 -0.652884 -0.863577 -0.860734 0.270286 -0.49644 -0.560065 -0.216512 -0.0609883 0.0311964 0.121316 0.628364 -0.147854 -0.501754 -0.0135917 0.00166588 0.0938811 0.588814 0.252738 0.918276 0.986796 0.697009 0.238775 0.377541 0.560052 -0.73279 0.46532 0.417401 
-1.07256 0.0596454 0.136973 -0.665918 -0.879552 -0.832215 0.246205 -0.485174 -0.523525 -0.233559 -0.087073 0.0207001 0.127402 0.652076 -0.145691 -0.500693 0.00447461 0.0112085 0.0811378 0.612131 0.256916 0.938114 0.997835 0.689153 0.239275 0.380284 0.549504 -0.703652 0.469557 0.441242 
-1.07093 0.0723452 0.142121 -0.661894 -0.913181 -0.879149 0.248597 -0.494166 -0.556644 -0.258172 -0.0729731 0.0717804 0.143054 0.631313 -0.167011 -0.494859 -0.0159715 9.9577e-05 0.0780488 0.620249 0.225387 0.93848 0.95789 0.684623 0.220348 0.383159 0.567999 -0.733991 0.456644 0.40791 
-1.08519 0.0423456 0.115706 -0.64759 -0.855859 -0.868377 0.257229 -0.469013 -0.559168 -0.225084 -0.0926149 0.0634777 0.12738 0.626809 -0.166927 -0.507169 -0.0210983 0.00745241 0.0862945 0.618014 0.243664 0.917715 0.971811 0.684401 0.215676 0.476734 0.551385 -0.718796 0.469516 0.421975 
-1.07738 0.0634793 0.129857 -0.647427 -0.895938 -0.863619 0.259222 -0.431787 -0.556734 -0.279241 -0.0886272 0.0763478 0.112321 0.616001 -0.171417 -0.511007 0.00211187 -0.00269943 0.0744336 0.643917 0.247056 0.891628 1.01385 0.700033 0.21795 0.38007 0.563263 -0.720117 0.465809 0.4176 
