-1.12718 0.0697213 0.12479 -0.646052 -0.875978 -0.814439 0.237062 -0.522869 -0.514575 -0.179046 -0.128442 -0.0451166 0.172841 0.584553 -0.130753 -0.542623 0.0038273 0.0213664 0.123785 0.639295 0.266968 0.999771 0.988499 0.647847 0.283178 0.393675 0.506325 -0.669636 0.516758 0.444969 
-1.09254 0.130209 0.159804 -0.693785 -0.88518 -0.850514 0.247776 -0.447771 -0.54116 -0.19526 -0.0568716 0.0971338 0.152741 0.669366 -0.128944 -0.449595 0.0225428 0.0358472 0.0673468 0.631684 0.284206 1.02027 0.956825 0.671602 0.237514 0.360055 0.583716 -0.721357 0.443062 0.415404 
-1.04134 0.0209863 0.0971627 -0.650892 -0.848161 -0.843675 0.217999 -0.481685 -0.515446 -0.176996 -0.128613 0.0118161 0.141905 0.678038 -0.15583 -0.479067 0.00326663 0.0196089 0.128799 0.594828 0.266804 0.929078 0.956318 0.637412 0.250441 0.398852 0.536959 -0.685306 0.488678 0.434362 
-1.09932 0.0890328 0.111421 -0.641565 -0.864613 -0.861315 0.221927 -0.489453 -0.533872 -0.240368 -0.0900373 0.018111 0.105052 0.666673 -0.125609 -0.481046 -0.00539487 -0.018084 0.0530843 0.632828 0.249249 0.965361 0.968889 0.665886 0.296179 0.430848 0.543463 -0.684947 0.50631 0.393595 
-1.11767 0.0810036 0.104969 -0.646854 -0.858634 -0.894371 0.261255 -0.467928 -0.579725 -0.250834 -0.0761282 0.00337402 0.153356 0.668522 -0.152874 -0.503204 0.0166935 -0.0265784 0.119949 0.56873 0.238388 0.935629 1.04166 0.680441 0.253083 0.48892 0.529913 -0.729037 0.516759 0.426494 
-1.12059 0.126761 0.170254 -0.734274 -0.867685 -0.862951 0.206288 -0.454287 -0.511267 -0.174657 -0.0509648 0.11023 0.127208 0.694866 -0.189272 -0.435089 0.0174017 0.0404187 0.0418647 0.577556 0.233083 1.02394 0.976372 0.649221 0.209108 0.415109 0.577244 -0.687894 0.437488 0.458261 
-1.10759 0.136384 0.178393 -0.705069 -0.899796 -0.869997 0.202779 -0.482852 -0.537141 -0.264499 -0.0290528 0.0701653 0.171216 0.66991 -0.155656 -0.4702 0.0234226 0.0621994 0.0623433 0.552737 0.194777 0.911677 1.00773 0.647625 0.198178 0.437095 0.586371 -0.721038 0.491455 0.425018 
-1.12334 0.0735689 0.108883 -0.668775 -0.834624 -0.903894 0.245151 -0.477262 -0.537622 -0.177416 -0.10723 0.0288386 0.161123 0.646543 -0.125167 -0.533537 -0.0285109 0.0266848 0.108143 0.604551 0.233246 0.972574 1.00326 0.694278 0.256058 0.463638 0.529428 -0.686943 0.455607 0.433503 
-1.09755 0.0388954 0.155067 -0.682598 -0.857001 -0.863364 0.266605 -0.479109 -0.535004 -0.265575 -0.12714 0.0256844 0.147106 0.684737 -0.11158 -0.44107 0.0339726 0.0141269 0.0961174 0.564725 0.276268 0.955953 0.961711 0.68827 0.225092 0.372788 0.594828 -0.743626 0.452821 0.448759 
-1.08862 0.139643 0.136921 -0.708577 -0.883561 -0.853308 0.227184 -0.44006 -0.532151 -0.19149 -0.0873505 0.0947471 0.13622 0.656035 -0.182232 -0.48203 0.026309 0.0570155 0.0486504 0.595549 0.278434 1.02485 0.955463 0.651482 0.195933 0.419158 0.613419 -0.734828 0.416732 0.460197 
-1.04584 0.0323075 0.118229 -0.669508 -0.921666 -0.816867 0.236485 -0.487963 -0.552072 -0.216109 -0.123447 0.0571203 0.112933 0.651096 -0.15901 -0.466433 -0.0943523 0.00523446 0.146405 0.55851 0.264015 0.954053 1.05316 0.686894 0.196962 0.504428 0.598951 -0.746705 0.432436 0.43314 
-1.04031 0.0659864 0.129317 -0.644848 -0.89806 -0.875625 0.221793 -0.548046 -0.575683 -0.189669 -0.0811318 0.0213635 0.15153 0.649122 -0.142569 -0.505147 -0.00396772 0.0178681 0.146033 0.566393 0.201928 0.956143 0.998304 0.716145 0.245202 0.485442 0.581734 -0.685425 0.474697 0.431165 
-1.05563 0.0823745 0.143126 -0.654415 -0.905461 -0.89613 0.234979 -0.493855 -0.582973 -0.24976 -0.0630961 0.0575179 0.136833 0.649438 -0.152495 -0.485712 -0.0429949 -0.0105414 0.065093 0.625285 0.200421 0.934288 0.974651 0.66734 0.216358 0.404387 0.571764 -0.726766 0.442195 0.397792 
-1.04766 0.0917616 0.1095 -0.655996 -0.901997 -0.882818 0.315752 -0.445226 -0.556416 -0.194086 -0.0861737 0.013156 0.0850132 0.640529 -0.113011 -0.477831 -0.018271 -0.0416947 0.103005 0.581831 0.259658 0.889036 0.998745 0.732551 0.192366 0.422105 0.575104 -0.704376 0.441267 0.450391 
-1.07066 0.0327973 0.191175 -0.674159 -0.847417 -0.931994 0.232677 -0.486495 -0.445337 -0.288334 -0.0960737 0.177381 0.129838 0.738067 -0.251606 -0.424057 0.0556912 -0.0421611 0.0655196 0.625014 0.216469 0.861468 0.983605 0.646653 0.18349 0.35372 0.567459 -0.702748 0.400529 0.420482 
-1.09458 0.0222013 0.0906765 -0.666577 -0.892986 -0.859455 0.265211 -0.483529 -0.514412 -0.250018 -0.0722921 0.0232855 0.133672 0.630925 -0.187722 -0.511238 -0.00151004 0.00195153 0.0777627 0.624294 0.220976 0.94985 0.966229 0.68759 0.235451 0.380136 0.529703 -0.662595 0.454594 0.464115 
-1.03862 0.129254 0.180425 -0.684961 -0.892787 -0.871733 0.203906 -0.471558 -0.570009 -0.233899 -0.0586046 0.109313 0.143864 0.680254 -0.189787 -0.498653 0.00320032 -0.066496 0.0680477 0.578549 0.181455 0.881711 0.960518 0.652218 0.289532 0.353661 0.552817 -0.75564 0.467552 0.480884 
-1.06359 0.0759515 0.108247 -0.723532 -0.956571 -0.874966 0.196279 -0.456453 -0.56969 -0.245259 -0.0976392 0.0869981 0.127137 0.627855 -0.165235 -0.511089 0.0420104 -0.0376555 0.0747118 0.637314 0.233426 0.957056 0.90983 0.647378 0.219113 0.405571 0.609807 -0.758697 0.464272 0.402052 
-1.09083 0.0706045 0.119269 -0.6577 -0.886286 -0.887556 0.269096 -0.475079 -0.55674 -0.231379 -0.078419 0.0116388 0.0961263 0.610306 -0.164175 -0.52104 -0.0184669 -0.00647555 0.109952 0.573591 0.24234 0.945263 0.997282 0.676738 0.218404 0.375437 0.540215 -0.724867 0.447183 0.438402 
-1.06727 0.0578063 0.153498 -0.683113 -0.875898 -0.840201 0.266871 -0.522906 -0.549784 -0.239974 -0.0834246 0.0577687 0.107474 0.645513 -0.0986778 -0.516351 -0.0252557 -5.71818e-06 0.0522883 0.621345 0.282568 0.956531 1.0014 0.645129 0.229937 0.407054 0.582107 -0.713599 0.480146 0.443858 
-1.07628 0.0296488 0.19162 -0.656954 -0.921633 -0.846627 0.272119 -0.468157 -0.535983 -0.22927 -0.0519577 0.0718058 0.144176 0.650862 -0.176136 -0.490785 0.0501939 -0.0242194 0.0819498 0.572274 0.269889 0.962862 0.996932 0.6463 0.228571 0.384755 0.532486 -0.69851 0.479503 0.474141 
-1.06446 0.0725175 0.151392 -0.610301 -0.940668 -0.858631 0.268846 -0.428175 -0.556303 -0.2872 -0.102879 0.0895279 0.123245 0.597455 -0.186364 -0.520613 0.0063315 0.014276 0.0831628 0.683393 0.260985 0.843909 1.02546 0.714577 0.225153 0.367338 0.587166 -0.727541 0.522792 0.500399 
-1.09841 0.0543108 0.116502 -0.628976 -0.87821 -0.883319 0.314801 -0.489727 -0.531945 -0.201818 -0.0920914 0.0540319 0.149861 0.607631 -0.123908 -0.520159 -0.0232745 -0.0258789 0.114699 0.51266 0.241505 0.901941 0.960695 0.692573 0.230143 0.400505 0.56507 -0.738227 0.427455 0.413618 
-1.08926 0.0862713 0.127694 -0.656339 -0.881722 -0.844791 0.242097 -0.486412 -0.585433 -0.293492 -0.0971331 0.02369 0.154072 0.60071 -0.100017 -0.468419 0.00199966 0.00881814 0.0437539 0.676943 0.215501 0.886859 1.03165 0.721139 0.23085 0.346795 0.542077 -0.704202 0.492429 0.404352 
-1.10817 0.0156323 0.130598 -0.624758 -0.872989 -0.798712 0.323638 -0.520797 -0.579281 -0.254706 -0.0275808 0.078809 0.119305 0.635823 -0.0834244 -0.535096 -0.000709468 -0.0431549 0.0671636 0.576918 0.231145 0.95147 1.00731 0.668303 0.248952 0.493631 0.58348 -0.731272 0.450859 0.468729 
-1.09443 0.0388099 0.138007 -0.675143 -0.896677 -0.849022 0.238172 -0.462639 -0.506021 -0.219975 -0.0917692 0.00558255 0.138487 0.657893 -0.157632 -0.492036 -0.00393015 0.0232572 0.0909472 0.609854 0.231805 0.942217 1.01922 0.672471 0.252808 0.360722 0.552436 -0.680949 0.470366 0.426455 
-1.09261 0.0717766 0.0872915 -0.663824 -0.870412 -0.846947 0.249574 -0.469687 -0.543092 -0.23271 -0.0980028 0.0412913 0.0927517 0.668934 -0.139606 -0.48239 -0.00100463 -0.0096343 0.0953549 0.602585 0.226916 0.943789 0.98611 0.701112 0.265369 0.389484 0.60337 -0.691873 0.473607 0.397838 
-1.10565 0.0959258 0.154269 -0.664004 -0.844324 -0.867692 0.205294 -0.448352 -0.534524 -0.247927 -0.0768057 0.0704836 0.132226 0.644902 -0.143945 -0.475535 -0.00301443 0.0447846 0.0474319 0.632232 0.258487 0.972191 1.00738 0.670852 0.21877 0.335356 0.58094 -0.723667 0.485599 0.460366 
-1.07001 0.0496782 0.124415 -0.632854 -0.876959 -0.872264 0.242375 -0.48672 -0.551934 -0.199543 -0.0545188 0.0155199 0.0926313 0.643222 -0.170239 -0.490696 0.0261822 0.0115985 0.0924022 0.575375 0.241309 0.916292 0.987494 0.664647 0.225024 0.363968 0.547003 -0.691941 0.468655 0.39339 
-1.04699 0.0992904 0.141051 -0.676591 -0.864081 -0.850744 0.21929 -0.511698 -0.523155 -0.197752 -0.0604979 0.00179678 0.132779 0.680895 -0.125035 -0.516485 -0.0226638 0.0176906 0.0760623 0.617312 0.28026 0.963655 0.998993 0.661674 0.213189 0.408511 0.563944 -0.71848 0.512639 0.457654 
-1.08468 0.0716555 0.143786 -0.66633 -0.850633 -0.88894 0.256643 -0.431808 -0.524833 -0.235117 -0.0694192 0.0518428 0.145225 0.603859 -0.161264 -0.470303 0.0290192 -0.0202139 0.0695412 0.601994 0.247957 0.907716 1.00067 0.66884 0.218826 0.367351 0.558975 -0.71982 0.442477 0.443036 
-1.07609 0.0653929 0.136144 -0.651511 -0.871132 -0.875634 0.23418 -0.463498 -0.548303 -0.247058 -0.0875985 0.0450417 0.145588 0.652516 -0.166323 -0.506315 -0.00280108 0.0163397 0.0854165 0.63705 0.234368 0.915639 0.98105 0.692751 0.205997 0.48492 0.560775 -0.727009 0.471322 0.406091 
-1.06 0.0510391 0.132206 -0.658549 -0.849617 -0.866084 0.290453 -0.473769 -0.55508 -0.234595 -0.0886812 0.03439 0.129951 0.602662 -0.160953 -0.481372 -0.0319512 0.00150285 0.0770746 0.620231 0.245747 0.938373 0.959239 0.689051 0.193198 0.366346 0.578063 -0.710521 0.482141 0.40696 
-1.06675 0.0184839 0.164777 -0.638606 -0.843758 -0.869806 0.371195 -0.512243 -0.519638 -0.190521 -0.0529728 -0.0128105 0.158548 0.579965 -0.0368579 -0.49837 -0.0243437 -0.0491288 0.122077 0.597052 0.265892 1.02436 1.0751 0.725879 0.313013 0.448949 0.483076 -0.707129 0.391732 0.380697 
-1.11213 0.029589 0.167952 -0.692848 -0.895611 -0.851897 0.238285 -0.469423 -0.520992 -0.259999 -0.125754 0.0295022 0.142281 0.662411 -0.155618 -0.492902 0.0430762 0.00908683 0.0397909 0.593609 0.230881 0.938229 1.01007 0.640194 0.278828 0.397933 0.5191 -0.68079 0.494823 0.447768 
-1.05443 0.0812439 0.127233 -0.626074 -0.919819 -0.902047 0.316552 -0.515827 -0.552451 -0.180609 -0.0405893 0.0406137 0.149646 0.614078 -0.103514 -0.479864 -0.0338201 0.0256523 0.0753662 0.521835 0.260939 0.881952 1.00854 0.692331 0.246092 0.372717 0.530633 -0.710534 0.481364 0.397195 
-1.0099 0.0580624 0.117333 -0.627757 -0.865186 -0.820533 0.213016 -0.518254 -0.576199 -0.195481 -0.118548 -0.00185567 0.141564 0.663804 -0.115398 -0.52153 -0.0211352 0.0214412 0.0872888 0.578099 0.266849 0.918082 1.02542 0.690324 0.304723 0.447996 0.579492 -0.725361 0.424067 0.458318 
-1.08363 0.0728763 0.148124 -0.601584 -0.883474 -0.90572 0.289908 -0.392117 -0.555205 -0.288692 -0.168325 0.107111 0.13478 0.638648 -0.215719 -0.491701 0.0465169 -0.0115117 0.0982218 0.688063 0.244648 0.859045 1.06069 0.691822 0.186735 0.350455 0.568409 -0.691078 0.496439 0.457175 
-1.10327 0.0226962 0.118543 -0.635768 -0.835641 -0.834397 0.233564 -0.456952 -0.591201 -0.223136 -0.140505 0.0384515 0.147116 0.630584 -0.143436 -0.507822 -0.0101726 0.0248804 0.0871156 0.597346 0.204756 0.937482 1.02567 0.63926 0.214688 0.495756 0.537093 -0.735627 0.460153 0.453629 
-1.07779 0.0378704 0.133632 -0.665076 -0.881429 -0.863294 0.271264 -0.446844 -0.566385 -0.261426 -0.0956378 0.0573499 0.112946 0.631334 -0.172759 -0.502119 -0.0144362 -0.0319469 0.0613478 0.60635 0.240501 0.936643 0.962836 0.668856 0.202051 0.424213 0.551767 -0.721296 0.447664 0.403406 
-1.05006 0.0858287 0.142433 -0.67103 -0.911153 -0.870955 0.260458 -0.450147 -0.507462 -0.229854 -0.116921 0.024857 0.137947 0.678568 -0.142861 -0.491223 0.0313861 0.0205966 0.107468 0.561959 0.256597 0.982834 0.980431 0.635893 0.253228 0.393935 0.522313 -0.692692 0.483431 0.43962 
-1.0844 0.0738301 0.143825 -0.637214 -0.92886 -0.865412 0.255476 -0.387521 -0.533559 -0.290877 -0.0838735 0.0721152 0.134312 0.592293 -0.153061 -0.536688 0.0552396 -0.0238466 0.0962251 0.675584 0.271849 0.844376 1.05965 0.699804 0.220435 0.365437 0.56549 -0.711674 0.479684 0.522714 
-1.09121 0.0718778 0.152946 -0.693568 -0.903072 -0.796041 0.20553 -0.483289 -0.555388 -0.252299 -0.108917 0.0872033 0.118825 0.64426 -0.155796 -0.546036 0.0261539 0.0064077 0.129425 0.606818 0.226879 0.893331 0.969693 0.69137 0.219845 0.416347 0.590161 -0.685704 0.493971 0.474652 
-1.02651 0.0571413 0.0949121 -0.663836 -0.908215 -0.87304 0.245859 -0.487203 -0.543772 -0.243219 -0.0870574 0.0398678 0.120408 0.603476 -0.206976 -0.51489 -0.0735088 0.0316954 0.0762642 0.564604 0.274285 0.98104 0.998606 0.694453 0.20418 0.487474 0.561981 -0.640291 0.418989 0.425671 
-1.09968 0.0721937 0.127437 -0.702126 -0.876721 -0.853332 0.252324 -0.478289 -0.608037 -0.224478 -0.0732814 0.0552165 0.126612 0.641614 -0.163573 -0.515153 0.0133985 -0.0402434 0.0882103 0.613167 0.244067 0.92539 1.02505 0.711615 0.25048 0.398457 0.593657 -0.661643 0.50893 0.485841 
-1.03603 0.0805847 0.145011 -0.638041 -0.837511 -0.806835 0.271996 -0.511053 -0.578512 -0.263992 -0.0678588 0.0049281 0.147339 0.637946 -0.161075 -0.503182 -0.0603877 0.0106974 0.116349 0.603824 0.238272 0.940632 1.00459 0.672787 0.275843 0.476076 0.521534 -0.752568 0.469006 0.4153 
-1.06414 0.0949179 0.0875115 -0.574079 -0.856082 -0.899376 0.343482 -0.412133 -0.556829 -0.173163 -0.0707148 0.0521147 0.110641 0.603118 -0.11061 -0.485373 0.0222663 -0.020528 0.0994206 0.590827 0.337401 0.958887 1.04144 0.719367 0.35422 0.483437 0.515153 -0.680313 0.461085 0.384271 
-1.10056 0.072991 0.155145 -0.655129 -0.894511 -0.843624 0.236425 -0.458349 -0.547299 -0.240901 -0.0959012 0.0833707 0.16522 0.630303 -0.153496 -0.506586 0.0321073 0.0194328 0.0874838 0.610408 0.237633 0.925689 1.02646 0.698207 0.27836 0.414335 0.537395 -0.671211 0.444112 0.468452 
-1.09631 0.0868116 0.113659 -0.671416 -0.892397 -0.824704 0.247664 -0.479696 -0.577576 -0.254385 -0.130292 0.0429006 0.127609 0.656157 -0.169906 -0.504692 0.0112769 -0.00170423 0.0694409 0.60789 0.24516 0.942505 1.03043 0.690826 0.259627 0.390234 0.50457 -0.701449 0.47302 0.44079 
-1.09101 0.0501332 0.0931437 -0.670795 -0.881535 -0.847571 0.212083 -0.483616 -0.541615 -0.190465 -0.123324 0.00732425 0.104867 0.634591 -0.124752 -0.486355 -0.0211722 -0.00200359 0.0754384 0.597985 0.230337 0.952974 1.01529 0.664074 0.252138 0.43123 0.505272 -0.679282 0.464863 0.450771 
-1.04715 0.0681466 0.0676424 -0.616668 -0.871379 -0.865509 0.274889 -0.484294 -0.564777 -0.175734 -0.0667858 0.0280944 0.087492 0.643636 -0.0928771 -0.501622 0.021224 -0.0148248 0.0907182 0.549701 0.298321 0.903883 1.02838 0.726858 0.267352 0.416763 0.539823 -0.720905 0.441681 0.430436 
-1.04813 0.062914 0.0884551 -0.620011 -0.896942 -0.883261 0.277403 -0.499954 -0.551212 -0.161586 -0.0759026 0.0456883 0.10728 0.661552 -0.116312 -0.491422 0.0259777 0.00750362 0.112129 0.540443 0.275532 0.923124 1.00346 0.721334 0.249882 0.393106 0.537757 -0.701533 0.464684 0.438797 
-1.03131 0.0441032 0.0887096 -0.639253 -0.848284 -0.868413 0.274707 -0.487303 -0.548926 -0.19407 -0.0549292 0.0547287 0.0647715 0.662577 -0.0866623 -0.513959 0.00554801 -0.00425309 0.116208 0.550654 0.285897 0.906383 1.0409 0.711001 0.277838 0.404866 0.549038 -0.702639 0.430997 0.433728 
-1.07618 0.0304924 0.0859206 -0.649037 -0.892133 -0.863044 0.247058 -0.474625 -0.565881 -0.206139 -0.0699219 0.0105365 0.14466 0.65278 -0.185034 -0.519987 -0.00381237 -0.0156225 0.118674 0.556377 0.239928 0.934706 1.00719 0.705349 0.264175 0.402118 0.539215 -0.701898 0.48753 0.443937 
-1.04963 0.0437756 0.102531 -0.672362 -0.900838 -0.837118 0.237253 -0.4771 -0.589302 -0.208117 -0.0471106 0.0206779 0.13387 0.636041 -0.197677 -0.503328 -0.0255215 0.00847023 0.124007 0.54093 0.247918 0.954171 0.991374 0.719047 0.258818 0.394347 0.513566 -0.680379 0.490701 0.429642 
-1.09944 0.00938908 0.0869878 -0.623503 -0.876858 -0.848559 0.248028 -0.48262 -0.561361 -0.226136 -0.0487493 -0.00496882 0.148648 0.647414 -0.1915 -0.507059 0.0116802 -0.0239873 0.108205 0.531304 0.238827 0.942431 1.02219 0.68618 0.241447 0.407152 0.514644 -0.681742 0.487503 0.462734 
-1.07331 0.0674224 0.141987 -0.64506 -0.856877 -0.869173 0.272336 -0.497613 -0.563911 -0.257511 -0.0703537 0.0394252 0.122734 0.630055 -0.136394 -0.501379 -0.0194392 0.0118959 0.0636444 0.620059 0.260322 0.937067 0.99731 0.70084 0.233256 0.368332 0.564828 -0.734464 0.470604 0.404655 
-1.09246 0.0775749 0.146388 -0.661834 -0.870848 -0.886551 0.266205 -0.477366 -0.585889 -0.277578 -0.068289 0.0423747 0.10406 0.648771 -0.163141 -0.524281 -0.0254739 -0.00282615 0.0687503 0.630779 0.248692 0.914717 0.989151 0.720507 0.231912 0.365343 0.539423 -0.743784 0.451892 0.379592 
-1.07039 0.0672679 0.14359 -0.660605 -0.860658 -0.846533 0.271925 -0.473562 -0.579046 -0.233087 -0.0546313 0.0468743 0.137123 0.609186 -0.162147 -0.500018 -0.0400908 -0.0108898 0.040709 0.619603 0.255918 0.93209 0.978262 0.709125 0.253569 0.348557 0.570256 -0.717705 0.467828 0.417933 
-1.06942 0.0406388 0.126014 -0.654436 -0.861453 -0.86997 0.260185 -0.45735 -0.549773 -0.253005 -0.0783849 0.0659165 0.120787 0.616603 -0.171646 -0.498939 -0.0023445 -0.00725348 0.0818379 0.634612 0.247375 0.91103 0.969234 0.695926 0.21019 0.393763 0.557228 -0.720444 0.46171 0.406031 
-1.08815 0.0202106 0.11287 -0.676943 -0.876625 -0.862171 0.236552 -0.469349 -0.528636 -0.260241 -0.0918665 0.0768677 0.142667 0.630195 -0.184601 -0.510798 0.0187921 -0.0016476 0.100127 0.659637 0.270727 0.935189 0.973886 0.694983 0.224221 0.412547 0.549678 -0.710574 0.483643 0.384702 
-1.08714 0.0640618 0.130899 -0.658646 -0.879709 -0.875963 0.268744 -0.46092 -0.549562 -0.257736 -0.0973853 0.0443483 0.0974429 0.634401 -0.17694 -0.486487 0.0165678 -0.0199051 0.0742627 0.651836 0.266754 0.917845 0.955714 0.704614 0.188162 0.398382 0.57896 -0.694431 0.455293 0.380766 
-1.0773 0.0525938 0.110619 -0.697228 -0.893395 -0.8215 0.213428 -0.446062 -0.54619 -0.220831 -0.152742 0.00852079 0.148751 0.640944 -0.165683 -0.489937 0.0222349 -0.00424495 0.10331 0.596775 0.232546 0.970792 1.02444 0.662938 0.227743 0.400653 0.502371 -0.660045 0.453335 0.440697 
-1.06802 0.0320131 0.0944075 -0.685663 -0.895809 -0.830013 0.203108 -0.422267 -0.537776 -0.197947 -0.148873 0.0256809 0.142261 0.620338 -0.139331 -0.467453 0.0182421 -0.0291388 0.0942007 0.590696 0.217055 0.966123 1.03097 0.683668 0.217152 0.377561 0.515526 -0.655244 0.432201 0.458627 
-1.07775 0.0575546 0.109658 -0.676439 -0.896558 -0.819046 0.220423 -0.435974 -0.534417 -0.22967 -0.145615 -0.0136301 0.173622 0.64148 -0.153238 -0.491812 0.0321117 0.015408 0.114055 0.621478 0.219685 0.964056 1.00847 0.675109 0.242124 0.394616 0.509252 -0.63557 0.472417 0.418551 
-1.06663 0.0815641 0.0940916 -0.673741 -0.863153 -0.829128 0.242292 -0.499418 -0.562112 -0.20559 -0.0810536 0.0351828 0.108874 0.663741 -0.156057 -0.51182 0.0173738 -0.0153786 0.123847 0.578135 0.228861 0.938263 1.00972 0.638182 0.280758 0.45345 0.546611 -0.690028 0.510185 0.452593 
-1.04265 0.0607309 0.11065 -0.684051 -0.858301 -0.837531 0.228779 -0.479104 -0.588145 -0.197093 -0.0962928 0.0461521 0.117401 0.649872 -0.142243 -0.499251 -0.00636567 0.0043625 0.144678 0.596839 0.211112 0.953911 1.02342 0.643441 0.262233 0.427789 0.569644 -0.674966 0.48681 0.439034 
-1.05719 0.0779116 0.106065 -0.664346 -0.876933 -0.848038 0.236422 -0.481899 -0.548274 -0.192705 -0.0712391 0.0327831 0.112137 0.653749 -0.130146 -0.517649 0.00581783 -0.0406549 0.113798 0.559104 0.204935 0.931157 1.02104 0.653433 0.261497 0.474535 0.529743 -0.695105 0.488814 0.431821 
-1.06885 0.0653695 0.107876 -0.641823 -0.899701 -0.899457 0.232265 -0.483363 -0.563487 -0.19886 -0.110963 0.0170875 0.164149 0.662085 -0.181877 -0.514849 0.0338352 -0.000149053 0.0932157 0.576052 0.245575 0.955198 0.965569 0.664384 0.257474 0.382742 0.509322 -0.655649 0.489854 0.448738 
-1.05027 0.0765678 0.0961128 -0.624964 -0.905042 -0.925975 0.236493 -0.472635 -0.565851 -0.176386 -0.101755 0.0322864 0.158933 0.650114 -0.187622 -0.488442 0.010657 -0.0167709 0.112267 0.55887 0.240882 0.968866 0.974423 0.644531 0.271245 0.368564 0.510851 -0.644947 0.493442 0.426922 
-1.07347 0.0517218 0.087612 -0.658783 -0.883613 -0.91482 0.253016 -0.493117 -0.551546 -0.210245 -0.118649 0.0206292 0.170935 0.654881 -0.182063 -0.50186 0.0382496 -0.00340164 0.114245 0.569557 0.224649 0.960637 0.960561 0.658418 0.260319 0.360226 0.523984 -0.654793 0.51539 0.474102 
-1.07738 0.0634793 0.129857 -0.647427 -0.895938 -0.863619 0.259222 -0.431787 -0.556734 -0.279241 -0.0886272 0.0763478 0.112321 0.616001 -0.171417 -0.511007 0.00211187 -0.00269943 0.0744336 0.643917 0.247056 0.891628 1.01385 0.700033 0.21795 0.38007 0.563263 -0.720117 0.465809 0.4176 
-1.0994 0.0452804 0.149995 -0.623091 -0.903248 -0.838651 0.264612 -0.424067 -0.572875 -0.300844 -0.108763 0.0583286 0.110884 0.605069 -0.151629 -0.494487 0.00889382 0.0156674 0.0760145 0.637335 0.229444 0.87414 1.02893 0.723194 0.23806 0.356024 0.572947 -0.735922 0.478185 0.420903 
-1.07687 0.0609627 0.111519 -0.645027 -0.873472 -0.875203 0.238637 -0.420672 -0.55897 -0.263297 -0.0941313 0.0545743 0.132101 0.627139 -0.16547 -0.505761 0.0179662 0.0163677 0.0512969 0.666574 0.241462 0.88539 1.02634 0.722079 0.227688 0.3689 0.558757 -0.733282 0.48563 0.434651 
-1.07365 0.0633959 0.0794067 -0.644985 -0.897634 -0.843771 0.217173 -0.49464 -0.53569 -0.212703 -0.0667088 0.0162567 0.138268 0.66307 -0.117189 -0.479593 0.00992074 0.0111515 0.0928025 0.565213 0.256476 0.930446 0.995279 0.666115 0.26305 0.423071 0.532064 -0.701445 0.44212 0.461863 
-1.07875 0.0491649 0.0826822 -0.620579 -0.905437 -0.865911 0.242349 -0.501928 -0.547062 -0.192715 -0.0683286 0.00166766 0.131547 0.650945 -0.122353 -0.485871 0.0016575 -0.0077901 0.0794629 0.586216 0.246879 0.944946 1.00125 0.672764 0.279011 0.401068 0.521916 -0.685331 0.420969 0.443806 
-1.0981 0.0442473 0.104402 -0.620748 -0.896832 -0.828237 0.2142 -0.501522 -0.524792 -0.20843 -0.0913214 0.0240128 0.152812 0.669562 -0.104484 -0.487808 0.00114628 0.0181431 0.113455 0.583913 0.268055 0.942613 0.995684 0.675082 0.239118 0.430135 0.544063 -0.677117 0.422995 0.467663 
-1.09222 0.0586178 0.118248 -0.650764 -0.873978 -0.856979 0.256258 -0.499132 -0.562902 -0.207068 -0.0628869 0.0424353 0.14184 0.623757 -0.120073 -0.500315 -0.00152742 0.00345372 0.0790445 0.609887 0.234374 0.925771 1.0107 0.690969 0.24575 0.371967 0.553514 -0.707543 0.463599 0.417649 
-1.10371 0.0347235 0.125293 -0.63235 -0.862537 -0.856811 0.235182 -0.512825 -0.587221 -0.2069 -0.0381014 0.0497323 0.147624 0.642961 -0.103702 -0.498211 0.0246779 -0.0042381 0.0568994 0.608952 0.242969 0.900779 1.00807 0.707819 0.225094 0.366545 0.574232 -0.714531 0.478196 0.398839 
-1.08234 0.0706952 0.137788 -0.64299 -0.891084 -0.855451 0.281024 -0.493494 -0.543559 -0.187276 -0.0394185 0.0176837 0.160193 0.635906 -0.116275 -0.524385 0.00118141 -0.00947593 0.0830419 0.591477 0.247728 0.933392 1.01962 0.67817 0.256207 0.355402 0.543744 -0.72444 0.473722 0.40552 
-1.08242 0.0507523 0.117399 -0.649421 -0.883068 -0.862624 0.247843 -0.497335 -0.563319 -0.2062 -0.066237 0.0347014 0.141966 0.640075 -0.140049 -0.507177 -0.00283789 -0.0129505 0.107312 0.569029 0.238772 0.933935 1.00737 0.703487 0.26188 0.400767 0.551169 -0.703174 0.481598 0.428091 
-1.07633 0.0506127 0.0912907 -0.663131 -0.893086 -0.848541 0.227404 -0.461679 -0.548314 -0.21938 -0.119926 0.00981754 0.146665 0.645969 -0.179275 -0.500314 0.00472824 -0.00466355 0.112442 0.589071 0.238306 0.968953 1.02378 0.704747 0.235882 0.401774 0.532105 -0.67481 0.480612 0.441278 
-1.06873 0.0666313 0.102842 -0.666911 -0.877495 -0.82892 0.256963 -0.459824 -0.562182 -0.185676 -0.0745449 0.0144437 0.145369 0.642404 -0.111903 -0.495334 0.0215215 -0.00777069 0.0987976 0.551715 0.285367 0.953117 1.02512 0.702869 0.251384 0.409722 0.516169 -0.710779 0.445909 0.437155 
-1.0806 0.0600244 0.0908891 -0.633692 -0.872118 -0.861148 0.269254 -0.48519 -0.564276 -0.185684 -0.0649828 0.0376797 0.0916513 0.636832 -0.111374 -0.500677 0.00676069 -0.0047287 0.0892715 0.602163 0.254633 0.924537 1.0209 0.698728 0.247858 0.409831 0.550044 -0.718018 0.44542 0.42062 
-1.06285 0.0493026 0.0701083 -0.643205 -0.8638 -0.868203 0.267024 -0.482105 -0.557689 -0.247984 -0.0777295 0.0479863 0.0985308 0.619999 -0.162518 -0.49993 0.00241146 -0.0101155 0.0903158 0.610384 0.280078 0.91082 0.972424 0.71273 0.258984 0.398657 0.556698 -0.720637 0.447034 0.419878 
-1.07687 0.0505839 0.121214 -0.68156 -0.873827 -0.832657 0.25285 -0.447979 -0.549372 -0.246568 -0.134306 0.0547287 0.13474 0.633047 -0.171382 -0.492699 0.0210896 -0.00598739 0.102322 0.624079 0.246837 0.920545 1.01974 0.676386 0.226707 0.398072 0.507417 -0.665383 0.459187 0.423883 
-1.07333 0.0661748 0.137353 -0.644996 -0.876012 -0.858399 0.261867 -0.496765 -0.55967 -0.250811 -0.0699504 0.0281982 0.130573 0.646948 -0.130654 -0.491573 0.000660061 0.0114262 0.0923592 0.614959 0.260059 0.935216 0.996352 0.684687 0.244373 0.371702 0.551791 -0.729003 0.464508 0.42221 
-1.0803 0.0610763 0.1262 -0.647934 -0.891078 -0.862049 0.258692 -0.439132 -0.559428 -0.227259 -0.0720408 0.0488274 0.133896 0.621193 -0.133807 -0.507996 0.00177372 0.00185609 0.0755023 0.625078 0.240378 0.90607 1.01311 0.697927 0.226882 0.376055 0.563041 -0.714385 0.465182 0.417611 
-1.06977 0.0683595 0.108708 -0.666598 -0.861858 -0.849713 0.256643 -0.499387 -0.563317 -0.213537 -0.0771994 0.0352871 0.113752 0.65012 -0.136804 -0.502211 0.00134232 -0.00320464 0.112928 0.591182 0.241472 0.938039 0.998725 0.695396 0.269452 0.426264 0.559679 -0.725644 0.491968 0.421545 
-1.07176 0.0607285 0.112241 -0.650365 -0.87562 -0.870114 0.244014 -0.488752 -0.563453 -0.20291 -0.0825026 0.0280865 0.147581 0.656882 -0.179528 -0.510903 0.023592 0.000271922 0.0847193 0.586179 0.234663 0.946844 0.966077 0.684661 0.253365 0.377898 0.511973 -0.672761 0.46485 0.431613 
-1.0857 0.0625917 0.128509 -0.650617 -0.891192 -0.860384 0.256851 -0.472558 -0.556845 -0.262588 -0.0847512 0.0649304 0.131326 0.622007 -0.160389 -0.505504 0.0018096 0.00337368 0.0764957 0.631982 0.239803 0.902107 1.01351 0.697301 0.239001 0.378335 0.56064 -0.707844 0.465315 0.417643 
-1.08233 0.0595556 0.118196 -0.669094 -0.869289 -0.839392 0.243162 -0.499268 -0.562254 -0.206313 -0.0678285 0.0361852 0.112837 0.635726 -0.130989 -0.501879 -0.00152003 -0.0108293 0.0852476 0.578568 0.231563 0.937984 1.01006 0.640439 0.260999 0.423553 0.552923 -0.697948 0.509082 0.420615 
-1.06875 0.0482483 0.122421 -0.667155 -0.862026 -0.853255 0.242729 -0.482956 -0.552028 -0.242123 -0.0803518 0.0517942 0.112152 0.640069 -0.169619 -0.503888 0.00463064 -0.0104196 0.090258 0.596727 0.234177 0.924369 1.00156 0.663023 0.225518 0.416768 0.546807 -0.713421 0.486585 0.407769 
-1.07306 0.065407 0.129589 -0.644504 -0.885467 -0.870637 0.266442 -0.492742 -0.563592 -0.245728 -0.0740774 0.029856 0.135764 0.637296 -0.153655 -0.505909 -0.0173886 0.00372011 0.0836324 0.580982 0.246603 0.945736 0.970483 0.68286 0.248382 0.377153 0.561963 -0.71637 0.483052 0.428333 
-1.06779 0.0742689 0.0999207 -0.668657 -0.867607 -0.87101 0.236955 -0.485262 -0.562584 -0.204842 -0.0921415 0.0209696 0.121735 0.662161 -0.160244 -0.512467 0.032577 -0.00788486 0.101934 0.576311 0.240905 0.948035 0.970723 0.66288 0.278702 0.446929 0.522716 -0.686697 0.490052 0.452577 
-1.07171 0.0339067 0.12453 -0.650403 -0.871936 -0.867628 0.252512 -0.466668 -0.56045 -0.224575 -0.0719536 0.0633762 0.133746 0.636354 -0.178614 -0.515732 -0.00241628 -0.0113481 0.0913072 0.583473 0.245087 0.925424 0.973479 0.698853 0.255125 0.397074 0.554018 -0.711457 0.465702 0.437903 
-1.06187 0.0664527 0.0685941 -0.622026 -0.887072 -0.871489 0.251863 -0.48362 -0.563856 -0.192722 -0.0791306 0.0249743 0.100335 0.658768 -0.148948 -0.513453 0.0280968 -0.00556432 0.0915357 0.553488 0.269741 0.950697 0.986754 0.708027 0.263726 0.389359 0.527261 -0.696535 0.482572 0.445518 
-1.08935 0.0726244 0.116476 -0.658799 -0.867223 -0.830242 0.255065 -0.499403 -0.562488 -0.206563 -0.080963 0.0378716 0.124412 0.662474 -0.129915 -0.511436 0.00528789 -0.0120284 0.0872676 0.609755 0.230883 0.934848 1.01004 0.642242 0.253358 0.451163 0.551784 -0.701648 0.505156 0.419193 
-1.06277 0.0676667 0.109922 -0.636427 -0.857525 -0.868036 0.27381 -0.495723 -0.564063 -0.209354 -0.0671808 0.0390445 0.104825 0.635831 -0.114681 -0.501419 -0.0131508 -0.0100766 0.0902472 0.553741 0.282554 0.935443 1.01575 0.701979 0.234917 0.388877 0.553931 -0.725149 0.454677 0.422207 
-1.08787 0.0546856 0.112376 -0.65607 -0.878365 -0.82853 0.247277 -0.470892 -0.554501 -0.213016 -0.0928332 0.0116703 0.146296 0.637818 -0.126342 -0.499995 -0.000660806 -0.0038282 0.0945843 0.607473 0.232956 0.933039 1.01884 0.667042 0.234605 0.379215 0.551303 -0.685081 0.455491 0.437176 
