-0.596859 1.0166 0.915459 0.817277 -1.02057 -0.508045 0.457582 0.130615 0.145918 0.0979127 -0.126812 -0.995566 0.422769 -0.887208 -0.520297 -0.454794 0.605324 -0.457798 -0.36574 0.146731 0.714144 -0.110468 -0.212252 0.223131 -0.821351 0.0904681 -0.0785092 0.244265 -0.373917 -0.625873 
-0.775575 -0.217105 0.0688613 -0.362329 -0.459579 -0.159877 -0.329027 0.693699 -0.55294 0.254535 0.439598 -0.30313 -0.190504 0.387877 0.172853 -0.762083 0.13054 -0.370827 -0.32075 0.659897 0.563071 0.525495 -0.0771516 0.532323 -0.0629069 -0.415613 0.575228 -0.815652 0.525963 0.127235 
0.0267783 -0.860815 -0.496343 0.483313 0.108713 -0.347182 -0.522545 0.686541 -0.227777 0.918665 1.01275 0.11154 -0.332378 0.134764 0.275602 0.0336761 0.322 -0.75451 0.610608 1.06726 -0.412222 0.160826 -1.02992 0.712108 0.265682 -0.426452 0.258255 -0.893028 -0.0439215 -1.04821 
-0.265451 -0.0156191 -0.774042 0.630327 0.319037 -0.0578462 0.252205 0.324169 -0.578146 0.916958 -0.775416 0.20913 0.421901 -0.609687 0.0700398 0.417001 -0.765702 -0.0718968 -0.359116 -0.797898 -0.559162 -0.284857 -0.384142 -0.499199 -0.837867 -0.0923107 -0.615244 0.789695 0.750081 0.585197 
-0.797203 0.139502 0.0878181 -0.486731 -0.243269 -0.44954 -0.240469 0.274894 -0.346904 0.112143 0.122255 -0.278959 0.372518 0.586977 -0.255122 -0.480852 0.213783 0.272059 -0.210361 0.371798 0.20041 0.115417 -0.0797614 0.463933 0.0442919 -0.222819 0.526091 -0.307287 0.178336 -0.395757 
-0.129832 0.0633665 -0.899794 0.666221 0.351369 -0.24649 0.300559 0.477398 -0.5501 1.07014 -0.662181 0.177949 0.378173 -0.647607 -0.0175924 0.478282 -0.597671 -0.0587872 -0.40377 -0.811516 -0.425284 -0.340985 -0.260683 -0.318167 -0.854354 -0.121167 -0.673735 0.844275 0.727997 0.653829 
0.0812261 -0.904073 -0.939396 -0.325949 -0.647096 -1.00711 -0.609608 0.934582 -0.184987 0.323905 -0.151318 -0.0182637 0.328415 -0.45176 0.868705 -0.0441494 -0.361619 -0.778115 0.0804553 0.844166 0.332784 -0.161758 -0.442624 1.02874 0.760611 -0.674469 0.0542947 0.674537 -0.352625 -0.0818014 
0.934422 0.888882 -0.194242 -0.404359 0.00376426 0.0455816 0.511246 -0.79354 0.416563 -0.256139 -1.00821 -0.118933 -0.32454 0.623645 0.241666 0.817164 -0.12704 0.268847 1.01119 -0.390473 0.713202 -0.417638 0.513511 0.203061 0.305975 0.23191 -0.963246 0.457804 -0.438934 -0.14004 
0.0900395 -0.868872 -0.990215 -0.154059 -0.802683 -0.856309 -0.574518 0.897661 -0.181592 0.279797 -0.147722 -0.0558374 0.315633 -0.480256 0.815885 -0.231368 -0.247547 -0.787929 0.076948 0.839223 0.250714 -0.214177 -0.380562 1.00077 0.619363 -0.77447 0.192132 0.772844 -0.337213 -0.247989 
-0.378203 0.28595 -0.519565 0.70732 0.0448534 -0.230241 -0.00135517 0.679832 0.307769 -0.514657 -0.523756 -0.223174 0.499695 -0.515846 -0.279198 0.632947 0.841107 0.431851 -0.390728 -0.664192 -0.561855 -0.0631213 -0.197397 -0.440956 -0.0934702 -0.143702 -0.115953 0.643419 0.337539 0.418697 
-0.609314 1.05376 0.978576 0.809112 -0.897089 -0.522986 0.38565 0.112653 0.305639 0.12662 -0.116742 -0.985592 0.434332 -1.1017 -0.323605 -0.412553 0.704299 -0.500003 -0.396551 0.196297 0.743341 0.0106178 -0.204059 0.0968777 -0.788338 0.158628 -0.0475101 0.237169 -0.25883 -0.47964 
-0.12011 -0.0715523 -0.244452 0.586436 -0.578787 -0.109698 -0.0129383 0.603142 -0.669551 0.504433 -0.00822662 -0.298958 0.340283 -0.224919 0.0216788 -0.506839 -0.517152 0.0491883 -0.388965 0.352955 -0.311908 0.364205 -0.175319 -0.575343 -0.656057 -0.260212 -0.594444 0.654015 0.820112 0.257313 
0.187064 -0.958706 -0.587991 0.376967 0.0593832 -0.231896 -0.50494 0.805509 -0.305347 0.99528 0.916312 0.1696 -0.351538 0.301864 0.316339 0.0705144 0.341378 -0.819157 0.65076 0.956326 -0.532511 0.0923294 -0.968269 0.731906 0.106203 -0.409387 0.254801 -0.863986 0.0016976 -0.928758 
0.139835 -0.963502 -0.511431 0.342614 0.0410124 -0.254649 -0.545982 0.718131 -0.265132 1.07129 0.879184 0.209098 -0.400373 0.283266 0.280484 0.0987642 0.268395 -0.91757 0.614767 0.915025 -0.471199 0.101617 -0.974237 0.779601 0.241172 -0.477445 0.173069 -0.825563 0.0380834 -0.953001 
-0.789834 -0.655152 -0.358005 -0.494641 -0.145838 -0.74565 -0.331696 0.346459 -0.423828 0.38841 0.251178 0.0185577 -0.237881 0.614309 0.281445 -0.469014 0.16836 -0.486502 0.479828 0.648948 0.20079 0.151068 -0.133725 0.71682 0.12934 -0.313588 0.533759 -0.833662 0.223265 0.373043 
0.886087 -0.164601 0.217249 -0.223675 -0.540505 -0.0919354 -0.35157 0.977187 -0.833476 -0.188323 0.650993 -0.840406 0.138501 0.183892 -0.0341322 -0.923483 0.115985 0.32356 -0.431775 0.554698 0.678551 0.951206 0.962523 -0.698346 -0.560225 -0.582508 0.940051 -0.823425 0.805364 -0.0236917 
-0.334152 -0.0673547 -0.0548357 0.488015 -0.716224 0.0402822 0.212289 0.495044 0.179051 0.0340545 -0.337692 0.209673 0.172757 -0.497023 -0.331196 -0.435074 -0.257563 0.323499 -0.256335 -0.784596 -0.485862 -0.180034 -0.250937 -0.601293 0.230533 -0.377699 -0.57172 0.587783 0.750849 0.225829 
0.8927 -0.151912 0.313816 -0.179021 -0.638834 -0.109727 -0.335565 0.935472 -0.788387 -0.159275 0.591972 -0.89577 0.256576 0.184632 -0.0340931 -0.981688 0.104072 0.216588 -0.477409 0.616808 0.631826 0.94956 0.967662 -0.617416 -0.574295 -0.460971 0.959237 -0.818482 0.802035 -0.0968926 
-0.720135 -1.01121 -0.443123 -0.569774 0.607806 -0.295626 -0.375075 0.684768 -0.809974 0.712956 0.325722 0.0715344 -0.145983 0.30836 0.257366 0.597386 0.0280336 -0.208238 0.460327 0.735162 -0.459879 0.0500285 -0.60406 0.700792 0.143715 0.737389 0.278275 -0.656868 -0.263106 -0.115857 
0.93298 -0.218377 0.334748 -0.200724 -0.619127 -0.0941113 -0.315598 0.969601 -0.809017 -0.13973 0.577116 -0.899494 0.255743 0.169156 -0.00620093 -0.944514 0.132861 0.250657 -0.506465 0.626744 0.705429 0.932379 0.995344 -0.601528 -0.552063 -0.569235 0.91794 -0.855669 0.794659 -0.0399821 
0.920008 -0.170989 0.318597 -0.240461 -0.621549 -0.0738989 -0.330598 0.915406 -0.771796 -0.172216 0.546053 -0.877304 0.274703 0.161831 -0.02691 -0.926146 0.114438 0.218034 -0.451328 0.644755 0.662023 0.946052 0.984115 -0.620233 -0.535284 -0.533798 0.940114 -0.833781 0.794636 -0.062999 
0.873852 -0.121396 0.265473 -0.21846 -0.647358 -0.100449 -0.308393 0.952292 -0.763498 -0.196718 0.585587 -0.852575 0.268581 0.183622 -0.0142452 -0.969534 0.0818121 0.284772 -0.42957 0.644473 0.676454 0.926554 1.01758 -0.626446 -0.58314 -0.512815 0.898045 -0.815623 0.812278 -0.0617089 
-0.203434 0.00471185 -0.774647 0.654562 0.351386 -0.110165 0.25509 0.377217 -0.501758 0.98515 -0.807466 0.289034 0.464406 -0.602019 -0.0337921 0.443919 -0.671656 -0.0530133 -0.291715 -0.704588 -0.581545 -0.250465 -0.347087 -0.533001 -0.890549 -0.161297 -0.617055 0.686408 0.768106 0.601397 
0.985837 0.834125 -0.150477 -0.465881 -0.0486887 0.0369488 0.593635 -0.831995 0.428078 -0.151076 -0.927526 -0.130422 -0.280819 0.615036 0.234936 0.808418 -0.051321 0.322854 0.926606 -0.363237 0.755725 -0.402751 0.629398 0.286075 0.339359 0.198454 -0.98619 0.498722 -0.418436 -0.144792 
0.25192 0.5084 -0.213934 0.434291 0.885581 -0.52607 -0.788819 -0.80529 0.476521 1.1007 -0.616396 -0.871225 0.49714 0.36398 0.0868099 0.123333 0.863415 0.544535 -0.553555 -0.645699 -0.560125 -0.149177 0.801964 -0.812901 0.714839 -0.926007 0.519672 0.237336 -0.740044 0.34991 
-0.830618 0.622935 0.186304 0.49865 -0.955647 -0.431583 -0.0974613 0.928668 0.194605 -0.753516 -0.136134 -0.51913 0.714524 -0.444133 -0.552852 0.582196 0.933839 0.907931 -0.200228 -0.818285 0.0619294 0.0607225 0.00987323 -0.594702 0.530503 -0.422876 0.961411 0.477527 -0.10076 -0.443445 
-0.774635 0.732537 0.767102 0.685922 -0.919895 -0.407887 -0.0641469 0.208429 0.255876 0.00391834 -0.0438786 -0.848698 0.609025 -0.748905 -0.529522 0.31988 0.816921 0.270217 -0.341916 -0.536784 0.329702 0.0438434 -0.0193592 0.0616986 0.0461273 -0.16828 0.300668 0.300576 -0.157805 -0.506499 
-0.324677 -0.0894827 0.173848 0.457883 -0.844438 0.101911 0.0371288 0.577649 0.419241 -0.0544795 -0.277661 0.308953 0.130269 -0.406107 -0.590547 -0.613494 -0.140445 0.398521 -0.156561 -0.677669 -0.472422 -0.0916622 -0.0115773 -0.629194 0.532756 -0.416577 0.379823 0.527891 0.882322 -0.62947 
0.776528 -0.181097 0.179845 -0.251645 -0.623259 -0.243302 -0.350428 0.915419 -0.892744 -0.141128 0.545221 -0.772415 0.245204 0.126191 0.0183252 -0.832992 0.0961198 0.214772 -0.46332 0.705325 0.70121 0.999565 0.958321 -0.706169 -0.592595 -0.541852 0.901611 -0.728215 0.905682 0.0326959 
0.889082 -0.160371 0.269518 -0.302409 -0.617822 -0.153038 -0.32613 0.911066 -0.807191 -0.183011 0.51178 -0.797923 0.208069 0.13525 -0.0167035 -0.875057 0.154278 0.208169 -0.443979 0.602974 0.651954 0.961774 0.99014 -0.650705 -0.62705 -0.535017 0.882873 -0.793618 0.857869 -0.0386222 
1.45011 2.362 0.045651 -0.306637 -0.696547 -0.18895 -0.468994 0.112164 0.669407 2.22173 0.85418 -0.0877636 -1.56083 0.709006 0.852877 -1.60873 -1.29289 -1.68123 1.4641 0.353193 1.76683 0.0489761 -0.261546 1.22347 -0.302905 -0.57596 -1.07427 -1.36414 -0.525265 0.392339 
-0.809695 -0.619896 -0.299445 -0.547064 -0.0719191 -0.748521 -0.376934 0.360616 -0.360443 0.408664 0.236423 -0.0394842 -0.224216 0.636159 0.19991 -0.506726 0.166663 -0.462222 0.434285 0.640601 0.185627 0.167729 -0.15928 0.745928 0.105674 -0.339414 0.525332 -0.865933 0.186892 0.349369 
0.862551 -0.121963 0.224315 -0.204194 -0.569303 -0.121321 -0.353917 0.924822 -0.813452 -0.139053 0.597694 -0.856241 0.174158 0.155072 -0.0481887 -0.936804 0.0961103 0.287687 -0.43002 0.6221 0.720404 0.96189 0.972869 -0.675101 -0.555894 -0.577668 0.893093 -0.779231 0.818661 -0.0617159 
-1.86462 -0.404856 -0.809831 -2.06566 0.431864 -1.01277 0.387117 0.190261 -1.15329 1.26189 -1.3339 -0.853675 -1.69677 0.390019 1.49789 -1.93688 -2.24352 -0.561515 -0.307341 2.02917 -0.501448 -0.341805 0.857316 1.94597 -2.48259 -0.749094 0.776191 -0.720579 0.588502 1.35563 
-0.337852 -0.979168 -0.511477 -0.702045 0.35054 -0.766379 -0.000404412 0.867602 -0.360515 -0.870974 -0.145497 -0.156556 0.072134 -0.212984 -0.565451 0.455734 -0.21369 -0.570827 0.391777 -0.00585511 0.14482 -0.443001 0.436241 0.648626 0.357491 0.192059 0.213664 -0.601265 -0.514659 -0.0496065 
0.54342 -0.396622 -0.00148693 -0.198079 -0.760943 -0.211035 -0.533014 0.880758 -0.80178 0.0037079 0.1588 -0.204875 0.313352 -0.313209 0.151806 -0.790142 -0.0809057 -0.0292867 0.0624589 0.696087 0.463818 -0.284525 -0.000477213 0.577933 0.0548567 -0.679595 0.437636 -0.103676 -0.18476 -0.0796404 
0.983695 0.906149 -0.113144 -0.467791 -0.00423948 0.0144349 0.511922 -0.731617 0.429605 -0.186208 -0.963712 -0.152474 -0.331513 0.538213 0.296349 0.917722 -0.0782149 0.296929 0.994211 -0.380233 0.740597 -0.442473 0.550968 0.280306 0.369839 0.228819 -0.903831 0.563074 -0.514425 -0.163742 
0.9619 0.870232 -0.170492 -0.442994 -0.0235291 0.0913449 0.562678 -0.756981 0.441706 -0.21376 -0.950336 -0.129042 -0.315246 0.577024 0.267625 0.882798 -0.0773216 0.247374 0.98935 -0.374005 0.735473 -0.412995 0.536362 0.262602 0.355645 0.270231 -0.948975 0.502557 -0.48594 -0.142165 
0.80204 -0.175051 0.243962 -0.305647 -0.63163 -0.201008 -0.389129 0.926359 -0.864496 -0.161304 0.522456 -0.76224 0.193781 0.0702386 -0.0572228 -0.887438 0.159362 0.254304 -0.480872 0.640621 0.659609 0.9362 0.982488 -0.665062 -0.615938 -0.520164 0.910332 -0.771466 0.878707 0.00142336 
0.90495 -0.168939 0.286178 -0.242342 -0.566877 -0.142526 -0.354014 0.960018 -0.79782 -0.191524 0.555049 -0.840205 0.179333 0.137481 -0.0696987 -0.9356 0.132861 0.26367 -0.447397 0.58108 0.73651 0.933411 0.990147 -0.630842 -0.587302 -0.55108 0.914782 -0.81313 0.833413 -0.0851587 
-0.771351 -0.0825807 -1.15961 -0.288988 0.219637 0.586561 -0.0450155 -0.0492576 0.0516263 -0.162993 -1.33691 -0.929845 0.0409649 0.178673 0.494735 -0.272087 -1.19565 0.439822 -1.16649 -0.697762 0.385282 1.22414 -0.267774 -0.353869 -1.20733 -1.1857 -0.561851 -0.525027 0.195871 0.12294 
1.009 0.51381 0.297741 -0.358969 -0.302192 -0.105116 0.0809223 0.845851 0.000863892 -0.211957 0.254065 -0.476679 -0.0895034 0.191305 0.124831 0.529777 0.00300662 0.263189 -0.202359 0.360942 0.698797 0.10799 0.808588 -0.17043 0.318338 -0.368917 0.446531 -0.217798 0.824066 -0.106458 
-0.845859 0.677548 0.0972514 0.496223 -0.830092 -0.455007 -0.0903508 0.883396 0.293773 -0.793665 -0.097557 -0.67372 0.853353 -0.619541 -0.421233 0.62554 0.913763 0.920661 -0.327181 -0.755921 0.175765 -0.00513125 0.0761545 -0.601702 0.449166 -0.338977 0.922169 0.529439 -0.118153 -0.459274 
0.811612 -0.165936 0.201279 -0.174073 -0.599637 -0.155742 -0.403998 0.93102 -0.835755 -0.150274 0.534916 -0.872346 0.223281 0.155019 -0.0356786 -0.944334 0.092045 0.287806 -0.467729 0.638294 0.686557 0.935181 1.02941 -0.638305 -0.551095 -0.515542 0.924267 -0.801124 0.805637 -0.00637937 
0.8338 -0.150987 0.179212 -0.29455 -0.681828 -0.14622 -0.386902 0.896305 -0.841351 -0.201162 0.538005 -0.796356 0.141115 0.04567 -0.041758 -0.934179 0.186427 0.224763 -0.498204 0.679441 0.663472 1.01813 1.01412 -0.65557 -0.642358 -0.537939 0.834783 -0.734313 0.810755 -0.0245527 
-1.84875 -0.363298 -0.869398 -2.106 0.386133 -0.977513 0.442895 0.208245 -1.21677 1.23284 -1.31977 -0.827532 -1.71862 0.346889 1.53139 -1.94256 -2.29478 -0.607729 -0.335627 2.03541 -0.482733 -0.367425 0.894716 1.96091 -2.47452 -0.704521 0.783399 -0.789402 0.615675 1.38601 
-0.35279 -0.081922 0.148231 0.458661 -0.878132 0.104514 0.0187931 0.535733 0.388323 -0.0574718 -0.210293 0.282906 0.117796 -0.450419 -0.599642 -0.610013 -0.0923367 0.425827 -0.133281 -0.730243 -0.512041 -0.0876435 -0.000472785 -0.653975 0.45703 -0.350768 0.387443 0.550239 0.922741 -0.583604 
-0.370577 -0.0913755 0.129066 0.491981 -0.901074 0.0767396 -0.00278361 0.576702 0.395998 -0.00900736 -0.252136 0.270552 0.110129 -0.420978 -0.557267 -0.595698 -0.129211 0.425125 -0.14483 -0.715535 -0.487034 -0.0815725 -0.013366 -0.645576 0.515656 -0.396516 0.345159 0.51421 0.910299 -0.615873 
0.787101 -0.126337 0.218001 0.0980901 -0.597038 -0.0112441 -0.180272 0.627412 -0.432565 -0.0386732 -0.179363 -0.77903 0.169937 -0.0647016 -0.462241 -0.691308 -0.05335 0.325992 -0.388032 -0.198751 0.289116 0.36373 0.672179 -0.638585 0.000243812 -0.502887 0.720604 -0.257823 0.854479 -0.444944 
-0.224318 -1.00126 0.121877 -0.648584 0.680821 -0.344116 -0.509348 0.728733 -0.40436 0.392994 0.928888 0.0147962 -0.113778 0.327147 -0.390337 0.100407 0.0325276 -0.214054 0.50282 0.81111 -0.41766 -0.295106 -0.831741 0.697037 0.143309 -0.152728 0.507601 -0.780948 -0.199743 -0.0794695 
-0.794158 -0.614959 -0.291418 -0.481459 -0.0551611 -0.72157 -0.318092 0.364681 -0.387865 0.381096 0.256635 -0.0260392 -0.231391 0.578797 0.20736 -0.528027 0.10806 -0.49409 0.487926 0.623123 0.170263 0.128443 -0.128086 0.751725 0.0911799 -0.400641 0.545891 -0.823019 0.223224 0.375763 
-0.812142 -0.625753 -0.292408 -0.493263 -0.0369707 -0.732125 -0.343852 0.342628 -0.365561 0.375601 0.229605 -0.055087 -0.219995 0.553565 0.213516 -0.540077 0.12547 -0.47465 0.491469 0.597779 0.174346 0.0984189 -0.137922 0.760096 0.0839986 -0.393603 0.520261 -0.824024 0.227596 0.357794 
-0.800306 -0.617865 -0.26336 -0.509356 -0.0818605 -0.691038 -0.31181 0.349445 -0.385832 0.362363 0.253942 -0.0210745 -0.207172 0.589478 0.190612 -0.556477 0.127345 -0.472622 0.513949 0.641978 0.169922 0.139023 -0.137177 0.739648 0.0819903 -0.385805 0.573925 -0.826386 0.25161 0.358044 
0.184186 0.957042 0.826888 0.577403 -0.541712 0.0519831 0.507102 -0.471992 0.367666 -0.0418682 -0.838725 -0.613822 0.295305 0.250067 -0.345041 0.4311 0.385658 -0.102429 0.396281 0.140507 0.696441 -0.235871 0.402214 0.277681 -0.541978 0.20373 -0.609877 0.288792 -0.426849 -0.197089 
0.188517 0.935154 0.831356 0.573954 -0.511415 0.0434573 0.486533 -0.445195 0.376333 -0.026753 -0.829582 -0.59434 0.286395 0.22778 -0.353732 0.423861 0.397972 -0.127062 0.390315 0.127933 0.720339 -0.250559 0.383767 0.307132 -0.561955 0.18439 -0.579756 0.31458 -0.454486 -0.174508 
0.195804 0.985545 0.818315 0.589869 -0.55106 0.0276551 0.482553 -0.468831 0.342625 -0.0400453 -0.820011 -0.60569 0.312355 0.237673 -0.357385 0.441388 0.380625 -0.0816222 0.37198 0.164882 0.682216 -0.207033 0.43234 0.28174 -0.559304 0.184515 -0.628565 0.310345 -0.453578 -0.191341 
-1.86906 -0.374531 -0.823372 -2.09331 0.42629 -1.02115 0.443186 0.124668 -1.22369 1.23827 -1.39078 -0.871166 -1.73732 0.407525 1.55571 -1.9501 -2.24301 -0.55785 -0.256024 1.97008 -0.459561 -0.364792 0.862635 1.95577 -2.45602 -0.75654 0.743984 -0.750284 0.604828 1.35634 
-1.86469 -0.357984 -0.803734 -2.09763 0.42073 -0.994926 0.42085 0.098696 -1.2503 1.23877 -1.38553 -0.898466 -1.76487 0.431408 1.58546 -1.97821 -2.26217 -0.551628 -0.270496 1.99398 -0.469929 -0.389871 0.859592 1.95537 -2.4393 -0.780779 0.742036 -0.727069 0.613491 1.37017 
-1.86939 -0.402084 -0.82435 -2.06615 0.410437 -1.02723 0.436917 0.147396 -1.20294 1.20824 -1.36215 -0.896674 -1.75322 0.398481 1.55308 -1.92294 -2.24726 -0.572139 -0.253484 1.98869 -0.45097 -0.354629 0.833119 1.98146 -2.44846 -0.744973 0.725415 -0.775408 0.590298 1.33104 
0.950382 0.76594 -0.218277 -0.544948 0.00603397 -0.0976646 0.463032 -0.631047 0.361115 -0.151998 -0.903021 -0.10566 -0.259816 0.668415 0.277129 0.996422 -0.220106 0.270489 0.944009 -0.385693 0.671759 -0.242377 0.538921 0.217792 0.495355 0.0942192 -0.94382 0.533532 -0.451589 -0.0596812 
0.948955 0.763438 -0.224385 -0.562648 -0.0234899 -0.0737538 0.467888 -0.655304 0.381298 -0.136414 -0.886313 -0.1225 -0.275636 0.643136 0.271134 1.02285 -0.189979 0.252852 0.94198 -0.410645 0.698652 -0.218147 0.519003 0.191098 0.472693 0.0876748 -0.958806 0.550641 -0.426934 -0.0358763 
0.957341 0.759626 -0.212017 -0.542328 -0.0194012 -0.0907135 0.434985 -0.61839 0.336165 -0.162054 -0.916009 -0.0875091 -0.255513 0.650114 0.305279 1.02204 -0.225833 0.295199 0.964652 -0.405592 0.689122 -0.226386 0.531694 0.199848 0.510932 0.0740689 -0.95273 0.541568 -0.461676 -0.0306888 
0.183702 0.92622 0.816572 0.544915 -0.566666 0.0285212 0.48409 -0.429282 0.398232 -0.0542928 -0.811205 -0.636634 0.29909 0.23989 -0.384743 0.414875 0.390199 -0.114426 0.390773 0.10322 0.709879 -0.204605 0.363817 0.25505 -0.511372 0.187138 -0.650746 0.315869 -0.423938 -0.155127 
0.212412 0.930701 0.834075 0.551616 -0.557497 0.0206321 0.462131 -0.401408 0.412777 -0.0394329 -0.794758 -0.617359 0.313786 0.261903 -0.393122 0.400366 0.372207 -0.095462 0.381614 0.0906902 0.693073 -0.207118 0.377556 0.267698 -0.50895 0.164791 -0.668272 0.310284 -0.446366 -0.176934 
0.158688 0.909979 0.815729 0.56301 -0.55125 0.0511806 0.472923 -0.447567 0.399754 -0.036529 -0.787907 -0.663826 0.297661 0.21023 -0.378716 0.412836 0.371139 -0.100883 0.366261 0.0867296 0.733712 -0.184581 0.352029 0.242595 -0.491554 0.195996 -0.635506 0.291121 -0.396724 -0.159023 
-0.774823 0.711016 0.81887 0.668907 -0.952692 -0.453781 0.00631766 0.215569 0.213193 0.0417779 -0.102473 -0.810092 0.621524 -0.7866 -0.525016 0.327114 0.841365 0.337462 -0.319634 -0.567316 0.294946 0.0455233 -0.083045 0.102784 0.0100749 -0.192035 0.356879 0.356627 -0.143565 -0.541777 
-0.789023 0.720633 0.828802 0.639243 -0.939667 -0.467893 -0.0208622 0.227827 0.21359 0.0410589 -0.0970104 -0.833254 0.606008 -0.799044 -0.549202 0.349691 0.867912 0.337207 -0.35014 -0.548256 0.298354 0.0659708 -0.0643425 0.128798 0.0194394 -0.183439 0.330051 0.385886 -0.167236 -0.530529 
-0.751647 0.740896 0.801026 0.646842 -0.945489 -0.456522 -0.000881265 0.212281 0.24172 0.0580237 -0.118448 -0.838156 0.614936 -0.801516 -0.538903 0.333629 0.851349 0.341957 -0.328655 -0.563279 0.275614 0.0325352 -0.0852693 0.0735907 0.0123566 -0.197488 0.385432 0.381199 -0.120452 -0.533138 
0.186272 0.943533 0.817134 0.575905 -0.546791 0.0287658 0.448856 -0.426828 0.396993 -0.0681661 -0.818173 -0.641763 0.310747 0.220118 -0.381312 0.38091 0.350018 -0.122438 0.391163 0.0751156 0.68527 -0.225832 0.374885 0.231857 -0.502345 0.220023 -0.669034 0.285002 -0.397188 -0.156763 
0.177635 0.967904 0.811096 0.564084 -0.550948 0.00922471 0.471599 -0.455093 0.404099 -0.0471581 -0.808768 -0.65113 0.32505 0.234958 -0.385598 0.367769 0.372205 -0.142641 0.409608 0.0814786 0.65483 -0.23098 0.371183 0.257195 -0.494206 0.219666 -0.695228 0.311188 -0.40218 -0.155551 
0.176602 0.940749 0.798152 0.591184 -0.560662 0.00124576 0.440423 -0.401831 0.387575 -0.0971297 -0.842726 -0.624637 0.317396 0.220361 -0.402153 0.396795 0.352551 -0.146498 0.410662 0.0856007 0.713985 -0.228027 0.376532 0.25663 -0.493854 0.217942 -0.685425 0.274145 -0.380721 -0.148098 
-0.789581 0.746327 0.821976 0.688977 -0.953396 -0.434435 -0.0243006 0.213452 0.206926 0.00878605 -0.0679954 -0.839177 0.602061 -0.773429 -0.51473 0.329415 0.839629 0.324759 -0.319646 -0.579211 0.268388 0.078325 -0.0487534 0.0688628 0.041825 -0.194761 0.321943 0.321438 -0.130788 -0.519825 
-0.819867 0.727645 0.793864 0.666878 -0.932589 -0.454383 -0.0445106 0.193064 0.229343 0.0202119 -0.0543574 -0.849526 0.592349 -0.75871 -0.496593 0.331397 0.866695 0.341572 -0.338634 -0.550855 0.27654 0.089636 -0.0339985 0.0637882 0.0436015 -0.188676 0.332671 0.29554 -0.156635 -0.539971 
-0.765395 0.717769 0.804608 0.687834 -0.953965 -0.455936 -0.0411189 0.196738 0.225345 0.0174045 -0.0632101 -0.865934 0.623661 -0.800528 -0.49081 0.332531 0.82134 0.30677 -0.304998 -0.60739 0.294299 0.0966739 -0.0386353 0.0514361 0.0331922 -0.223333 0.294199 0.316811 -0.112801 -0.496857 
1.80289 2.49122 1.17807 1.12039 0.791728 -0.80418 -1.71312 1.2506 -1.60761 -1.00571 -0.420041 -1.49551 1.18802 1.74155 -1.49325 -1.36259 -0.854173 0.253112 1.85734 1.27425 -2.20024 0.236018 -1.00978 -1.02274 2.17152 1.29161 1.56073 0.858606 0.899311 2.11283 
1.79608 2.46349 1.20586 1.11426 0.790018 -0.797519 -1.72558 1.2224 -1.60566 -1.01801 -0.403222 -1.48885 1.16043 1.73017 -1.49049 -1.33732 -0.836134 0.272647 1.84492 1.26345 -2.20305 0.222793 -1.01918 -1.01497 2.15143 1.26349 1.56344 0.863427 0.892235 2.12475 
1.81637 2.471 1.19095 1.10936 0.785504 -0.791653 -1.72123 1.22571 -1.60692 -0.984916 -0.429174 -1.49801 1.17687 1.75418 -1.51965 -1.38099 -0.841167 0.227048 1.86928 1.2578 -2.18512 0.260353 -1.01271 -1.03565 2.16082 1.26701 1.56158 0.852663 0.92133 2.13284 
-1.09121 0.0923874 0.27026 -0.705914 -0.94665 -0.915758 0.238663 -0.548725 -0.520806 -0.17473 -0.129703 -0.00327256 0.162429 0.666174 -0.13526 -0.460728 0.0343064 0.0287705 0.0777278 0.713519 0.325359 0.878307 0.938598 0.699713 0.121705 0.463384 0.56847 -0.790652 0.398457 0.361248 
-1.10871 0.0757331 0.260734 -0.684079 -0.949511 -0.903173 0.234503 -0.563818 -0.509921 -0.171163 -0.11548 0.0209104 0.143952 0.660982 -0.142943 -0.488528 0.0272818 0.0157836 0.052691 0.734945 0.345753 0.866211 0.910937 0.707038 0.0956772 0.444517 0.571317 -0.763105 0.379431 0.365773 
-1.08106 0.0939842 0.273751 -0.687336 -0.927342 -0.936461 0.230822 -0.548764 -0.54075 -0.186293 -0.128146 0.0107886 0.138151 0.693989 -0.154112 -0.483303 0.0126171 0.041649 0.0686444 0.691021 0.304706 0.858906 0.912023 0.685721 0.144454 0.458815 0.557621 -0.781551 0.404494 0.348463 
-0.515778 1.47179 1.14827 0.720683 -0.642957 -0.440261 -0.674945 1.02063 -0.79635 -0.68014 -0.279079 -1.26369 0.699057 1.48635 -1.37233 -0.406342 -0.176388 0.315761 1.47151 0.663422 -0.595575 0.183433 -0.950575 -0.821292 1.06095 0.464151 0.853319 0.584125 0.51883 -0.267519 
-0.734924 0.773496 0.825878 0.631228 -0.868307 -0.282072 0.256033 -0.0506408 0.273491 -0.0131618 -0.510189 -0.748204 0.576921 -0.3432 -0.352579 0.349164 0.677883 0.011137 0.39126 -0.122576 0.384608 -0.107124 0.00712289 0.176122 -0.402793 0.0890645 -0.325568 0.297194 -0.324024 -0.242904 
-0.0562914 2.44104 1.11726 0.967198 0.362814 -0.643217 -1.42423 0.844407 0.0319397 -0.804021 -0.238261 -0.963683 1.14618 1.07155 -0.528381 -0.685561 -0.329265 0.299496 1.74555 0.0506351 -0.654974 0.232596 -0.928618 -0.56436 2.09411 1.16215 1.41203 0.42223 0.179236 1.95984 
-0.249002 -0.0479489 0.651669 -0.0734312 0.257801 -0.136093 0.465577 -0.422744 -0.632184 0.89178 -1.19447 -0.851906 -0.169308 0.372993 1.26471 0.256303 -1.26619 -0.451027 -0.116463 1.48796 0.393657 -0.351979 0.616443 1.64285 -1.12195 0.0897741 -0.265924 -0.218196 0.338113 -0.0363048 
-0.49667 -0.00555901 0.679321 -0.380327 -0.107473 -0.25219 -0.112482 -0.202552 0.231186 -0.00750736 -0.488524 -0.311236 0.113769 0.349137 -0.235385 -0.408022 0.33263 -0.470324 0.393521 0.574248 0.186854 0.0227541 0.0820695 0.274246 -0.1723 0.0937911 0.270314 -0.519442 0.198285 0.118507 
0.184939 0.946895 0.817971 0.575943 -0.546315 0.0316452 0.485838 -0.430014 0.396574 -0.0441838 -0.834584 -0.621065 0.305797 0.235129 -0.376536 0.385866 0.350667 -0.112431 0.395419 0.0945573 0.686911 -0.229149 0.387693 0.247386 -0.531459 0.214461 -0.644579 0.286647 -0.425641 -0.189114 
-0.157303 0.902759 0.818776 0.641833 -0.719276 -0.234612 0.461334 -0.133307 0.327806 -0.0282937 -0.260041 -0.703842 0.540475 -0.240462 -0.477892 0.366881 0.502697 0.242095 0.264299 -0.539369 0.289033 -0.102253 0.274007 0.174086 0.0252956 -0.161525 -0.500552 0.321267 -0.24953 -0.279754 
0.184303 0.940256 0.816929 0.561294 -0.556457 0.028748 0.477306 -0.427639 0.397845 -0.0551877 -0.811384 -0.637189 0.307715 0.221567 -0.383109 0.395241 0.367905 -0.117919 0.390954 0.0840232 0.707151 -0.21405 0.372957 0.245523 -0.510777 0.197733 -0.668918 0.28775 -0.419019 -0.155129 
-0.122543 -0.492566 -0.287238 -0.176226 -0.0703188 -0.0314137 0.104748 -0.409281 0.118331 0.149564 -0.278631 -0.426881 0.013313 0.543713 -0.37483 0.319372 0.18095 -0.150069 0.470937 0.556199 0.670796 -0.143489 -0.0877539 0.451952 0.0199703 -0.331737 0.152547 -0.455034 -0.0164078 0.351291 
-1.49994 0.0260739 0.52283 -0.719987 -0.175526 -0.600572 0.445826 -0.13738 -0.992332 -0.0073656 -1.33298 -0.764706 -1.16307 0.359986 -0.0241447 -0.847792 -1.02118 -0.208159 0.347035 0.658878 0.520081 -0.333636 0.621848 1.56317 -1.26813 0.0743176 0.0056104 0.0956094 -0.16422 1.00753 
0.184016 0.931646 0.820016 0.559999 -0.560141 0.0460156 0.490423 -0.467956 0.388901 -0.051241 -0.831425 -0.628868 0.295561 0.242932 -0.352554 0.426394 0.387239 -0.103783 0.394094 0.108883 0.706222 -0.211 0.375824 0.270203 -0.518061 0.191737 -0.619834 0.307768 -0.425885 -0.155967 
-0.661698 0.564693 -0.683165 -0.822909 0.299688 -0.130598 0.44475 -0.0897409 -0.927186 0.155287 -1.0962 -0.857327 -1.5584 0.432948 1.04179 0.421524 -0.616031 -0.356893 0.0952699 0.805413 0.372911 -0.293498 0.727861 0.510245 0.430454 -0.11885 -0.668867 -0.302898 0.432125 0.776211 
1.77746 2.41372 1.08673 0.952666 -0.536713 -0.51845 -0.961019 -0.244161 -1.48143 -0.384027 -0.50735 -0.853971 0.671808 0.561074 -1.23819 -0.271682 -0.104274 -0.0122152 0.407461 0.8605 -0.904393 0.120234 -0.24072 0.00601899 1.33382 0.456637 0.377486 0.512819 0.155691 -0.0655242 
-0.965273 0.595806 0.435363 -0.628712 -0.947091 -0.507067 0.212049 -0.404759 -0.0680687 -0.138961 -0.122059 -0.588596 0.284313 -0.159977 -0.266318 -0.295047 0.516531 0.195118 -0.0778675 0.390691 0.324629 0.191479 -0.018641 0.690165 0.0766806 -0.0665639 0.485532 -0.089004 0.31225 -0.379945 
-0.833301 0.694493 0.697262 -0.701705 -0.9468 -0.632185 0.154113 0.0218688 -0.10949 -0.105424 -0.105942 -0.593184 0.315068 -0.587427 -0.148819 -0.138478 0.258778 0.245566 -0.290115 -0.125753 0.320718 0.752 -0.00933696 0.227843 0.0581806 -0.0916139 0.538796 -0.327027 -0.0895127 0.164311 
-1.24196 -0.110034 -0.778798 0.342244 0.338333 -0.457526 0.394592 0.176271 -0.138855 1.18291 -0.407067 -0.854938 -0.190226 -0.11924 1.00817 -0.0216331 -0.366144 -0.213706 -0.291393 1.29678 -0.0049754 0.036373 0.0536516 1.66118 -2.09644 -0.289958 0.480792 -0.140554 -0.0968328 -0.148958 
-0.309546 0.732956 0.817517 0.598906 -0.926892 -0.237353 0.397833 -0.190546 0.303721 0.0360503 -0.146094 -0.770617 0.418902 -0.635705 -0.50194 0.329613 0.375465 0.050168 -0.2512 -0.39393 0.429775 -0.147526 0.345261 0.131434 -0.24402 0.197282 -0.0200232 0.332689 -0.265643 -0.272535 
0.554851 1.50511 1.0706 0.645338 -0.47972 -0.477934 -1.35929 -0.381241 -1.43877 -0.494196 -0.803679 -1.42239 0.463509 1.25883 -0.776175 -1.18391 -0.612932 0.0251096 0.535962 0.54493 -1.45014 -0.140999 0.231769 -0.0726884 -0.478331 1.11757 -0.631139 0.324633 0.716172 1.45446 
0.292103 0.900618 0.49362 -0.265484 -0.141146 0.00923307 0.473332 -0.468861 0.397595 -0.151404 -0.817625 -0.325769 -0.197423 0.357525 -0.0525458 0.455051 -0.0270187 0.0612819 0.577032 -0.331525 0.707477 -0.213197 0.400296 0.226744 0.367147 0.182421 -0.840594 0.408218 -0.428657 -0.0607379 
0.692731 0.892021 0.0275842 0.0370175 -0.0926751 -0.0149382 0.449964 -0.446541 0.379528 -0.133641 -0.886826 -0.41977 0.12968 0.438972 -0.273044 0.713394 0.233158 0.108645 0.617766 -0.221603 0.68383 -0.2271 0.429393 0.223782 0.483814 0.102163 -0.867469 0.30608 -0.410527 -0.109512 
