-1.0374 0.10388 0.129327 -0.632384 -0.879794 -0.909505 0.335261 -0.457848 -0.551686 -0.188118 -0.105445 0.0185856 0.110528 0.657097 -0.103871 -0.483412 -0.038972 -0.0412827 0.110133 0.561028 0.273145 0.883211 1.01406 0.715409 0.218965 0.412925 0.547978 -0.725849 0.464696 0.429426 
-1.07882 0.0846962 0.167897 -0.667544 -0.918839 -0.848238 0.261906 -0.436716 -0.566813 -0.21736 -0.0882984 0.0912194 0.157506 0.629149 -0.13901 -0.484796 0.0151535 -0.000804585 0.109126 0.629187 0.253214 0.915855 1.03916 0.715438 0.26421 0.410387 0.537966 -0.655097 0.437946 0.456778 
-1.0198 0.0625938 0.132092 -0.635117 -0.870702 -0.825952 0.190198 -0.527916 -0.580379 -0.201702 -0.114605 -0.0274116 0.142934 0.647342 -0.11312 -0.502986 -0.0168938 0.0285732 0.0874814 0.595507 0.284025 0.90559 1.03278 0.668685 0.330967 0.453338 0.590759 -0.706383 0.400112 0.447652 
-1.09418 0.0590716 0.141338 -0.637348 -0.895201 -0.870658 0.292141 -0.485918 -0.555049 -0.234163 -0.0476573 0.00371008 0.152027 0.632079 -0.168712 -0.521184 -0.0313598 0.0221137 0.0625792 0.559111 0.2405 0.971444 0.951862 0.695615 0.235327 0.360382 0.541487 -0.720184 0.509179 0.424926 
-1.0836 0.0677947 0.126233 -0.672525 -0.854393 -0.877571 0.245352 -0.486218 -0.611712 -0.290323 -0.0467955 0.0606106 0.123481 0.650092 -0.167481 -0.514492 -0.00751256 0.00567536 0.0533953 0.606714 0.251745 0.904582 0.969724 0.707696 0.230702 0.377781 0.532436 -0.757523 0.448941 0.377601 
-1.07343 0.0591955 0.207223 -0.679555 -0.871949 -0.924802 0.21946 -0.512224 -0.434063 -0.271457 -0.0976663 0.163167 0.136163 0.734419 -0.273636 -0.439792 0.0419396 -0.065202 0.0747973 0.633245 0.208874 0.878047 0.986401 0.645842 0.190174 0.33854 0.56563 -0.72236 0.412263 0.43823 
-1.04831 0.0856164 0.113471 -0.68257 -0.847179 -0.816412 0.238394 -0.497195 -0.595117 -0.183562 -0.112698 0.0484606 0.122281 0.660268 -0.124155 -0.507842 -0.0266865 0.00865866 0.123523 0.575072 0.191051 0.932725 1.02085 0.627316 0.269661 0.420148 0.558895 -0.67201 0.47651 0.423147 
-1.07911 0.0862559 0.123528 -0.67073 -0.877096 -0.882155 0.26816 -0.463232 -0.531313 -0.226324 -0.0864814 0.00900351 0.0809287 0.634198 -0.156981 -0.512364 -0.00938248 -0.016041 0.108685 0.586522 0.229384 0.964186 1.00607 0.691964 0.218009 0.396962 0.535758 -0.710852 0.444841 0.444941 
-1.06063 0.0561009 0.130578 -0.617902 -0.900151 -0.865108 0.296462 -0.51668 -0.520984 -0.161677 -0.0434006 0.0203112 0.141377 0.643531 -0.120174 -0.510583 -0.0106674 -0.0293857 0.103929 0.575874 0.261075 0.906658 1.00487 0.684772 0.249834 0.372934 0.566777 -0.746901 0.473849 0.417981 
-1.02022 0.0663807 0.153495 -0.643842 -0.909485 -0.855677 0.233965 -0.537586 -0.559734 -0.199232 -0.0622082 -0.000308947 0.164201 0.673908 -0.140809 -0.492979 -0.0226538 0.02466 0.140915 0.558405 0.187056 0.941269 1.01566 0.7157 0.237844 0.482722 0.580295 -0.660679 0.451652 0.425531 
-1.08428 0.0525796 0.136697 -0.658981 -0.853533 -0.835211 0.2645 -0.512234 -0.555981 -0.211793 -0.0788673 0.0496216 0.136323 0.65922 -0.150825 -0.51279 -0.0188591 -0.0205444 0.0684793 0.59931 0.208466 0.930748 1.00556 0.651832 0.287295 0.398939 0.53164 -0.719097 0.517748 0.435375 
-1.07917 0.034104 0.113375 -0.644718 -0.853624 -0.887514 0.280168 -0.510048 -0.552951 -0.203338 -0.0455643 0.049419 0.113775 0.611188 -0.136725 -0.489031 -0.00863109 -0.0159051 0.107727 0.618457 0.27983 0.93514 1.04595 0.671901 0.254746 0.436618 0.540083 -0.719327 0.459779 0.41238 
-1.07183 0.0595023 0.109124 -0.705603 -0.894734 -0.843168 0.27191 -0.451807 -0.545426 -0.245717 -0.124913 0.0306939 0.122525 0.61567 -0.189241 -0.479365 0.0173976 -0.0114447 0.0884139 0.610277 0.261366 0.926217 1.00901 0.687361 0.218205 0.375494 0.492012 -0.669592 0.459338 0.449684 
-1.09959 0.0220569 0.12605 -0.598273 -0.914027 -0.82551 0.247192 -0.437908 -0.580007 -0.296822 -0.103154 0.0355941 0.0857071 0.580005 -0.177409 -0.505023 -0.00399389 0.0129422 0.0673723 0.629784 0.235088 0.849825 1.00627 0.72583 0.242766 0.334376 0.565756 -0.749338 0.485638 0.394254 
-1.10034 0.0876955 0.0884986 -0.688706 -0.897318 -0.864333 0.223834 -0.459408 -0.546055 -0.22116 -0.0776429 0.0279228 0.0688232 0.690102 -0.11757 -0.467612 0.0223498 -0.0359045 0.0822402 0.602025 0.242795 0.964248 1.0009 0.700609 0.248433 0.375126 0.610581 -0.693591 0.470695 0.383249 
-1.04461 0.102993 0.131506 -0.66849 -0.884187 -0.895819 0.23559 -0.519031 -0.58587 -0.27581 -0.0873773 0.0738856 0.119736 0.669462 -0.145098 -0.474431 -0.0555832 0.0100283 0.0409939 0.643298 0.220639 0.916944 0.987662 0.673699 0.241671 0.427785 0.579367 -0.700856 0.449521 0.418106 
-1.04256 0.0723051 0.125217 -0.674964 -0.919549 -0.888183 0.269728 -0.461798 -0.516871 -0.204362 -0.0975178 0.0132107 0.150147 0.657942 -0.131881 -0.503374 0.026045 0.0447369 0.114645 0.551036 0.26119 1.00623 0.968469 0.634081 0.244441 0.390618 0.523205 -0.71028 0.508646 0.458075 
-1.05268 0.0179225 0.0795296 -0.617514 -0.825477 -0.850738 0.290445 -0.471693 -0.542484 -0.214361 -0.0764734 0.0337533 0.0744328 0.650791 -0.110091 -0.528902 0.0133152 -0.0184755 0.118853 0.56261 0.279819 0.887847 1.0613 0.708851 0.292563 0.411607 0.556889 -0.686774 0.410758 0.416182 
-1.07058 0.0718883 0.123924 -0.65537 -0.853871 -0.841471 0.230682 -0.485358 -0.55671 -0.191561 -0.0791737 0.0155433 0.119095 0.658049 -0.10741 -0.509205 0.0111194 -0.0288335 0.0916146 0.602496 0.207971 0.939618 1.02857 0.649765 0.231336 0.42672 0.538921 -0.69482 0.520626 0.415525 
-1.09903 0.134311 0.133414 -0.692024 -0.900591 -0.85854 0.254199 -0.436473 -0.533713 -0.19626 -0.0317242 0.071976 0.137131 0.656108 -0.155729 -0.436051 0.0398371 0.0356531 0.0632148 0.604896 0.290607 1.02358 0.961217 0.650798 0.26141 0.382072 0.608 -0.736024 0.435695 0.428818 
-1.10259 0.102933 0.112592 -0.6885 -0.900119 -0.848663 0.233847 -0.458343 -0.552372 -0.229842 -0.103765 0.039298 0.130185 0.640777 -0.173502 -0.527427 -0.00652787 0.0191691 0.0729003 0.59699 0.223189 0.935054 1.03865 0.674008 0.271145 0.378321 0.506472 -0.701892 0.489558 0.453602 
-1.11593 0.0563685 0.141581 -0.612985 -0.860062 -0.861371 0.217573 -0.490315 -0.594462 -0.232616 -0.0317114 0.0568201 0.144717 0.658514 -0.0995222 -0.511362 0.047482 0.0121353 0.0427636 0.629618 0.218166 0.87889 1.0282 0.724921 0.234901 0.360277 0.594448 -0.68894 0.493153 0.372874 
-1.12912 0.152121 0.188247 -0.691021 -0.916954 -0.865384 0.179134 -0.46178 -0.519501 -0.278579 -0.0145162 0.0616235 0.150016 0.690747 -0.14384 -0.443998 -0.00263077 0.0363042 0.0723412 0.542242 0.213879 0.888728 0.983435 0.636322 0.218771 0.411666 0.562638 -0.726653 0.518321 0.40638 
-1.09371 0.0845937 0.155595 -0.692492 -0.927739 -0.770116 0.212364 -0.45785 -0.551261 -0.239482 -0.125354 0.108136 0.110394 0.649602 -0.148066 -0.520038 0.0110417 0.0285198 0.148365 0.607029 0.202345 0.888241 0.971666 0.685803 0.206693 0.397354 0.592025 -0.700808 0.497041 0.48213 
-1.08361 0.0893276 0.0876288 -0.681751 -0.880598 -0.854292 0.238022 -0.462844 -0.531188 -0.207714 -0.0454518 0.0205359 0.086124 0.638849 -0.109781 -0.504486 -0.00203715 -0.0297173 0.109589 0.536651 0.23097 0.954559 1.02455 0.636128 0.243665 0.500269 0.537005 -0.680672 0.510143 0.415715 
-1.08348 0.0599838 0.138416 -0.67512 -0.907599 -0.851021 0.243649 -0.451125 -0.507341 -0.198988 -0.0962708 -0.00915231 0.1633 0.637877 -0.152957 -0.513148 0.00997691 0.0343317 0.117243 0.619986 0.22598 0.949706 1.01068 0.64932 0.275519 0.341351 0.53193 -0.682259 0.468865 0.421163 
-1.04046 0.0383695 0.0859637 -0.62518 -0.845421 -0.853573 0.243581 -0.497049 -0.554999 -0.253699 -0.0604553 0.0396458 0.123085 0.623394 -0.149378 -0.513721 -0.0186096 -0.0249844 0.107469 0.615518 0.304438 0.933654 0.991939 0.738448 0.271393 0.405406 0.559144 -0.695968 0.447503 0.412393 
-1.02181 0.0733185 0.158316 -0.667775 -0.858025 -0.837066 0.203756 -0.534672 -0.540574 -0.172724 -0.0789269 0.0216699 0.135992 0.705826 -0.137529 -0.526666 -0.00877311 0.0251134 0.0575756 0.618913 0.264127 0.948486 0.992768 0.683993 0.193138 0.392649 0.58127 -0.743188 0.488059 0.434272 
-1.09077 0.0881418 0.169309 -0.64729 -0.827386 -0.915448 0.237038 -0.417909 -0.534415 -0.249941 -0.0584013 0.0410546 0.156646 0.606692 -0.169656 -0.459487 0.0473581 -0.0172159 0.0514785 0.577766 0.254583 0.882344 0.979813 0.665807 0.198794 0.379407 0.544576 -0.727419 0.439847 0.44483 
-1.08457 0.078209 0.100132 -0.68478 -0.88576 -0.830963 0.255751 -0.504412 -0.544748 -0.203175 -0.076102 0.0270827 0.123826 0.676571 -0.114521 -0.488173 0.0106632 0.0222556 0.1307 0.594683 0.224673 0.956699 0.993084 0.677781 0.293191 0.400492 0.532963 -0.716042 0.512872 0.439708 
-1.06693 0.0524196 0.139604 -0.684186 -0.844303 -0.852948 0.224615 -0.461419 -0.534747 -0.263052 -0.0867346 0.0315687 0.118121 0.645115 -0.172469 -0.511174 0.0206503 -0.0146646 0.0916158 0.614112 0.23081 0.909825 0.985552 0.653903 0.238344 0.441051 0.541033 -0.71182 0.493615 0.382417 
-1.12237 0.0471335 0.151993 -0.692647 -0.916107 -0.866027 0.213084 -0.46207 -0.541654 -0.265702 -0.116063 0.0519119 0.16476 0.661782 -0.176035 -0.503037 0.045381 -0.00290195 0.01566 0.620158 0.208994 0.913396 1.02932 0.650548 0.285723 0.373909 0.525493 -0.673467 0.503678 0.432206 
-1.0829 0.011881 0.170833 -0.623324 -0.827519 -0.848539 0.368706 -0.519362 -0.545374 -0.177836 -0.0483901 0.000603238 0.183244 0.570368 -0.0105843 -0.513285 -0.00969174 -0.0353137 0.131488 0.59009 0.253244 1.02256 1.05663 0.743005 0.300908 0.425507 0.473223 -0.702171 0.410861 0.364494 
-1.07654 0.040613 0.161308 -0.692444 -0.865122 -0.84074 0.257543 -0.497926 -0.538752 -0.282374 -0.104586 0.0430126 0.156509 0.659401 -0.10306 -0.45954 0.0582524 0.0123617 0.104079 0.576918 0.277184 0.932629 0.962107 0.693471 0.20329 0.361333 0.610162 -0.740496 0.470037 0.422404 
-1.04167 0.0676373 0.100198 -0.662731 -0.857651 -0.89427 0.258913 -0.505458 -0.567339 -0.210973 -0.114229 0.00361847 0.128518 0.638074 -0.185418 -0.494022 0.0149312 0.00843592 0.124715 0.591745 0.252911 0.924461 0.976667 0.678898 0.30134 0.453673 0.530606 -0.712761 0.491894 0.471097 
-1.08799 0.0521591 0.0797799 -0.608263 -0.91784 -0.812135 0.206198 -0.47625 -0.540195 -0.190618 -0.0854462 0.0361834 0.147733 0.687357 -0.12387 -0.497035 -0.0158689 0.0392174 0.133742 0.604585 0.245369 0.925522 0.991726 0.672463 0.229466 0.451938 0.557932 -0.666389 0.423679 0.465787 
-1.08959 0.0772524 0.127253 -0.640251 -0.889028 -0.86454 0.241653 -0.395303 -0.567586 -0.288822 -0.103268 0.0393242 0.12964 0.610682 -0.168176 -0.483228 0.0214657 0.0414966 0.0736183 0.663183 0.225375 0.88073 1.0052 0.740499 0.232063 0.391351 0.581631 -0.736961 0.47755 0.43206 
-1.07041 0.107504 0.129023 -0.61581 -0.919373 -0.875398 0.331553 -0.51099 -0.542233 -0.176895 -0.0534753 0.0338244 0.161394 0.635279 -0.112893 -0.478112 -0.0356982 0.00155564 0.0621137 0.521622 0.2548 0.887704 0.995138 0.711587 0.250325 0.363727 0.547462 -0.724079 0.460862 0.391195 
-1.08359 0.0944295 0.148094 -0.649399 -0.890388 -0.829398 0.245553 -0.478354 -0.572295 -0.280197 -0.0763494 0.0184708 0.127553 0.577859 -0.0761081 -0.457108 0.0200132 0.00494433 0.0195995 0.701278 0.219112 0.873491 1.04501 0.712769 0.231476 0.362175 0.526857 -0.690601 0.481559 0.414624 
-1.05749 0.0569585 0.102959 -0.601003 -0.88115 -0.883791 0.268019 -0.506762 -0.551742 -0.166823 -0.0634365 0.0430233 0.126099 0.664274 -0.117249 -0.466516 0.00735814 0.0179767 0.136221 0.557438 0.268996 0.930087 1.02862 0.706938 0.225402 0.376791 0.514928 -0.677639 0.457099 0.442673 
-1.04258 0.0433948 0.0731469 -0.646072 -0.848683 -0.825479 0.215703 -0.484781 -0.514636 -0.151763 -0.116198 0.0109987 0.140388 0.7044 -0.134303 -0.483926 0.00127908 0.00990655 0.108776 0.575349 0.257327 0.940866 0.965812 0.662336 0.254592 0.395355 0.541482 -0.668812 0.499518 0.439335 
-1.05525 0.0764064 0.0743854 -0.614933 -0.912252 -0.861842 0.226006 -0.5099 -0.572077 -0.219284 -0.0898725 0.00189859 0.123468 0.646974 -0.156876 -0.528478 0.041525 -0.00929755 0.118035 0.569649 0.283588 0.931821 0.965569 0.694882 0.254514 0.393741 0.539527 -0.705803 0.480555 0.44584 
-1.06499 0.0944585 0.12378 -0.618952 -0.861066 -0.892878 0.289496 -0.412866 -0.55138 -0.307317 -0.166351 0.114086 0.144622 0.658361 -0.205625 -0.465992 0.059343 -0.0214168 0.0816331 0.661542 0.225453 0.847841 1.04614 0.670392 0.210776 0.323737 0.551195 -0.688584 0.497859 0.444318 
-1.05871 0.0846749 0.167335 -0.630283 -0.933941 -0.859106 0.267507 -0.416147 -0.571916 -0.285243 -0.0887948 0.083559 0.130968 0.609241 -0.178709 -0.531146 -0.0117876 0.0291024 0.092865 0.702855 0.252304 0.85521 1.03289 0.688314 0.226439 0.342282 0.612507 -0.742974 0.530731 0.521322 
-1.14234 0.0754576 0.100642 -0.694872 -0.840442 -0.91597 0.235547 -0.454245 -0.539197 -0.189323 -0.109398 0.0237729 0.176995 0.665498 -0.130873 -0.544234 -0.0161716 0.011421 0.0852604 0.598283 0.238096 0.957527 1.02194 0.708786 0.266206 0.460152 0.512506 -0.697711 0.461812 0.439774 
-1.0836 0.0395523 0.103045 -0.63961 -0.899871 -0.909765 0.238377 -0.488689 -0.584194 -0.208061 -0.0878853 0.0175856 0.153106 0.653693 -0.194394 -0.508898 0.0151184 0.0198094 0.0998176 0.591149 0.247741 0.93894 0.973314 0.654708 0.245484 0.389715 0.527886 -0.65109 0.51616 0.47052 
-1.10442 0.0907016 0.135173 -0.656969 -0.912197 -0.843856 0.272309 -0.389646 -0.545373 -0.297296 -0.0829501 0.0945065 0.155288 0.579161 -0.146009 -0.540106 0.0784739 -0.0414867 0.0897934 0.69245 0.28446 0.831445 1.05886 0.697505 0.201293 0.360415 0.543421 -0.738186 0.49788 0.530833 
-1.05847 0.0599366 0.100459 -0.650277 -0.864099 -0.837807 0.217214 -0.511465 -0.539282 -0.230662 -0.0997027 0.0239782 0.102525 0.638993 -0.156853 -0.49636 0.0276692 0.00947537 0.14883 0.598316 0.227261 0.927494 1.03247 0.64581 0.28552 0.428746 0.551877 -0.682542 0.503592 0.470604 
-1.09041 0.0560331 0.0936071 -0.65116 -0.904421 -0.841654 0.237345 -0.474939 -0.541134 -0.222592 -0.111079 0.0236688 0.163845 0.637381 -0.108369 -0.496092 -0.0193396 -0.0155124 0.0945066 0.623619 0.250182 0.929775 1.00908 0.663299 0.212778 0.353727 0.561961 -0.661633 0.441669 0.448277 
-1.10386 0.0652621 0.134834 -0.642952 -0.894408 -0.859895 0.256125 -0.421725 -0.543167 -0.254602 -0.073923 0.0666295 0.105779 0.6314 -0.197951 -0.523559 -0.0185916 0.0116771 0.0727441 0.631183 0.230519 0.891169 1.00092 0.691969 0.202459 0.393525 0.546934 -0.744448 0.439224 0.432135 
-1.09222 0.0586178 0.118248 -0.650764 -0.873978 -0.856979 0.256258 -0.499132 -0.562902 -0.207068 -0.0628869 0.0424353 0.14184 0.623757 -0.120073 -0.500315 -0.00152742 0.00345372 0.0790445 0.609887 0.234374 0.925771 1.0107 0.690969 0.24575 0.371967 0.553514 -0.707543 0.463599 0.417649 
-1.07927 0.0639172 0.094468 -0.669271 -0.888513 -0.835032 0.28085 -0.499581 -0.567878 -0.21627 -0.0397278 0.0434565 0.160482 0.635407 -0.144693 -0.524435 -0.0195122 -0.0117453 0.066097 0.588097 0.217623 0.935266 1.01321 0.717311 0.253103 0.34733 0.540986 -0.689705 0.437835 0.439698 
-1.09108 0.0464935 0.130529 -0.629241 -0.892745 -0.879421 0.280923 -0.500016 -0.574147 -0.200001 -0.0851674 0.0196094 0.129475 0.606484 -0.124321 -0.491244 -0.021682 -0.0127698 0.101015 0.623766 0.246984 0.905072 1.03406 0.714128 0.226119 0.386487 0.567423 -0.699949 0.477011 0.436105 
-1.0857 0.0625917 0.128509 -0.650617 -0.891192 -0.860384 0.256851 -0.472558 -0.556845 -0.262588 -0.0847512 0.0649304 0.131326 0.622007 -0.160389 -0.505504 0.0018096 0.00337368 0.0764957 0.631982 0.239803 0.902107 1.01351 0.697301 0.239001 0.378335 0.56064 -0.707844 0.465315 0.417643 
-1.09942 0.0734628 0.123415 -0.66114 -0.895986 -0.8556 0.266794 -0.494511 -0.574567 -0.286032 -0.101398 0.0507683 0.123454 0.59839 -0.158366 -0.530775 -0.0116236 0.00521781 0.0579173 0.623369 0.215721 0.883425 1.02294 0.695172 0.259815 0.363012 0.534372 -0.727267 0.459186 0.416666 
-1.06544 0.0732122 0.122781 -0.628538 -0.867237 -0.879055 0.249528 -0.448556 -0.548979 -0.288845 -0.0608038 0.0491784 0.124955 0.605342 -0.176702 -0.481888 -0.00739607 -0.000380302 0.101349 0.621637 0.231146 0.881892 1.02739 0.693445 0.248379 0.398005 0.533992 -0.697329 0.491822 0.4273 
-1.09968 0.0721937 0.127437 -0.702126 -0.876721 -0.853332 0.252324 -0.478289 -0.608037 -0.224478 -0.0732814 0.0552165 0.126612 0.641614 -0.163573 -0.515153 0.0133985 -0.0402434 0.0882103 0.613167 0.244067 0.92539 1.02505 0.711615 0.25048 0.398457 0.593657 -0.661643 0.50893 0.485841 
-1.08707 0.0826775 0.12208 -0.715327 -0.86274 -0.842727 0.253906 -0.455638 -0.58318 -0.249951 -0.0900561 0.0300645 0.116307 0.642537 -0.15532 -0.490074 0.0300881 -0.0563086 0.106976 0.623228 0.238191 0.924463 1.01812 0.736696 0.263144 0.396231 0.586947 -0.672585 0.502574 0.501863 
-1.09683 0.0537765 0.115789 -0.682667 -0.873008 -0.858289 0.275224 -0.489205 -0.609537 -0.203671 -0.0863085 0.0433061 0.126628 0.658466 -0.144447 -0.499205 0.0258791 -0.0498676 0.109099 0.637876 0.229076 0.910118 1.03052 0.70662 0.238119 0.421648 0.568811 -0.656137 0.504286 0.470868 
-1.0773 0.0525938 0.110619 -0.697228 -0.893395 -0.8215 0.213428 -0.446062 -0.54619 -0.220831 -0.152742 0.00852079 0.148751 0.640944 -0.165683 -0.489937 0.0222349 -0.00424495 0.10331 0.596775 0.232546 0.970792 1.02444 0.662938 0.227743 0.400653 0.502371 -0.660045 0.453335 0.440697 
-1.05974 0.0374679 0.0982707 -0.681086 -0.879664 -0.839039 0.193474 -0.472188 -0.557775 -0.238676 -0.167206 0.0232876 0.155122 0.659879 -0.157002 -0.515029 0.0404341 0.0221928 0.0819332 0.59357 0.251389 0.997003 1.02796 0.644453 0.223385 0.416201 0.494849 -0.654007 0.477355 0.434754 
-1.08587 0.0720395 0.0883921 -0.67156 -0.874387 -0.835488 0.204526 -0.448336 -0.525694 -0.200574 -0.128681 -0.00523702 0.151057 0.633115 -0.169202 -0.473473 0.016535 0.00598362 0.114745 0.613078 0.235914 0.988181 1.04078 0.656076 0.245543 0.410676 0.506433 -0.662686 0.442524 0.460164 
-1.07609 0.0653929 0.136144 -0.651511 -0.871132 -0.875634 0.23418 -0.463498 -0.548303 -0.247058 -0.0875985 0.0450417 0.145588 0.652516 -0.166323 -0.506315 -0.00280108 0.0163397 0.0854165 0.63705 0.234368 0.915639 0.98105 0.692751 0.205997 0.48492 0.560775 -0.727009 0.471322 0.406091 
-1.06417 0.0874354 0.16243 -0.659734 -0.859227 -0.888998 0.245796 -0.482104 -0.556017 -0.221759 -0.0787028 0.0221794 0.169405 0.674008 -0.143618 -0.491123 -0.0207502 0.00223965 0.0948726 0.648488 0.21114 0.942162 0.969067 0.666572 0.224866 0.499085 0.571771 -0.748142 0.473686 0.409666 
-1.06286 0.0797894 0.148663 -0.629055 -0.852818 -0.865428 0.255707 -0.440983 -0.527177 -0.259833 -0.113919 0.0224974 0.147952 0.646787 -0.189911 -0.528208 -0.0246442 -0.00279287 0.107799 0.663341 0.225155 0.890774 0.95594 0.696771 0.211641 0.470541 0.577133 -0.751821 0.476739 0.395477 
-1.07775 0.0575546 0.109658 -0.676439 -0.896558 -0.819046 0.220423 -0.435974 -0.534417 -0.22967 -0.145615 -0.0136301 0.173622 0.64148 -0.153238 -0.491812 0.0321117 0.015408 0.114055 0.621478 0.219685 0.964056 1.00847 0.675109 0.242124 0.394616 0.509252 -0.63557 0.472417 0.418551 
-1.06747 0.0452763 0.109038 -0.650338 -0.88236 -0.795709 0.241843 -0.412631 -0.512118 -0.250788 -0.1676 -0.0112017 0.19417 0.64269 -0.175684 -0.473296 0.0402793 0.0413629 0.137367 0.635055 0.218252 0.942827 1.01656 0.670557 0.263311 0.407123 0.507892 -0.659 0.457509 0.393614 
-1.06545 0.0790559 0.108178 -0.659336 -0.878717 -0.842037 0.247009 -0.433604 -0.537071 -0.240284 -0.144851 -0.0277055 0.187372 0.663502 -0.173859 -0.507586 0.0301036 0.0383726 0.0982658 0.617134 0.242946 0.984541 1.00012 0.690806 0.26825 0.376271 0.524054 -0.63869 0.454235 0.415036 
-1.07347 0.0517218 0.087612 -0.658783 -0.883613 -0.91482 0.253016 -0.493117 -0.551546 -0.210245 -0.118649 0.0206292 0.170935 0.654881 -0.182063 -0.50186 0.0382496 -0.00340164 0.114245 0.569557 0.224649 0.960637 0.960561 0.658418 0.260319 0.360226 0.523984 -0.654793 0.51539 0.474102 
-1.07675 0.0689398 0.0815404 -0.671575 -0.905075 -0.922594 0.266569 -0.507205 -0.535891 -0.224566 -0.110482 0.0126126 0.16519 0.646178 -0.204812 -0.479946 0.0287848 0.0033589 0.0906368 0.571593 0.208734 0.951245 0.943117 0.67024 0.270199 0.375997 0.54163 -0.67195 0.506937 0.461273 
-1.05216 0.0655051 0.086688 -0.632445 -0.896943 -0.896654 0.257389 -0.486258 -0.525606 -0.191259 -0.108466 0.0456288 0.159683 0.633571 -0.159352 -0.528454 0.0229336 -0.0173836 0.128697 0.556381 0.222084 0.962052 0.954697 0.660831 0.275869 0.378373 0.507503 -0.66598 0.515013 0.49025 
-1.11767 0.0810036 0.104969 -0.646854 -0.858634 -0.894371 0.261255 -0.467928 -0.579725 -0.250834 -0.0761282 0.00337402 0.153356 0.668522 -0.152874 -0.503204 0.0166935 -0.0265784 0.119949 0.56873 0.238388 0.935629 1.04166 0.680441 0.253083 0.48892 0.529913 -0.729037 0.516759 0.426494 
-1.11263 0.0583601 0.106512 -0.632359 -0.854622 -0.873514 0.275025 -0.444314 -0.558295 -0.244821 -0.0676315 0.024655 0.151542 0.657523 -0.12951 -0.499489 -0.00784567 -0.0437088 0.138358 0.546134 0.21484 0.917742 1.01683 0.679035 0.239039 0.479848 0.528413 -0.738088 0.513497 0.449366 
-1.11659 0.0898769 0.128518 -0.660711 -0.870432 -0.91605 0.272877 -0.482715 -0.602137 -0.257596 -0.080726 0.00534919 0.175572 0.684607 -0.167619 -0.488822 0.0412639 -0.03674 0.103671 0.586853 0.26118 0.941889 1.0569 0.659971 0.247344 0.477923 0.519364 -0.733111 0.495007 0.410874 
-1.09458 0.0222013 0.0906765 -0.666577 -0.892986 -0.859455 0.265211 -0.483529 -0.514412 -0.250018 -0.0722921 0.0232855 0.133672 0.630925 -0.187722 -0.511238 -0.00151004 0.00195153 0.0777627 0.624294 0.220976 0.94985 0.966229 0.68759 0.235451 0.380136 0.529703 -0.662595 0.454594 0.464115 
-1.07165 0.0166644 0.0865192 -0.685575 -0.873382 -0.840161 0.242304 -0.46755 -0.48907 -0.255451 -0.0500873 0.0490152 0.15359 0.628246 -0.167352 -0.518446 0.000937079 0.00481756 0.0552519 0.636774 0.235269 0.940828 0.96297 0.694283 0.252459 0.371957 0.50493 -0.68138 0.444616 0.486227 
-1.09369 0.0105038 0.0667333 -0.658657 -0.892677 -0.87242 0.257998 -0.507538 -0.498757 -0.256008 -0.0942756 0.0155758 0.139076 0.655554 -0.190421 -0.526999 0.00478798 0.0247421 0.0893898 0.625637 0.214364 0.973098 0.948834 0.672302 0.210901 0.388324 0.504156 -0.671729 0.455955 0.455513 
-1.06414 0.0949179 0.0875115 -0.574079 -0.856082 -0.899376 0.343482 -0.412133 -0.556829 -0.173163 -0.0707148 0.0521147 0.110641 0.603118 -0.11061 -0.485373 0.0222663 -0.020528 0.0994206 0.590827 0.337401 0.958887 1.04144 0.719367 0.35422 0.483437 0.515153 -0.680313 0.461085 0.384271 
-1.06558 0.0755134 0.0656847 -0.5533 -0.856364 -0.89424 0.342352 -0.389666 -0.575854 -0.198546 -0.0482097 0.034455 0.108648 0.580092 -0.124644 -0.507125 0.00131709 -0.0377078 0.0963375 0.582347 0.330725 0.940299 1.03779 0.729762 0.372902 0.491656 0.488918 -0.670223 0.485487 0.38029 
-1.04488 0.104033 0.0867371 -0.584544 -0.861367 -0.883499 0.329847 -0.403972 -0.545547 -0.150459 -0.0495735 0.0406422 0.119932 0.628796 -0.0914126 -0.478464 -0.00332663 -0.02743 0.0966796 0.58208 0.31626 0.962615 1.02559 0.704992 0.348798 0.471074 0.514756 -0.671634 0.443799 0.373198 
-1.0913 0.0647044 0.118035 -0.6919 -0.888367 -0.832976 0.231439 -0.472763 -0.557927 -0.229581 -0.0919712 0.00701194 0.12972 0.641493 -0.163015 -0.492905 0.0200088 0.0125028 0.102997 0.613822 0.229283 0.931991 1.01347 0.700438 0.247497 0.394764 0.590605 -0.6506 0.479748 0.472493 
-1.07705 0.0618353 0.113454 -0.687508 -0.887293 -0.850586 0.233337 -0.45554 -0.547249 -0.229482 -0.143662 0.0290357 0.14753 0.641896 -0.166254 -0.492584 0.0114636 -0.000454745 0.0990581 0.615449 0.234365 0.948303 1.01996 0.672993 0.225972 0.448645 0.546435 -0.662096 0.46203 0.421028 
-1.07438 0.0605819 0.124048 -0.652714 -0.876506 -0.890688 0.246081 -0.472971 -0.5495 -0.218798 -0.0908744 0.0277203 0.145769 0.654014 -0.170559 -0.503125 0.0259831 0.00369159 0.0883701 0.626815 0.231746 0.956075 0.96435 0.689115 0.211344 0.450964 0.531199 -0.687782 0.490922 0.428068 
-1.09446 0.0623004 0.122999 -0.698029 -0.876903 -0.848661 0.226471 -0.471683 -0.547986 -0.223859 -0.0988126 0.0352526 0.133675 0.641238 -0.16522 -0.506375 0.0218738 -0.0237077 0.0887818 0.59973 0.234367 0.959661 1.02445 0.680322 0.23422 0.399949 0.586946 -0.661351 0.456153 0.477817 
-1.1036 0.0789521 0.116473 -0.64995 -0.869421 -0.877777 0.255848 -0.469731 -0.601227 -0.243344 -0.0742026 0.0493989 0.135377 0.646656 -0.159301 -0.513265 0.0165352 -0.0379749 0.118255 0.592708 0.243361 0.926298 1.03892 0.694465 0.251494 0.415746 0.572265 -0.669065 0.51502 0.438496 
-1.1012 0.085302 0.0994135 -0.63512 -0.857629 -0.897802 0.305512 -0.436834 -0.561205 -0.175188 -0.0734922 0.00817631 0.117066 0.620789 -0.144157 -0.495531 0.0211405 -0.0238343 0.0999204 0.571256 0.302887 0.936341 1.04156 0.69652 0.270283 0.486509 0.528331 -0.71175 0.505079 0.422639 
-1.10341 0.0579375 0.105998 -0.652274 -0.868478 -0.83594 0.260501 -0.466329 -0.556782 -0.241408 -0.0974925 0.00779502 0.150865 0.660283 -0.157437 -0.494004 0.0184604 -0.0169602 0.105171 0.585254 0.23323 0.95269 1.02951 0.674674 0.232025 0.413454 0.515192 -0.688647 0.476869 0.429374 
-1.1021 0.0780917 0.117451 -0.65031 -0.880446 -0.889062 0.259541 -0.467956 -0.559467 -0.256538 -0.0829211 0.015301 0.153122 0.662223 -0.155875 -0.504345 0.0069897 0.00188174 0.10796 0.63118 0.23925 0.919583 1.03717 0.685137 0.251759 0.436565 0.559024 -0.711585 0.486935 0.419074 
-1.07469 0.0260163 0.0891572 -0.665042 -0.886279 -0.875025 0.25719 -0.490624 -0.540222 -0.239089 -0.0848216 0.0229221 0.153113 0.64395 -0.184723 -0.507552 0.0333281 -0.00323221 0.0992957 0.60081 0.221369 0.952098 0.960712 0.660861 0.245978 0.373193 0.527668 -0.660329 0.499601 0.464649 
-1.08738 0.0627025 0.112433 -0.696422 -0.889692 -0.842932 0.236244 -0.469152 -0.540324 -0.224706 -0.131753 0.050014 0.143435 0.641601 -0.160407 -0.510503 0.0266172 -0.0137602 0.0955051 0.614746 0.239699 0.947075 1.01596 0.706664 0.244619 0.39606 0.587963 -0.660278 0.488916 0.423104 
-1.07415 0.0571058 0.089944 -0.670335 -0.891348 -0.849155 0.241888 -0.487425 -0.54341 -0.224179 -0.133619 0.0142603 0.172307 0.645644 -0.157534 -0.49452 0.0340525 0.0129185 0.114225 0.5977 0.219828 0.963488 1.00178 0.670157 0.252354 0.384231 0.523297 -0.65093 0.473858 0.464393 
-1.08885 0.0682771 0.113968 -0.648881 -0.868208 -0.881647 0.24651 -0.465064 -0.576348 -0.247161 -0.0831158 0.0346962 0.151487 0.661461 -0.154444 -0.504587 0.00502157 -0.0164762 0.119609 0.571428 0.236799 0.915864 1.03293 0.681019 0.240023 0.488701 0.535621 -0.727796 0.48559 0.406643 
-1.1134 0.0806477 0.125912 -0.661991 -0.871472 -0.868787 0.253398 -0.474429 -0.595709 -0.226897 -0.073904 0.0332234 0.140943 0.65255 -0.159459 -0.514349 0.0164368 -0.0380308 0.103992 0.603014 0.239636 0.928882 1.03645 0.684593 0.252428 0.46614 0.59053 -0.683458 0.515834 0.450832 
-1.0807 0.0596476 0.122703 -0.661383 -0.89291 -0.858906 0.248571 -0.443922 -0.544401 -0.231341 -0.0956075 0.0323463 0.141364 0.628794 -0.156685 -0.4955 0.0255528 0.0114729 0.0787024 0.622257 0.234429 0.932291 1.01188 0.685655 0.239701 0.38129 0.528327 -0.647868 0.471745 0.417991 
-1.09326 0.075783 0.112743 -0.647056 -0.866205 -0.858562 0.259348 -0.495376 -0.572024 -0.22479 -0.0720951 0.0394226 0.149436 0.658433 -0.152733 -0.502719 0.00307686 -0.00504046 0.0903703 0.585147 0.23817 0.93122 1.02936 0.681948 0.24987 0.406613 0.530686 -0.713505 0.471505 0.422658 
-1.07564 0.05577 0.0967388 -0.662182 -0.893618 -0.899969 0.237449 -0.453987 -0.538932 -0.224367 -0.139766 -0.0136298 0.172663 0.645187 -0.15971 -0.492917 0.0347673 0.0102568 0.114143 0.598723 0.220528 0.962164 0.995199 0.661204 0.244886 0.371635 0.510013 -0.636687 0.481255 0.446509 
-1.07488 0.0518989 0.106865 -0.694658 -0.892189 -0.853062 0.238402 -0.447892 -0.547184 -0.219603 -0.136782 0.0181118 0.168062 0.641221 -0.178652 -0.500434 0.0239969 -0.00420942 0.106067 0.595762 0.232323 0.964779 0.984617 0.661251 0.230113 0.378989 0.523424 -0.655927 0.469648 0.440913 
-1.0838 0.0577292 0.114613 -0.667736 -0.895609 -0.849864 0.225723 -0.455839 -0.561873 -0.222251 -0.112328 0.0300424 0.161297 0.634486 -0.149873 -0.494033 0.00533425 0.0148029 0.112799 0.617344 0.231288 0.952851 1.01057 0.67761 0.245346 0.37346 0.523942 -0.687361 0.469901 0.418431 
-1.06863 0.0918252 0.0935554 -0.596286 -0.858527 -0.896445 0.330626 -0.440912 -0.575901 -0.177395 -0.0720511 0.0175915 0.138402 0.6098 -0.129204 -0.487934 0.0172446 -0.0238977 0.0997243 0.589504 0.328575 0.94455 1.04155 0.681817 0.262247 0.485919 0.526914 -0.681592 0.51499 0.384843 
-1.07688 0.0536453 0.120727 -0.688371 -0.889735 -0.869166 0.230924 -0.46272 -0.546376 -0.237645 -0.115783 0.0313263 0.14853 0.648425 -0.165904 -0.490581 0.0211397 0.00875372 0.0997425 0.626647 0.234017 0.961579 0.989951 0.676289 0.22294 0.45843 0.531244 -0.685682 0.470184 0.438401 
