-1.06311 0.0649049 0.144044 -0.64721 -0.881804 -0.866926 0.244414 -0.458053 -0.545657 -0.200748 -0.0941312 -0.00118239 0.189498 0.68572 -0.170382 -0.470951 0.00163902 -0.00399799 0.107264 0.635971 0.223261 0.965669 0.946838 0.677479 0.219629 0.514713 0.547799 -0.76018 0.456401 0.401311 
-1.0611 0.0849536 0.105877 -0.674821 -0.899024 -0.844437 0.230695 -0.478988 -0.534744 -0.180666 -0.0435495 0.0346548 0.0914899 0.622759 -0.108454 -0.510728 0.0216938 -0.0103042 0.109338 0.522218 0.206367 0.967712 1.03193 0.659388 0.222268 0.515008 0.546694 -0.706322 0.484809 0.398775 
-1.05772 0.0733371 0.115769 -0.634336 -0.877664 -0.909937 0.258777 -0.468746 -0.573468 -0.217331 -0.109287 0.0414526 0.168602 0.663022 -0.170248 -0.479208 0.0379404 0.0303443 0.0934408 0.624421 0.233515 0.931977 0.990803 0.673118 0.21895 0.440815 0.526751 -0.704905 0.513926 0.430659 
-1.0457 0.09451 0.129802 -0.671767 -0.894654 -0.868571 0.285967 -0.437511 -0.525916 -0.184025 -0.105451 -0.00154068 0.14596 0.640547 -0.144166 -0.488805 0.00981292 0.0639876 0.103278 0.564113 0.256672 1.03319 0.985455 0.660709 0.266657 0.395596 0.543271 -0.690882 0.493873 0.463821 
-1.08685 0.0928617 0.0951283 -0.626622 -0.871696 -0.878066 0.252301 -0.458721 -0.54707 -0.270876 -0.0956715 0.00949506 0.165361 0.665967 -0.161762 -0.521556 -0.00231027 -0.00409103 0.122988 0.653384 0.230227 0.91324 1.01904 0.704683 0.244549 0.452008 0.546923 -0.691024 0.489273 0.441438 
-1.10047 0.0587925 0.140972 -0.699859 -0.901673 -0.880951 0.233779 -0.455006 -0.554691 -0.223076 -0.101948 0.0249648 0.124059 0.666435 -0.147344 -0.51325 0.0278162 0.0124563 0.124286 0.608554 0.257119 0.958657 1.00935 0.66559 0.196916 0.439878 0.546935 -0.694726 0.462562 0.43265 
-1.06607 0.0467381 0.221371 -0.694104 -0.890329 -0.90587 0.217494 -0.487176 -0.444215 -0.260715 -0.109114 0.155175 0.140752 0.730749 -0.267096 -0.447076 0.0481765 -0.0829494 0.0979331 0.623819 0.192792 0.895249 1.01179 0.629713 0.202288 0.356153 0.567073 -0.744382 0.4177 0.419939 
-1.07855 0.115856 0.135513 -0.680647 -0.909211 -0.846069 0.227618 -0.420933 -0.517379 -0.218885 -0.0209997 0.0585835 0.1626 0.653087 -0.164706 -0.432738 0.0208124 0.0428688 0.0517579 0.625344 0.267972 1.02082 0.939183 0.647185 0.244104 0.402776 0.617986 -0.72084 0.431405 0.416044 
-1.10746 0.0623356 0.118794 -0.668526 -0.844474 -0.820402 0.233953 -0.454295 -0.561592 -0.243401 -0.113372 0.0339537 0.139452 0.641993 -0.17032 -0.520589 0.012616 -0.0274572 0.0924566 0.600947 0.212257 0.944574 1.01412 0.68664 0.211827 0.407299 0.490309 -0.709004 0.48471 0.435565 
-1.07702 0.0835005 0.102838 -0.626372 -0.858003 -0.864473 0.266811 -0.509508 -0.533718 -0.179192 -0.0585864 0.0633716 0.128959 0.688283 -0.10557 -0.484289 0.0202891 0.00411822 0.111085 0.563917 0.294641 0.95508 1.03724 0.695081 0.232928 0.359592 0.527807 -0.684722 0.457595 0.430843 
-1.05163 0.102473 0.157491 -0.620099 -0.946404 -0.873532 0.285484 -0.438232 -0.559714 -0.27889 -0.0910723 0.0945649 0.118052 0.633717 -0.169605 -0.529218 0.00320078 0.0367464 0.112158 0.679833 0.272968 0.847724 1.03837 0.671688 0.214619 0.357133 0.634716 -0.735883 0.513858 0.501318 
-1.06082 0.104778 0.107032 -0.616944 -0.879633 -0.903688 0.330063 -0.478453 -0.550564 -0.180708 -0.109191 0.0440501 0.107172 0.647497 -0.0922407 -0.472251 -0.0282639 -0.0451367 0.091699 0.572438 0.28708 0.905201 1.01381 0.724856 0.239325 0.418394 0.526792 -0.734567 0.443215 0.450008 
-1.0705 0.030227 0.120271 -0.669821 -0.858716 -0.857594 0.237817 -0.517064 -0.563509 -0.221625 -0.100924 0.0261194 0.110791 0.647037 -0.135784 -0.494034 -0.026713 -0.0111107 0.0734033 0.606187 0.212644 0.952559 0.983341 0.660821 0.293544 0.411074 0.555918 -0.727175 0.491682 0.423409 
-1.05259 0.0565632 0.124994 -0.675123 -0.905038 -0.806603 0.206934 -0.445925 -0.552386 -0.200096 -0.167212 0.0196859 0.140307 0.659183 -0.153843 -0.464525 0.0208322 0.00342646 0.10815 0.58101 0.211557 0.956583 1.00071 0.649685 0.221452 0.381732 0.507858 -0.666838 0.479507 0.44322 
-1.07875 0.0931382 0.0965009 -0.694592 -0.904907 -0.823735 0.252165 -0.494542 -0.522805 -0.218473 -0.0569016 0.0117195 0.137029 0.698915 -0.0908673 -0.510894 0.0275307 0.0119874 0.115933 0.569284 0.237953 0.959738 1.00113 0.654665 0.300868 0.411222 0.559177 -0.694721 0.513069 0.438398 
-1.06627 0.0661971 0.145396 -0.6744 -0.850691 -0.85005 0.215726 -0.459588 -0.523159 -0.270436 -0.0881871 0.0271898 0.165763 0.665693 -0.173194 -0.511083 -0.00475079 0.0124264 0.0649255 0.655201 0.213925 0.931961 0.982374 0.701263 0.207642 0.503718 0.544632 -0.718194 0.487975 0.387054 
-1.09372 0.059514 0.0778767 -0.640888 -0.861511 -0.890335 0.312867 -0.457622 -0.537529 -0.17887 -0.0858236 0.0299524 0.135242 0.615581 -0.135093 -0.488843 0.0367961 -0.00182673 0.087481 0.558898 0.315186 0.916885 1.02215 0.705011 0.281002 0.490375 0.521523 -0.709102 0.502348 0.442227 
-1.07871 0.0557966 0.130369 -0.645618 -0.882347 -0.843499 0.210424 -0.461918 -0.566872 -0.209353 -0.128971 0.0380422 0.179923 0.63719 -0.1692 -0.492954 0.00944204 0.0223354 0.128473 0.629534 0.234392 0.934596 0.998573 0.665684 0.221709 0.368182 0.52987 -0.71103 0.460463 0.401528 
-1.08393 0.060695 0.0977418 -0.693802 -0.863729 -0.878966 0.253926 -0.455936 -0.504577 -0.202455 -0.0842506 0.00429981 0.0979974 0.613272 -0.163244 -0.49043 -0.0200993 -0.0174315 0.0955023 0.590368 0.208086 0.984088 1.02346 0.703605 0.225497 0.37929 0.520714 -0.697877 0.43351 0.466266 
-1.09311 0.0215205 0.127447 -0.623023 -0.905989 -0.923404 0.222985 -0.497895 -0.595801 -0.217373 -0.106191 0.0188913 0.175655 0.641648 -0.200203 -0.529722 -0.0034705 0.0380996 0.093748 0.585634 0.225897 0.937167 0.981074 0.629888 0.219462 0.362998 0.507293 -0.628611 0.499409 0.461889 
-1.07668 0.0955132 0.171645 -0.645173 -0.828677 -0.84498 0.273791 -0.427746 -0.539865 -0.246052 -0.087702 0.0108439 0.136281 0.66672 -0.18478 -0.554528 -0.0370189 -0.0118181 0.0819422 0.678116 0.248873 0.890888 0.950038 0.679726 0.235033 0.450056 0.574519 -0.734426 0.466993 0.37153 
-1.06055 0.0805319 0.087506 -0.654229 -0.849331 -0.816682 0.228385 -0.521147 -0.537823 -0.24878 -0.115089 0.0138759 0.11318 0.627611 -0.145284 -0.495044 0.0390657 0.0290141 0.170922 0.617367 0.22029 0.905859 1.0461 0.633134 0.26868 0.453917 0.539496 -0.667068 0.477789 0.482975 
-1.06911 0.0428154 0.117711 -0.721247 -0.87228 -0.817319 0.298704 -0.47723 -0.547421 -0.247673 -0.146118 0.00915967 0.118001 0.634671 -0.172514 -0.486308 -0.00941725 0.0037494 0.0827088 0.610087 0.266415 0.915464 1.00708 0.665856 0.204596 0.354212 0.465586 -0.658558 0.445487 0.459591 
-1.09947 0.0724833 0.124318 -0.651029 -0.91044 -0.851054 0.276924 -0.42144 -0.544219 -0.275913 -0.0882515 0.0445724 0.12174 0.633385 -0.193279 -0.500226 -0.0451124 -0.00602809 0.0583117 0.615464 0.235707 0.886693 0.998004 0.698193 0.227493 0.397359 0.567338 -0.723809 0.429253 0.441023 
-1.11019 0.0780907 0.139037 -0.72548 -0.897207 -0.872465 0.255605 -0.471274 -0.58196 -0.203056 -0.0551845 0.0622946 0.103615 0.65875 -0.177749 -0.533715 0.0304279 -0.0158005 0.110522 0.590043 0.254294 0.9478 1.02441 0.716803 0.243237 0.400589 0.601305 -0.670559 0.50136 0.505092 
-1.10385 0.070576 0.131855 -0.665112 -0.894283 -0.883988 0.296927 -0.477038 -0.619131 -0.193386 -0.0828321 0.0669039 0.106311 0.668061 -0.150086 -0.515509 0.0218164 -0.0716963 0.129332 0.65014 0.23307 0.897524 1.02653 0.710031 0.231078 0.442216 0.545201 -0.643109 0.478967 0.492392 
-1.10033 0.0748252 0.124684 -0.680563 -0.892948 -0.851071 0.238179 -0.451893 -0.529773 -0.249024 -0.13455 0.0535891 0.148974 0.63684 -0.174009 -0.471576 -0.00104301 -0.0233339 0.0899335 0.622263 0.233511 0.967099 1.01871 0.692562 0.226997 0.46428 0.565889 -0.652251 0.443603 0.397687 
-1.0872 0.0936426 0.129162 -0.681947 -0.848059 -0.832854 0.214336 -0.491546 -0.54657 -0.211909 -0.100516 -0.00269804 0.129096 0.674949 -0.107757 -0.506866 -0.0112305 -0.0165205 0.101863 0.61784 0.22523 0.934254 1.03022 0.625678 0.22085 0.405208 0.550466 -0.684692 0.542497 0.41365 
-1.01602 0.0735567 0.106412 -0.682652 -0.843599 -0.910166 0.240517 -0.489933 -0.587535 -0.226753 -0.121461 -0.000541223 0.12934 0.656651 -0.163436 -0.493825 -0.00770097 -0.0121169 0.121282 0.601789 0.232111 0.913527 0.969637 0.666622 0.318228 0.468796 0.552935 -0.689483 0.469627 0.484925 
-1.10117 0.0450221 0.142958 -0.673519 -0.931142 -0.872929 0.225168 -0.47656 -0.541729 -0.241362 -0.11795 0.0285422 0.138922 0.66713 -0.197079 -0.524181 0.0413833 -0.00906215 0.0274051 0.594659 0.184785 0.899913 1.0079 0.674294 0.26772 0.394377 0.545456 -0.661449 0.486914 0.409786 
-1.061 0.0856593 0.112641 -0.56992 -0.883634 -0.901716 0.319647 -0.417674 -0.546241 -0.173585 -0.0466814 0.0667311 0.14244 0.628346 -0.113072 -0.481375 0.0212208 -0.00686737 0.0984356 0.567093 0.313183 0.983252 1.04094 0.68287 0.354503 0.450577 0.51233 -0.656719 0.453903 0.399136 
-1.09176 0.108047 0.195881 -0.666372 -0.829191 -0.909511 0.257237 -0.438667 -0.553129 -0.269743 -0.0491427 0.0175276 0.17243 0.582315 -0.182438 -0.440549 0.0570182 -0.0409529 0.0567506 0.568266 0.237087 0.869306 0.976764 0.662793 0.19563 0.390242 0.526212 -0.72808 0.450817 0.423169 
-1.10956 0.064422 0.134694 -0.642438 -0.88575 -0.878753 0.250221 -0.452575 -0.57764 -0.260589 -0.109457 0.0801395 0.107444 0.604242 -0.164383 -0.478711 0.00471286 0.00937083 0.0656902 0.645098 0.227332 0.875395 1.01463 0.697386 0.224775 0.389181 0.583109 -0.68355 0.474752 0.421057 
-1.06751 0.0831225 0.120358 -0.639056 -0.866329 -0.843889 0.241746 -0.386104 -0.590708 -0.263356 -0.108428 0.0285599 0.128067 0.6352 -0.150157 -0.502717 -0.00530997 0.0443359 0.0771192 0.681967 0.237949 0.881902 0.993763 0.751254 0.215295 0.414762 0.556726 -0.730087 0.466176 0.428922 
-1.09352 0.0520886 0.133598 -0.684042 -0.899611 -0.856222 0.292124 -0.496554 -0.564271 -0.276684 -0.0819118 0.057511 0.116887 0.596229 -0.177703 -0.518168 -0.00508669 0.00426355 0.0416222 0.623341 0.218638 0.904575 1.01004 0.67585 0.256306 0.342528 0.519511 -0.733755 0.44343 0.394439 
-1.06909 0.0346247 0.115018 -0.660096 -0.894465 -0.852182 0.247278 -0.432288 -0.513144 -0.219417 -0.104098 -0.0333575 0.147765 0.632693 -0.126646 -0.532127 0.00275442 0.0376135 0.0959529 0.604129 0.206978 0.939871 0.996391 0.637244 0.272731 0.314816 0.546279 -0.69259 0.481613 0.395783 
-1.09456 0.0887966 0.117064 -0.641066 -0.867501 -0.889618 0.295632 -0.505394 -0.618177 -0.245144 -0.0944524 -0.00342685 0.154221 0.70927 -0.17979 -0.515551 0.0209066 -0.0380345 0.114807 0.562695 0.243884 0.961804 1.03459 0.671396 0.255274 0.487531 0.520128 -0.717983 0.475496 0.390719 
-1.08527 0.0887356 0.135341 -0.685268 -0.911119 -0.867569 0.21317 -0.440353 -0.571414 -0.210465 -0.0918707 0.038774 0.15524 0.649193 -0.185674 -0.509461 -0.0318906 0.0423194 0.0637953 0.593493 0.203716 0.918496 1.01494 0.658477 0.248385 0.356651 0.521831 -0.699763 0.505167 0.461317 
-1.10667 0.0598373 0.101846 -0.662179 -0.881468 -0.861093 0.250494 -0.493603 -0.618486 -0.224074 -0.0706286 0.023205 0.125428 0.672265 -0.185075 -0.502654 0.0358689 -0.0380238 0.120645 0.576936 0.230213 0.906158 1.03811 0.688541 0.268955 0.411015 0.595517 -0.667735 0.509398 0.439598 
-1.11487 0.0806041 0.105789 -0.643825 -0.845044 -0.845656 0.238075 -0.503894 -0.587257 -0.235787 -0.0731768 0.0288523 0.13648 0.645333 -0.148831 -0.518546 0.0236317 -0.0281022 0.111843 0.607428 0.232553 0.927843 1.01933 0.697898 0.267753 0.415721 0.520421 -0.693444 0.473601 0.426065 
-1.07907 0.0291028 0.0763166 -0.684376 -0.885311 -0.898622 0.274359 -0.505052 -0.570878 -0.21783 -0.128223 0.00352326 0.154989 0.655776 -0.157369 -0.49226 0.0535443 -0.0213156 0.0981477 0.56528 0.205308 0.977407 0.959293 0.681062 0.276388 0.386512 0.510053 -0.647642 0.534624 0.492511 
-1.1026 0.0550222 0.0647115 -0.628906 -0.903731 -0.820422 0.228175 -0.475742 -0.547901 -0.186426 -0.0884641 0.0547027 0.154914 0.707497 -0.139484 -0.522211 0.000124933 0.0481096 0.146776 0.606361 0.232998 0.916211 0.994347 0.651833 0.223517 0.475798 0.551931 -0.690594 0.434978 0.461051 
-1.06006 0.0512284 0.0865366 -0.647378 -0.871046 -0.839196 0.183066 -0.449594 -0.551887 -0.175734 -0.15477 -0.0185014 0.174011 0.642439 -0.171649 -0.45709 0.0245347 0.0242415 0.0953316 0.63924 0.211072 1.00763 1.04167 0.631087 0.220211 0.394758 0.502433 -0.659345 0.460136 0.486009 
-1.05392 0.0551823 0.105273 -0.691756 -0.887619 -0.916841 0.246525 -0.529709 -0.530272 -0.206921 -0.102896 0.0106032 0.178399 0.623732 -0.215017 -0.466754 0.0100418 0.0110532 0.0905696 0.560848 0.219896 0.94544 0.951395 0.664226 0.254635 0.396277 0.51503 -0.668763 0.480959 0.459341 
-1.08594 0.000218453 0.148872 -0.598826 -0.890119 -0.829982 0.266902 -0.441456 -0.563708 -0.281165 -0.1237 0.0174275 0.0707728 0.574438 -0.203407 -0.529475 0.000951572 0.0163524 0.0825161 0.646514 0.21372 0.836944 0.981057 0.745795 0.248878 0.333901 0.55813 -0.732468 0.464709 0.412384 
-1.06805 0.0523471 0.0843743 -0.645446 -0.894169 -0.849317 0.22034 -0.430341 -0.515664 -0.248496 -0.159312 -0.0436001 0.167412 0.673964 -0.189564 -0.520468 0.0545567 0.0298884 0.122031 0.621673 0.240182 0.981725 1.01516 0.688944 0.286307 0.363465 0.510388 -0.645258 0.446162 0.393251 
-1.06438 0.00439311 0.19231 -0.631242 -0.846469 -0.852718 0.349966 -0.52608 -0.527961 -0.195018 -0.0277161 -0.00651015 0.165519 0.555876 0.0120749 -0.523286 -0.000431175 -0.0365518 0.117247 0.591144 0.273034 1.03788 1.05533 0.747102 0.29439 0.433139 0.455191 -0.680343 0.418883 0.354448 
-1.07441 0.0705701 0.0930168 -0.68324 -0.907257 -0.883422 0.226155 -0.463774 -0.555843 -0.246942 -0.153126 -0.0191874 0.180977 0.65659 -0.143362 -0.509533 0.0548071 0.00605977 0.101982 0.595255 0.205191 0.965431 0.980485 0.677143 0.266803 0.369607 0.492902 -0.659082 0.489893 0.458438 
-1.07443 0.0539604 0.110743 -0.641317 -0.877638 -0.885981 0.28753 -0.505614 -0.567104 -0.183371 -0.0835324 0.0198468 0.12316 0.632326 -0.117733 -0.515223 -0.0436038 -0.0065627 0.088845 0.620837 0.242851 0.882011 1.0447 0.720391 0.239811 0.360621 0.56262 -0.724225 0.471931 0.422846 
-1.11453 0.0782669 0.111866 -0.67611 -0.861074 -0.832851 0.247674 -0.497358 -0.554829 -0.23798 -0.113493 0.0372292 0.14662 0.626026 -0.157287 -0.516908 0.0398755 -0.0131764 0.0682221 0.622162 0.236561 0.935157 1.00422 0.662229 0.254016 0.415598 0.583297 -0.659068 0.432115 0.496924 
-1.11593 0.0563685 0.141581 -0.612985 -0.860062 -0.861371 0.217573 -0.490315 -0.594462 -0.232616 -0.0317114 0.0568201 0.144717 0.658514 -0.0995222 -0.511362 0.047482 0.0121353 0.0427636 0.629618 0.218166 0.87889 1.0282 0.724921 0.234901 0.360277 0.594448 -0.68894 0.493153 0.372874 
-1.12493 0.0389983 0.151807 -0.599033 -0.870463 -0.854277 0.221639 -0.495954 -0.613225 -0.207208 -0.0474109 0.0330172 0.163649 0.666337 -0.11706 -0.518436 0.0274835 0.0146046 0.0370959 0.639929 0.194813 0.875965 1.04512 0.739033 0.212843 0.365337 0.579857 -0.668257 0.514829 0.386934 
-1.13884 0.0399031 0.121325 -0.599705 -0.855027 -0.878596 0.22225 -0.484867 -0.590685 -0.257513 -0.0427132 0.0781595 0.138498 0.652431 -0.102178 -0.530167 0.0736781 0.00422877 0.0172651 0.643326 0.196536 0.857608 1.0473 0.726421 0.241673 0.350701 0.613962 -0.69454 0.513952 0.375145 
-1.06693 0.0524196 0.139604 -0.684186 -0.844303 -0.852948 0.224615 -0.461419 -0.534747 -0.263052 -0.0867346 0.0315687 0.118121 0.645115 -0.172469 -0.511174 0.0206503 -0.0146646 0.0916158 0.614112 0.23081 0.909825 0.985552 0.653903 0.238344 0.441051 0.541033 -0.71182 0.493615 0.382417 
-1.09088 0.0340574 0.127985 -0.69413 -0.837377 -0.843123 0.245642 -0.437196 -0.51771 -0.25889 -0.0892174 0.011132 0.123626 0.670906 -0.154655 -0.496936 0.019397 -0.0221137 0.104056 0.603617 0.248734 0.887103 0.980189 0.662444 0.218253 0.45914 0.547842 -0.726433 0.484855 0.397902 
-1.0917 0.0787985 0.13386 -0.671116 -0.826788 -0.833216 0.226545 -0.480731 -0.542647 -0.264109 -0.0869602 0.0421861 0.133336 0.663842 -0.184502 -0.512203 0.0420286 -0.0351142 0.0798893 0.603476 0.237011 0.92495 0.974297 0.660136 0.235008 0.441648 0.541243 -0.708125 0.483793 0.357817 
-1.06414 0.0949179 0.0875115 -0.574079 -0.856082 -0.899376 0.343482 -0.412133 -0.556829 -0.173163 -0.0707148 0.0521147 0.110641 0.603118 -0.11061 -0.485373 0.0222663 -0.020528 0.0994206 0.590827 0.337401 0.958887 1.04144 0.719367 0.35422 0.483437 0.515153 -0.680313 0.461085 0.384271 
-1.07718 0.0879582 0.0761239 -0.579479 -0.877084 -0.890488 0.353657 -0.40563 -0.539683 -0.174702 -0.081879 0.0729883 0.133479 0.598692 -0.0843039 -0.500668 0.00734136 -0.0300845 0.117933 0.575977 0.310886 0.950477 1.02683 0.701273 0.336717 0.478331 0.523811 -0.670173 0.471521 0.407719 
-1.06103 0.0779886 0.0813369 -0.571376 -0.855645 -0.885996 0.356896 -0.400628 -0.534656 -0.18123 -0.0828665 0.0558075 0.105181 0.608843 -0.126283 -0.476256 0.0270276 -0.0175283 0.108722 0.610826 0.333302 0.950503 1.04781 0.699392 0.341561 0.473571 0.511828 -0.662547 0.472797 0.392964 
-1.07165 0.0166644 0.0865192 -0.685575 -0.873382 -0.840161 0.242304 -0.46755 -0.48907 -0.255451 -0.0500873 0.0490152 0.15359 0.628246 -0.167352 -0.518446 0.000937079 0.00481756 0.0552519 0.636774 0.235269 0.940828 0.96297 0.694283 0.252459 0.371957 0.50493 -0.68138 0.444616 0.486227 
-1.08745 -0.00474639 0.101446 -0.710878 -0.852147 -0.840867 0.224121 -0.470175 -0.499565 -0.228924 -0.0510762 0.0565635 0.155166 0.639507 -0.193555 -0.517635 0.0147594 0.0240557 0.0718808 0.649325 0.250659 0.924342 0.94088 0.671125 0.247899 0.37115 0.515037 -0.678071 0.462998 0.488113 
-1.06746 0.00798491 0.0671216 -0.669319 -0.87965 -0.849159 0.22261 -0.459321 -0.464339 -0.272328 -0.0665973 0.0227066 0.175043 0.625264 -0.18256 -0.541022 0.0119328 0.00865892 0.0636257 0.616211 0.246387 0.965203 0.969238 0.690391 0.249863 0.358658 0.501535 -0.655192 0.471181 0.470953 
-1.06063 0.0561009 0.130578 -0.617902 -0.900151 -0.865108 0.296462 -0.51668 -0.520984 -0.161677 -0.0434006 0.0203112 0.141377 0.643531 -0.120174 -0.510583 -0.0106674 -0.0293857 0.103929 0.575874 0.261075 0.906658 1.00487 0.684772 0.249834 0.372934 0.566777 -0.746901 0.473849 0.417981 
-1.05542 0.0323205 0.110991 -0.622279 -0.879159 -0.855142 0.297943 -0.502694 -0.503124 -0.156392 -0.0621682 0.00439275 0.138819 0.658936 -0.112455 -0.503754 -0.0365515 -0.0248734 0.119812 0.590374 0.269131 0.927888 0.987966 0.673489 0.258072 0.395026 0.585823 -0.754071 0.488116 0.442847 
-1.05621 0.0582805 0.118003 -0.609211 -0.915911 -0.849715 0.291232 -0.538816 -0.534506 -0.168298 -0.0235914 0.0183372 0.149989 0.654338 -0.142109 -0.518538 -0.0273057 -0.049921 0.112963 0.588012 0.279751 0.911553 1.01709 0.697179 0.274965 0.367714 0.57779 -0.727222 0.470297 0.398951 
-1.07041 0.107504 0.129023 -0.61581 -0.919373 -0.875398 0.331553 -0.51099 -0.542233 -0.176895 -0.0534753 0.0338244 0.161394 0.635279 -0.112893 -0.478112 -0.0356982 0.00155564 0.0621137 0.521622 0.2548 0.887704 0.995138 0.711587 0.250325 0.363727 0.547462 -0.724079 0.460862 0.391195 
-1.06287 0.0853691 0.147967 -0.591514 -0.938317 -0.897927 0.344993 -0.499656 -0.555822 -0.181707 -0.0470404 0.0265239 0.177572 0.653974 -0.125228 -0.483484 -0.0296014 -0.0228541 0.0718606 0.540868 0.234501 0.896054 0.976382 0.700689 0.248149 0.359401 0.553967 -0.71792 0.475988 0.405344 
-1.08337 0.114835 0.12709 -0.640298 -0.904959 -0.900955 0.332837 -0.5293 -0.562948 -0.174468 -0.0273811 0.057114 0.149242 0.628677 -0.106178 -0.451608 -0.0287063 -0.0203711 0.0716077 0.531226 0.275684 0.878743 0.983467 0.713261 0.276502 0.380041 0.540911 -0.708998 0.482464 0.412627 
-1.06558 0.0755134 0.0656847 -0.5533 -0.856364 -0.89424 0.342352 -0.389666 -0.575854 -0.198546 -0.0482097 0.034455 0.108648 0.580092 -0.124644 -0.507125 0.00131709 -0.0377078 0.0963375 0.582347 0.330725 0.940299 1.03779 0.729762 0.372902 0.491656 0.488918 -0.670223 0.485487 0.38029 
-1.05682 0.0505176 0.0507615 -0.532517 -0.867648 -0.872619 0.316437 -0.390843 -0.564226 -0.220498 -0.039802 0.0190144 0.125448 0.575035 -0.108404 -0.510351 -0.0243004 -0.0318165 0.0703442 0.561112 0.337723 0.943557 1.03362 0.746402 0.382932 0.505848 0.472674 -0.659586 0.47407 0.374523 
-1.0706 0.0823884 0.0859448 -0.528305 -0.870972 -0.873519 0.339131 -0.379807 -0.580811 -0.185747 -0.0363778 0.0470632 0.123682 0.563934 -0.105424 -0.519285 0.012199 -0.0325059 0.0827626 0.594592 0.344907 0.917778 1.0295 0.71304 0.380937 0.515512 0.498413 -0.672295 0.464444 0.386587 
-1.10442 0.0907016 0.135173 -0.656969 -0.912197 -0.843856 0.272309 -0.389646 -0.545373 -0.297296 -0.0829501 0.0945065 0.155288 0.579161 -0.146009 -0.540106 0.0784739 -0.0414867 0.0897934 0.69245 0.28446 0.831445 1.05886 0.697505 0.201293 0.360415 0.543421 -0.738186 0.49788 0.530833 
-1.07975 0.06674 0.119412 -0.637901 -0.923811 -0.820775 0.297958 -0.406393 -0.560287 -0.279563 -0.104024 0.0986973 0.131 0.562444 -0.169854 -0.541434 0.0876302 -0.0182714 0.0889878 0.694086 0.290354 0.813284 1.03678 0.71244 0.175965 0.365844 0.566691 -0.740075 0.479066 0.5183 
-1.12537 0.0841327 0.142367 -0.64398 -0.905529 -0.867148 0.279256 -0.3642 -0.551019 -0.282202 -0.0721654 0.0757299 0.165957 0.596544 -0.165828 -0.551695 0.0524422 -0.0463738 0.0787158 0.703903 0.308189 0.85623 1.06919 0.673246 0.181228 0.334484 0.518552 -0.746399 0.495593 0.519662 
-1.11263 0.0583601 0.106512 -0.632359 -0.854622 -0.873514 0.275025 -0.444314 -0.558295 -0.244821 -0.0676315 0.024655 0.151542 0.657523 -0.12951 -0.499489 -0.00784567 -0.0437088 0.138358 0.546134 0.21484 0.917742 1.01683 0.679035 0.239039 0.479848 0.528413 -0.738088 0.513497 0.449366 
-1.12368 0.0376259 0.0929345 -0.634786 -0.835684 -0.882286 0.299017 -0.452694 -0.548646 -0.269671 -0.058966 0.0250283 0.171964 0.671272 -0.118254 -0.479806 -0.00855437 -0.070069 0.132625 0.566485 0.200748 0.926944 1.01266 0.661371 0.222701 0.492176 0.511662 -0.748738 0.487528 0.44333 
-1.10056 0.044924 0.113988 -0.610676 -0.8526 -0.875171 0.274673 -0.457098 -0.55508 -0.244532 -0.0903244 0.0183419 0.174789 0.674715 -0.110722 -0.473429 0.0078438 -0.0622496 0.112847 0.558008 0.195731 0.92321 1.03199 0.675807 0.263223 0.458039 0.516653 -0.732844 0.498304 0.464603 
-1.1134 0.0806477 0.125912 -0.661991 -0.871472 -0.868787 0.253398 -0.474429 -0.595709 -0.226897 -0.073904 0.0332234 0.140943 0.65255 -0.159459 -0.514349 0.0164368 -0.0380308 0.103992 0.603014 0.239636 0.928882 1.03645 0.684593 0.252428 0.46614 0.59053 -0.683458 0.515834 0.450832 
-1.11311 0.101055 0.150956 -0.637731 -0.85637 -0.859627 0.25152 -0.45211 -0.601475 -0.217752 -0.0548217 0.0298507 0.159927 0.645117 -0.171833 -0.501029 0.0378941 -0.0372226 0.0943401 0.58266 0.237834 0.943993 1.01956 0.678876 0.233515 0.478159 0.575013 -0.661174 0.526158 0.463827 
-1.11416 0.0698247 0.120107 -0.668494 -0.846247 -0.893083 0.278896 -0.454478 -0.606517 -0.230725 -0.0740776 0.0449842 0.140751 0.659191 -0.148412 -0.522862 0.0165272 -0.0227965 0.107617 0.624779 0.264944 0.910408 1.01547 0.677161 0.249177 0.446945 0.612824 -0.704636 0.512188 0.439707 
-1.08613 0.0775042 0.089863 -0.604491 -0.859263 -0.862133 0.308173 -0.480516 -0.589273 -0.224537 -0.0325781 0.0545306 0.122471 0.65748 -0.104769 -0.485391 0.0278005 -0.00442216 0.0574302 0.625553 0.301884 0.931135 1.03421 0.719965 0.326465 0.360549 0.574925 -0.688788 0.474507 0.381838 
-1.10797 0.0877185 0.132485 -0.661894 -0.91015 -0.854609 0.270113 -0.457982 -0.563249 -0.25647 -0.0778542 0.0919595 0.154568 0.650179 -0.146846 -0.536297 0.0331023 -0.0390902 0.0951145 0.672555 0.267897 0.915223 1.05506 0.692488 0.233488 0.405243 0.572527 -0.732956 0.504688 0.489133 
-1.08097 0.0916996 0.128719 -0.627445 -0.900476 -0.874762 0.284419 -0.510335 -0.547864 -0.217366 -0.0557299 0.0337874 0.156626 0.635287 -0.150374 -0.482476 -0.00915832 -0.0129654 0.0897787 0.547966 0.244295 0.913636 0.998924 0.689033 0.252204 0.42104 0.555842 -0.716268 0.495657 0.450195 
-1.11413 0.0571778 0.122787 -0.62653 -0.858785 -0.86752 0.236571 -0.483134 -0.588089 -0.241448 -0.0485947 0.0331996 0.149305 0.658167 -0.123083 -0.499844 0.00590601 0.00256667 0.0523598 0.62503 0.21815 0.903929 1.02299 0.721889 0.23559 0.435481 0.551581 -0.704367 0.498713 0.432819 
-1.10911 0.0562137 0.134063 -0.617794 -0.882195 -0.864562 0.288644 -0.502238 -0.559099 -0.183677 -0.0327613 0.046848 0.142968 0.644276 -0.102588 -0.510838 0.000996069 0.0020595 0.0487373 0.579284 0.219974 0.893829 1.01654 0.707809 0.244442 0.372188 0.591097 -0.745606 0.483333 0.409345 
-1.09089 0.0562338 0.134635 -0.614275 -0.86456 -0.862097 0.295575 -0.508062 -0.567882 -0.214317 -0.0414355 0.0366939 0.144552 0.646581 -0.10489 -0.510943 0.000264999 0.00970254 0.0651052 0.608799 0.228318 0.890457 1.01998 0.709235 0.246578 0.372146 0.592844 -0.72638 0.492304 0.386471 
-1.09133 0.0909347 0.126845 -0.651202 -0.873856 -0.870569 0.304996 -0.478508 -0.568733 -0.212805 -0.0690767 0.0334007 0.154954 0.643641 -0.14591 -0.50109 -0.02896 -0.014736 0.0843743 0.575702 0.247246 0.90087 1.03337 0.698073 0.250702 0.385715 0.558184 -0.696281 0.477716 0.433897 
-1.0709 0.072831 0.0766355 -0.573706 -0.865655 -0.88898 0.309454 -0.402719 -0.534188 -0.25336 -0.0482706 0.0473828 0.137075 0.584003 -0.126536 -0.513477 0.00102659 -0.00454973 0.0808967 0.623605 0.317044 0.940735 1.02262 0.705102 0.283944 0.439309 0.497657 -0.680518 0.474333 0.402832 
-1.11395 0.0566427 0.108445 -0.618195 -0.85618 -0.863309 0.234788 -0.488318 -0.586788 -0.236851 -0.0527427 0.0288082 0.145536 0.657649 -0.103222 -0.506786 0.035598 -0.0132554 0.0956871 0.597422 0.215902 0.902308 1.02604 0.720966 0.236152 0.443829 0.557961 -0.704238 0.506087 0.422257 
-1.10471 0.090676 0.126979 -0.647936 -0.896665 -0.871038 0.274212 -0.402012 -0.553117 -0.287694 -0.077167 0.0307264 0.154979 0.645864 -0.137496 -0.52989 0.0246652 -0.0429047 0.0903388 0.609227 0.218293 0.882519 1.04559 0.688636 0.225212 0.364838 0.533189 -0.73814 0.501737 0.525204 
-1.08912 0.0643616 0.136696 -0.5753 -0.857425 -0.86643 0.31357 -0.460091 -0.580534 -0.231251 -0.0640664 0.0527306 0.127591 0.608907 -0.0998431 -0.48557 0.0224014 0.00597422 0.055618 0.619728 0.326365 0.942694 1.03837 0.722206 0.286721 0.420447 0.545776 -0.68634 0.483171 0.380616 
-1.07434 0.0943352 0.0877739 -0.584862 -0.854891 -0.874353 0.341114 -0.439819 -0.557666 -0.199317 -0.0706926 0.0301402 0.146963 0.623449 -0.120691 -0.488929 0.00717504 -0.0436581 0.117479 0.563775 0.335203 0.93629 1.03458 0.710716 0.342429 0.482567 0.51671 -0.736737 0.502963 0.435342 
-1.08788 0.0885043 0.127562 -0.648592 -0.877824 -0.875139 0.308198 -0.476736 -0.570006 -0.195168 -0.0719763 0.0335731 0.153292 0.645475 -0.116988 -0.47964 -0.00983303 -0.0202243 0.0815726 0.53852 0.247771 0.901468 1.03412 0.704238 0.252259 0.369082 0.551176 -0.692467 0.51202 0.446879 
-1.06487 0.0562694 0.139106 -0.617328 -0.874138 -0.863687 0.287352 -0.5076 -0.56478 -0.183115 -0.0412726 0.0239177 0.142246 0.650405 -0.101254 -0.51074 0.0445357 -0.00296114 0.0573703 0.602649 0.235588 0.90369 1.02524 0.704197 0.241918 0.364592 0.576853 -0.742512 0.475589 0.400486 
-1.08442 0.0911189 0.112359 -0.574506 -0.863913 -0.845131 0.280064 -0.392904 -0.553425 -0.201601 -0.0775782 0.0700973 0.133601 0.580916 -0.123395 -0.498651 0.0557933 -0.0320117 0.0950894 0.617326 0.30455 0.894425 1.0467 0.70024 0.316417 0.40959 0.535267 -0.689772 0.494752 0.480788 
-1.06853 0.059631 0.135624 -0.672907 -0.913226 -0.861048 0.233333 -0.469019 -0.53578 -0.231015 -0.0700716 0.0327881 0.158483 0.644214 -0.164965 -0.497483 0.0106641 -0.0141621 0.0729704 0.569115 0.24473 0.890574 0.988343 0.680081 0.241509 0.36773 0.545213 -0.716738 0.46516 0.382583 
-1.06533 0.018169 0.102534 -0.643524 -0.894879 -0.850323 0.289694 -0.508279 -0.509535 -0.234775 -0.0436879 0.0422853 0.142837 0.631103 -0.132125 -0.514509 -0.0105126 -0.023376 0.0784399 0.627137 0.251544 0.912175 0.977511 0.68731 0.250543 0.372262 0.530673 -0.710549 0.464575 0.477355 
-1.0622 0.0600311 0.105851 -0.605755 -0.863725 -0.89408 0.306536 -0.435434 -0.530255 -0.163753 -0.0673379 0.0514854 0.113169 0.627171 -0.11471 -0.502584 -0.000509407 -0.0252552 0.102616 0.589322 0.275264 0.923869 1.03855 0.692436 0.299673 0.419443 0.555664 -0.700462 0.46605 0.400697 
-1.10097 0.0745488 0.103172 -0.623685 -0.854987 -0.885928 0.292206 -0.428527 -0.557037 -0.174162 -0.0703195 0.0339674 0.121803 0.622877 -0.127449 -0.493937 0.0134339 -0.0249847 0.108816 0.565877 0.297782 0.944384 1.0246 0.715122 0.276825 0.480086 0.517819 -0.707762 0.485142 0.391385 
-1.10878 0.0773884 0.130923 -0.614275 -0.890828 -0.861884 0.261991 -0.494625 -0.59149 -0.203314 -0.0472287 0.0496343 0.158954 0.654298 -0.105639 -0.501132 -0.02916 0.00970319 0.0579316 0.584004 0.244961 0.882213 1.00619 0.71217 0.237854 0.362466 0.594039 -0.689131 0.485521 0.375038 
