-1.07849 0.104022 0.146821 -0.694981 -0.900895 -0.84658 0.189037 -0.431266 -0.592844 -0.235317 -0.09576 0.0305642 0.134385 0.630881 -0.17225 -0.508938 -0.0580841 0.0304673 0.0816905 0.607521 0.218203 0.894701 1.03855 0.655307 0.26295 0.347262 0.499881 -0.688088 0.530239 0.443531 
-1.08299 0.0494518 0.153667 -0.659072 -0.923734 -0.874697 0.239017 -0.460568 -0.558372 -0.216743 -0.126567 0.00746333 0.152014 0.657387 -0.213049 -0.533521 0.0512293 0.00459074 0.0529678 0.613646 0.211586 0.88103 0.992413 0.652083 0.279142 0.377512 0.550116 -0.66705 0.492582 0.432013 
-1.05432 0.0539701 0.157368 -0.651569 -0.838584 -0.874256 0.240169 -0.448745 -0.532589 -0.273696 -0.107763 0.00373711 0.152755 0.686644 -0.173256 -0.48962 0.00408589 0.0271386 0.073085 0.659486 0.201945 0.906533 0.963657 0.715892 0.208344 0.488301 0.550801 -0.698486 0.513985 0.401224 
-1.09722 0.116885 0.115862 -0.649377 -0.880655 -0.86551 0.325702 -0.486917 -0.587683 -0.209632 -0.0468488 0.0111514 0.139644 0.653679 -0.12372 -0.515842 -0.0236088 0.00486678 0.0617905 0.58023 0.234388 0.913969 1.01079 0.717329 0.238085 0.38511 0.584551 -0.69534 0.503463 0.435909 
-1.07398 0.0321108 0.0855023 -0.670812 -0.87902 -0.909907 0.22483 -0.541992 -0.506191 -0.210939 -0.115788 0.0315273 0.189332 0.635359 -0.228996 -0.455588 -0.0158915 -0.000752781 0.0762257 0.578846 0.216078 0.933803 0.958205 0.647323 0.280933 0.394239 0.496888 -0.692182 0.471431 0.460205 
-1.06863 0.0474535 0.150369 -0.717394 -0.823475 -0.820769 0.2499 -0.437603 -0.526129 -0.240553 -0.0930928 0.0334958 0.118274 0.690508 -0.139643 -0.513881 -0.000879187 -0.00797424 0.11933 0.616298 0.2542 0.866261 0.956358 0.649104 0.201461 0.452124 0.559312 -0.748368 0.474578 0.402932 
-1.07344 0.0767295 0.0932126 -0.622912 -0.870754 -0.865221 0.290361 -0.528939 -0.561245 -0.182561 -0.0736959 0.0197222 0.098568 0.619199 -0.107811 -0.518687 -0.0210593 -0.0100708 0.0666254 0.595405 0.228815 0.868169 1.05948 0.743198 0.231932 0.343802 0.561431 -0.729325 0.456305 0.414098 
-1.11411 0.077099 0.135404 -0.604582 -0.889923 -0.866752 0.247698 -0.508603 -0.616547 -0.22747 -0.0641948 0.0227956 0.157873 0.638118 -0.126326 -0.500913 -0.0488719 0.0207725 0.0332251 0.563324 0.238823 0.876169 1.00649 0.706686 0.253488 0.389053 0.595741 -0.664007 0.510713 0.359712 
-1.0375 0.0787073 0.110986 -0.702151 -0.842574 -0.910582 0.222594 -0.509584 -0.586253 -0.211847 -0.131746 0.0092834 0.139582 0.659664 -0.147943 -0.489918 -0.0019802 0.00498807 0.128592 0.597611 0.23986 0.912212 0.958015 0.646324 0.342721 0.489211 0.565426 -0.695431 0.486076 0.458526 
-1.07832 0.0985064 0.0790466 -0.673525 -0.917264 -0.801378 0.26578 -0.481486 -0.531722 -0.237906 -0.043583 0.0367867 0.151825 0.676482 -0.0967338 -0.528025 0.0129555 0.0184994 0.0926779 0.562187 0.250343 0.962667 0.989331 0.677933 0.319623 0.435842 0.544841 -0.669945 0.495064 0.430735 
-1.11483 0.091419 0.169118 -0.662354 -0.850966 -0.894978 0.234859 -0.448258 -0.544543 -0.292057 -0.0245049 0.0386963 0.184098 0.602409 -0.181473 -0.433703 0.0800875 -0.0349076 0.0668454 0.567154 0.252723 0.891463 0.971709 0.665922 0.219753 0.366288 0.551115 -0.754809 0.467707 0.41861 
-1.13484 0.0234111 0.142747 -0.590034 -0.860246 -0.871795 0.213706 -0.508227 -0.598897 -0.227526 -0.0338058 0.0390414 0.149031 0.667747 -0.0993644 -0.538672 0.0513548 -0.00415094 0.0165671 0.615463 0.202412 0.867016 1.05837 0.729225 0.228963 0.360817 0.555032 -0.666523 0.513539 0.405865 
-1.09058 0.0574152 0.11774 -0.615618 -0.863135 -0.864494 0.255121 -0.47181 -0.577436 -0.256423 -0.0551546 0.0238924 0.156053 0.660225 -0.0818386 -0.510495 0.0214048 -0.0260951 0.111823 0.592194 0.220751 0.921635 1.01723 0.696693 0.24291 0.469823 0.542265 -0.717623 0.508275 0.420884 
-1.09395 0.0421498 0.0589743 -0.659085 -0.889907 -0.923455 0.258716 -0.48182 -0.597006 -0.215115 -0.103515 -0.00683578 0.150701 0.629939 -0.162277 -0.485689 0.0776792 -0.0457083 0.078353 0.583091 0.185257 0.999026 0.955993 0.692825 0.26169 0.410541 0.52076 -0.651417 0.558632 0.471141 
-1.05796 0.0750481 0.0921137 -0.644461 -0.85454 -0.917692 0.26509 -0.448973 -0.583491 -0.22953 -0.104048 0.034349 0.173056 0.686715 -0.157171 -0.453334 0.015317 0.0305598 0.111273 0.609033 0.22884 0.938088 0.987109 0.666784 0.193052 0.457556 0.513235 -0.712143 0.499887 0.430484 
-1.05268 0.0882613 0.0997054 -0.636309 -0.868138 -0.881846 0.316757 -0.455006 -0.573421 -0.165673 -0.0855193 0.0636231 0.0813469 0.669041 -0.0728801 -0.483124 -0.0296015 -0.0249044 0.11162 0.596732 0.29044 0.886162 1.00163 0.730686 0.257606 0.391726 0.538371 -0.758167 0.437933 0.470126 
-1.0574 0.0243668 0.133148 -0.725704 -0.847514 -0.804781 0.323624 -0.451935 -0.550333 -0.264622 -0.150678 -0.0164522 0.115728 0.620411 -0.146404 -0.48994 0.0133662 -0.0137837 0.092089 0.597057 0.270671 0.896962 0.98096 0.670053 0.220172 0.378873 0.484981 -0.6742 0.438401 0.442342 
-1.08248 0.074311 0.0576412 -0.55583 -0.85027 -0.864871 0.370509 -0.384684 -0.529772 -0.161754 -0.0898476 0.063445 0.0866168 0.592262 -0.139321 -0.474409 0.00129306 -0.00810353 0.129421 0.635889 0.32968 0.932671 1.03525 0.721321 0.342315 0.486146 0.51103 -0.655366 0.451743 0.409744 
-1.08673 0.0774689 0.104489 -0.638156 -0.918663 -0.876993 0.281276 -0.443136 -0.53492 -0.287583 -0.078053 0.0416246 0.146098 0.654348 -0.181549 -0.50324 -0.0304047 0.0137129 0.0437161 0.588943 0.218732 0.909083 0.974311 0.702869 0.228617 0.376763 0.551885 -0.741445 0.455269 0.414866 
-1.0774 0.0951674 0.107074 -0.669683 -0.872743 -0.820246 0.25382 -0.510237 -0.55812 -0.244251 -0.113414 -0.00502283 0.116334 0.623979 -0.129937 -0.483688 0.0505892 0.0295762 0.167028 0.643358 0.201831 0.894464 1.04302 0.635067 0.276488 0.444289 0.529449 -0.657435 0.485976 0.46249 
-1.10155 0.093226 0.146943 -0.656813 -0.88642 -0.888568 0.281873 -0.494389 -0.622711 -0.217958 -0.0892658 0.0518562 0.10113 0.650316 -0.146066 -0.522917 0.00276366 -0.0943423 0.108141 0.649903 0.224371 0.917726 1.00746 0.717704 0.228832 0.434753 0.537827 -0.639387 0.505393 0.515202 
-1.08416 0.0536163 0.104635 -0.590189 -0.850539 -0.839073 0.33055 -0.47255 -0.572535 -0.24413 -0.0195283 0.0488515 0.122794 0.672644 -0.105513 -0.488112 0.0379605 0.000754418 0.0721174 0.630646 0.306014 0.925103 1.03209 0.734191 0.351564 0.367284 0.592649 -0.690839 0.478769 0.405579 
-1.09307 0.10102 0.10314 -0.647691 -0.890677 -0.910459 0.27357 -0.49251 -0.599137 -0.266078 -0.086683 -0.0132174 0.177042 0.733829 -0.156132 -0.520859 0.0298033 -0.0609924 0.107371 0.571293 0.227388 0.959794 1.02472 0.697063 0.233574 0.499458 0.541924 -0.718528 0.476679 0.389678 
-1.05592 0.0997592 0.127417 -0.624558 -0.84781 -0.851896 0.246097 -0.363197 -0.588737 -0.242908 -0.0854678 0.0429744 0.153157 0.640109 -0.172737 -0.523224 0.015767 0.0190558 0.0554706 0.674172 0.214968 0.892347 0.994197 0.776297 0.199138 0.399551 0.560524 -0.723661 0.44366 0.408177 
-1.07116 0.0555135 0.12067 -0.685554 -0.907056 -0.824873 0.186835 -0.469811 -0.576071 -0.188583 -0.180991 0.018653 0.11857 0.637751 -0.155527 -0.459399 0.0276798 0.0130081 0.118732 0.561624 0.217753 0.936927 0.99538 0.652653 0.245246 0.392885 0.534638 -0.657494 0.463046 0.432984 
-1.1031 0.0708109 0.120109 -0.642043 -0.879503 -0.884685 0.28581 -0.431152 -0.559366 -0.15309 -0.053449 0.034142 0.104727 0.647939 -0.151445 -0.468908 0.0162339 -0.0360477 0.105424 0.560559 0.317421 0.958104 1.03444 0.689717 0.297686 0.474023 0.519835 -0.734207 0.469191 0.383967 
-1.03667 0.0522286 0.135456 -0.608252 -0.919288 -0.879564 0.288178 -0.539825 -0.507751 -0.174269 -0.0197681 0.0357407 0.123769 0.654741 -0.100904 -0.4894 -0.00169789 -0.0223638 0.117514 0.581504 0.25749 0.919203 1.02013 0.680537 0.243874 0.398964 0.564977 -0.727402 0.49578 0.438077 
-1.10863 0.0692939 0.131788 -0.739878 -0.922069 -0.867881 0.278497 -0.464906 -0.580831 -0.179449 -0.0364219 0.0692312 0.125851 0.68413 -0.190626 -0.542356 0.0227004 -0.00620933 0.090512 0.572789 0.251952 0.963625 1.02092 0.725666 0.238091 0.425434 0.601655 -0.685826 0.494391 0.507714 
-1.10283 0.080417 0.149043 -0.588984 -0.853807 -0.85916 0.324963 -0.463066 -0.558284 -0.208627 -0.0754941 0.0561839 0.136615 0.621257 -0.0940541 -0.484846 -0.00128385 -0.00251485 0.0695206 0.607832 0.310703 0.944483 1.03001 0.732876 0.274847 0.404198 0.565508 -0.693805 0.479948 0.369021 
-1.13009 0.0749456 0.086946 -0.660817 -0.825971 -0.85775 0.260117 -0.52341 -0.592562 -0.261326 -0.0799276 0.049266 0.120133 0.632566 -0.137274 -0.533634 0.0077995 -0.0512318 0.111358 0.62121 0.248957 0.930937 0.998001 0.699652 0.272838 0.405717 0.52708 -0.715826 0.48816 0.432075 
-1.07895 0.070042 0.130541 -0.645886 -0.941554 -0.81674 0.289378 -0.380259 -0.559179 -0.30459 -0.113887 0.121033 0.148842 0.536845 -0.190815 -0.557111 0.108605 -0.000557973 0.0647894 0.71189 0.302752 0.831043 1.01567 0.703244 0.182474 0.345463 0.580938 -0.75547 0.472582 0.530193 
-1.12416 0.0379539 0.16425 -0.634297 -0.856347 -0.88695 0.203495 -0.48814 -0.61436 -0.247284 -0.0361276 0.0592399 0.120306 0.685219 -0.0937687 -0.504263 0.0261269 0.0274658 0.0612024 0.625916 0.213027 0.893877 1.04553 0.715635 0.2497 0.346908 0.582356 -0.664691 0.486134 0.391797 
-1.07014 0.0472061 0.147551 -0.606171 -0.885643 -0.925811 0.202068 -0.502038 -0.599507 -0.203375 -0.0799794 0.0305195 0.177668 0.618793 -0.225682 -0.533213 -0.0103017 0.0522149 0.0708904 0.56792 0.220738 0.944097 1.00653 0.645564 0.199735 0.339699 0.495577 -0.628544 0.48081 0.486698 
-1.12226 0.0787292 0.115398 -0.629784 -0.868242 -0.883835 0.216023 -0.487389 -0.576365 -0.251474 -0.0262457 0.0480727 0.155727 0.674462 -0.100345 -0.491978 0.0267739 0.0157027 0.0539207 0.649244 0.228096 0.904146 1.03593 0.721899 0.254158 0.458012 0.545439 -0.697191 0.519223 0.433006 
-1.13301 0.094889 0.133404 -0.680406 -0.854581 -0.85094 0.22785 -0.482 -0.577697 -0.231211 -0.0583394 0.0265421 0.162387 0.638704 -0.17913 -0.529478 0.0196932 -0.0401076 0.114388 0.593963 0.238874 0.947765 1.05258 0.6985 0.231578 0.448993 0.591406 -0.691305 0.496534 0.442265 
-1.08173 0.0658965 0.142749 -0.630106 -0.872053 -0.858988 0.296442 -0.394787 -0.570542 -0.30609 -0.0537979 0.0231139 0.164609 0.655343 -0.144853 -0.547633 0.0102033 -0.0392156 0.100115 0.594849 0.211093 0.879952 1.0669 0.698382 0.231071 0.357809 0.509247 -0.726321 0.515407 0.551174 
-1.09001 0.0626198 0.0665406 -0.659251 -0.859383 -0.867304 0.296729 -0.474354 -0.534137 -0.185785 -0.0926699 0.0197465 0.145575 0.593782 -0.124251 -0.471096 0.0287303 -0.0173889 0.0786986 0.579705 0.317115 0.91393 1.02697 0.680431 0.285917 0.509044 0.5053 -0.693721 0.515701 0.451076 
-1.05202 0.0659556 0.066468 -0.682097 -0.919102 -0.875547 0.244752 -0.458512 -0.552601 -0.223095 -0.151828 -0.0184327 0.159509 0.675389 -0.122208 -0.52793 0.0565601 0.0240384 0.11924 0.588551 0.209928 0.947661 0.993536 0.65843 0.264125 0.38859 0.506708 -0.643703 0.473384 0.466488 
-1.09904 0.0828872 0.087186 -0.599888 -0.873314 -0.83328 0.257524 -0.389616 -0.572685 -0.221226 -0.0834839 0.071304 0.119813 0.568598 -0.122613 -0.472813 0.0582666 -0.0282374 0.0986569 0.635557 0.284173 0.914332 1.05237 0.71505 0.323553 0.422887 0.532156 -0.669349 0.502542 0.507114 
-1.09419 0.0910177 0.0749286 -0.539683 -0.89028 -0.871048 0.326262 -0.405335 -0.605381 -0.202749 -0.0330185 0.0566143 0.0984662 0.549821 -0.10365 -0.500989 -0.00480997 -0.0351056 0.099589 0.580872 0.365896 0.90368 1.01772 0.69351 0.366016 0.511704 0.496081 -0.681551 0.449548 0.397969 
-1.11271 0.0360815 0.106584 -0.627401 -0.827928 -0.859368 0.26201 -0.445301 -0.579105 -0.27121 -0.0962752 0.0027502 0.196528 0.658453 -0.122136 -0.471485 -0.0181415 -0.0879489 0.0863972 0.572743 0.21439 0.929149 1.01437 0.700375 0.246954 0.48203 0.497564 -0.735364 0.478664 0.446326 
-1.08941 0.0629469 0.0811744 -0.653305 -0.856259 -0.880525 0.276635 -0.433234 -0.547896 -0.240932 -0.0645732 0.0242695 0.148765 0.643959 -0.133329 -0.525714 0.0124587 -0.0340931 0.112001 0.541602 0.235849 0.901694 1.03315 0.664746 0.236411 0.465818 0.516887 -0.729893 0.493231 0.426781 
-1.10096 0.0810379 0.1347 -0.676546 -0.928313 -0.823739 0.295895 -0.396771 -0.531961 -0.30641 -0.0918465 0.110128 0.149803 0.574996 -0.129006 -0.537908 0.0988968 -0.0679151 0.097603 0.715454 0.293178 0.852014 1.06789 0.704832 0.197421 0.373687 0.557023 -0.712376 0.505077 0.5178 
-1.06642 0.0961284 0.135284 -0.641688 -0.868384 -0.862112 0.305806 -0.490114 -0.570899 -0.217299 -0.0738342 0.026323 0.159914 0.637886 -0.141852 -0.468637 -0.0201179 -0.00366001 0.0925972 0.514878 0.270303 0.877218 1.04449 0.696 0.247076 0.366665 0.54598 -0.697941 0.526209 0.441568 
-1.08247 0.0216149 0.118105 -0.618454 -0.888248 -0.833623 0.276658 -0.492472 -0.525421 -0.213412 -0.0430146 0.0200624 0.15368 0.652749 -0.111665 -0.506909 -0.013906 -0.0221584 0.0926103 0.625581 0.232983 0.89686 0.986579 0.699887 0.275449 0.349031 0.526004 -0.685006 0.456545 0.469667 
-1.03903 0.0906163 0.139662 -0.582408 -0.931439 -0.882279 0.347916 -0.49898 -0.576265 -0.200774 -0.0386939 0.0320132 0.201262 0.678195 -0.136247 -0.498944 -0.0528505 -0.0349258 0.0643612 0.516999 0.210502 0.889501 0.961719 0.693061 0.241119 0.366205 0.534335 -0.733577 0.472405 0.379956 
-1.10706 0.0895151 0.152444 -0.670627 -0.923946 -0.835217 0.257231 -0.439049 -0.547872 -0.233245 -0.0920255 0.084333 0.147972 0.659729 -0.155783 -0.550977 0.0376289 -0.0239072 0.120215 0.675098 0.287675 0.922271 1.07958 0.716099 0.21839 0.407375 0.570622 -0.741645 0.480527 0.510101 
-1.08445 0.0654374 0.0925805 -0.631341 -0.880004 -0.823734 0.195998 -0.440387 -0.500781 -0.255031 -0.133564 -0.0213325 0.167402 0.664836 -0.205603 -0.504098 0.0606379 0.0185461 0.139691 0.618143 0.243747 0.985543 0.996609 0.702323 0.306486 0.367114 0.484746 -0.640212 0.448762 0.4072 
-1.10594 0.0365751 0.1569 -0.63997 -0.87172 -0.876731 0.314632 -0.521688 -0.54093 -0.160223 -0.0300921 0.0698358 0.155191 0.656635 -0.128657 -0.489396 -0.0111409 0.00328337 0.061839 0.598438 0.243274 0.881356 1.03655 0.70477 0.235742 0.347474 0.595246 -0.74831 0.467827 0.388431 
-1.08142 0.0971631 0.0934267 -0.628274 -0.853947 -0.904189 0.277852 -0.449919 -0.565712 -0.260697 -0.0962566 0.0148637 0.16853 0.682179 -0.183729 -0.511269 -0.0257704 -0.00228966 0.136693 0.678837 0.225681 0.899722 0.999542 0.72632 0.24981 0.441954 0.542231 -0.66976 0.490174 0.424954 
-1.12537 0.0841327 0.142367 -0.64398 -0.905529 -0.867148 0.279256 -0.3642 -0.551019 -0.282202 -0.0721654 0.0757299 0.165957 0.596544 -0.165828 -0.551695 0.0524422 -0.0463738 0.0787158 0.703903 0.308189 0.85623 1.06919 0.673246 0.181228 0.334484 0.518552 -0.746399 0.495593 0.519662 
-1.13018 0.0808964 0.148124 -0.66782 -0.908192 -0.841372 0.299604 -0.361353 -0.569708 -0.289669 -0.0703142 0.0872024 0.177665 0.594977 -0.147697 -0.569167 0.031219 -0.0295066 0.0533849 0.721377 0.298451 0.841828 1.08604 0.673948 0.167976 0.324399 0.535938 -0.763077 0.500681 0.525899 
-1.11288 0.058573 0.146661 -0.622441 -0.883311 -0.878745 0.255805 -0.360824 -0.531003 -0.28339 -0.0647174 0.0645641 0.160812 0.601795 -0.166502 -0.537261 0.0372747 -0.0491241 0.0556707 0.681297 0.300214 0.871174 1.06885 0.65378 0.183077 0.327854 0.530025 -0.770095 0.476894 0.514688 
-1.11453 0.0782669 0.111866 -0.67611 -0.861074 -0.832851 0.247674 -0.497358 -0.554829 -0.23798 -0.113493 0.0372292 0.14662 0.626026 -0.157287 -0.516908 0.0398755 -0.0131764 0.0682221 0.622162 0.236561 0.935157 1.00422 0.662229 0.254016 0.415598 0.583297 -0.659068 0.432115 0.496924 
-1.09441 0.0886982 0.135802 -0.696467 -0.835701 -0.817147 0.25935 -0.475805 -0.566744 -0.243771 -0.111057 0.0349672 0.155599 0.600083 -0.157878 -0.530304 0.0146359 -0.0257182 0.0929414 0.61511 0.226574 0.910005 1.01621 0.640836 0.24374 0.426403 0.602533 -0.665402 0.423077 0.486009 
-1.10522 0.0992707 0.105177 -0.662845 -0.877891 -0.827042 0.246399 -0.490349 -0.567861 -0.216213 -0.136016 0.0338851 0.134192 0.616089 -0.173889 -0.542797 0.0441636 -0.025624 0.0712361 0.602455 0.236071 0.921189 0.994779 0.684325 0.276017 0.431506 0.604143 -0.665989 0.437028 0.476419 
-1.05682 0.0505176 0.0507615 -0.532517 -0.867648 -0.872619 0.316437 -0.390843 -0.564226 -0.220498 -0.039802 0.0190144 0.125448 0.575035 -0.108404 -0.510351 -0.0243004 -0.0318165 0.0703442 0.561112 0.337723 0.943557 1.03362 0.746402 0.382932 0.505848 0.472674 -0.659586 0.47407 0.374523 
-1.07029 0.0670416 0.0636968 -0.512837 -0.891333 -0.870839 0.320706 -0.385375 -0.572553 -0.201088 -0.0178903 0.0119659 0.107389 0.596994 -0.102416 -0.486025 -0.00508087 -0.0234455 0.0529602 0.573479 0.344657 0.920812 1.00968 0.746203 0.369081 0.495612 0.471298 -0.644773 0.476292 0.395768 
-1.03249 0.0412554 0.0316028 -0.536131 -0.850425 -0.849726 0.316583 -0.399111 -0.575099 -0.20384 -0.0151184 0.0234683 0.115348 0.589212 -0.116063 -0.490169 -0.014157 -0.0397383 0.093429 0.583382 0.32463 0.921337 1.01734 0.744125 0.377532 0.489974 0.475326 -0.666874 0.483732 0.398406 
-1.06006 0.0512284 0.0865366 -0.647378 -0.871046 -0.839196 0.183066 -0.449594 -0.551887 -0.175734 -0.15477 -0.0185014 0.174011 0.642439 -0.171649 -0.45709 0.0245347 0.0242415 0.0953316 0.63924 0.211072 1.00763 1.04167 0.631087 0.220211 0.394758 0.502433 -0.659345 0.460136 0.486009 
-1.06466 0.0472505 0.0684766 -0.639169 -0.852241 -0.847426 0.18894 -0.461857 -0.557043 -0.1952 -0.129968 0.00349593 0.17547 0.642031 -0.177953 -0.462541 0.0468511 0.013134 0.104593 0.626824 0.210165 1.01321 1.06549 0.648965 0.241778 0.419645 0.52754 -0.677942 0.445397 0.469207 
-1.06535 0.0575726 0.0639735 -0.663937 -0.867217 -0.839933 0.208406 -0.434102 -0.575325 -0.198822 -0.150729 0.00359504 0.152246 0.644341 -0.158483 -0.443147 -0.00139093 0.0175379 0.118917 0.65148 0.201787 1.00864 1.05199 0.656129 0.225293 0.399509 0.514497 -0.658025 0.484848 0.48365 
-1.10667 0.0598373 0.101846 -0.662179 -0.881468 -0.861093 0.250494 -0.493603 -0.618486 -0.224074 -0.0706286 0.023205 0.125428 0.672265 -0.185075 -0.502654 0.0358689 -0.0380238 0.120645 0.576936 0.230213 0.906158 1.03811 0.688541 0.268955 0.411015 0.595517 -0.667735 0.509398 0.439598 
-1.09461 0.0417733 0.118599 -0.681206 -0.862524 -0.850424 0.232541 -0.499464 -0.603367 -0.203904 -0.0469588 0.013337 0.12227 0.683804 -0.202091 -0.486733 0.0302542 -0.0156842 0.125255 0.587722 0.24872 0.929865 1.02944 0.68945 0.256649 0.411461 0.62127 -0.688739 0.504117 0.428535 
-1.09737 0.0832408 0.121524 -0.672683 -0.893317 -0.881448 0.227377 -0.495036 -0.596395 -0.243007 -0.0532091 0.0249501 0.147953 0.68709 -0.169666 -0.50998 0.0456553 -0.0148226 0.13719 0.573173 0.246469 0.911342 1.06131 0.704646 0.292046 0.424173 0.617932 -0.660826 0.503691 0.414396 
-1.1026 0.0550222 0.0647115 -0.628906 -0.903731 -0.820422 0.228175 -0.475742 -0.547901 -0.186426 -0.0884641 0.0547027 0.154914 0.707497 -0.139484 -0.522211 0.000124933 0.0481096 0.146776 0.606361 0.232998 0.916211 0.994347 0.651833 0.223517 0.475798 0.551931 -0.690594 0.434978 0.461051 
-1.07631 0.0374053 0.0627755 -0.628064 -0.908862 -0.815932 0.222462 -0.470965 -0.563946 -0.189898 -0.0843923 0.0549208 0.162497 0.729107 -0.164878 -0.522174 -0.00535382 0.0742735 0.161073 0.604527 0.232847 0.897992 0.986999 0.661291 0.211876 0.489595 0.544668 -0.709624 0.452804 0.450545 
-1.0986 0.0784507 0.0713315 -0.655198 -0.878188 -0.837982 0.204535 -0.467052 -0.563314 -0.211624 -0.0649238 0.0292808 0.157166 0.731052 -0.12684 -0.496976 -0.0260852 0.0612264 0.162106 0.632006 0.232943 0.904622 1.01693 0.636523 0.241186 0.480356 0.536236 -0.667449 0.435805 0.449019 
-1.06414 0.0949179 0.0875115 -0.574079 -0.856082 -0.899376 0.343482 -0.412133 -0.556829 -0.173163 -0.0707148 0.0521147 0.110641 0.603118 -0.11061 -0.485373 0.0222663 -0.020528 0.0994206 0.590827 0.337401 0.958887 1.04144 0.719367 0.35422 0.483437 0.515153 -0.680313 0.461085 0.384271 
-1.07578 0.102208 0.107193 -0.598318 -0.869276 -0.924528 0.341891 -0.401624 -0.54916 -0.167282 -0.044752 0.0711248 0.119548 0.586441 -0.0968667 -0.46159 0.0425896 -0.0400341 0.0982664 0.602068 0.333193 0.981828 1.03434 0.73199 0.361454 0.457275 0.520879 -0.691787 0.440283 0.364869 
-1.07356 0.0998114 0.100132 -0.559763 -0.857926 -0.900796 0.369879 -0.425004 -0.563989 -0.187965 -0.0807409 0.052264 0.13572 0.581789 -0.0985499 -0.487187 0.00150631 -0.0106587 0.117692 0.585917 0.360578 0.949901 1.04661 0.719479 0.331125 0.462128 0.531931 -0.689779 0.439196 0.359898 
-1.06558 0.0755134 0.0656847 -0.5533 -0.856364 -0.89424 0.342352 -0.389666 -0.575854 -0.198546 -0.0482097 0.034455 0.108648 0.580092 -0.124644 -0.507125 0.00131709 -0.0377078 0.0963375 0.582347 0.330725 0.940299 1.03779 0.729762 0.372902 0.491656 0.488918 -0.670223 0.485487 0.38029 
-1.07179 0.0952133 0.0807526 -0.532388 -0.831053 -0.910293 0.326991 -0.371708 -0.591046 -0.189073 -0.0524263 0.0447913 0.129349 0.578784 -0.0987548 -0.494463 0.00930925 -0.056054 0.0725213 0.572448 0.310447 0.940481 1.03825 0.729144 0.374076 0.47027 0.463729 -0.677571 0.480399 0.355283 
-1.08123 0.0698726 0.0777415 -0.550564 -0.876445 -0.881507 0.359428 -0.365091 -0.587738 -0.209447 -0.0574498 0.0586326 0.106095 0.589396 -0.140927 -0.488363 0.00630012 -0.0387918 0.105412 0.582812 0.33196 0.966731 1.03233 0.722102 0.348616 0.481511 0.509861 -0.678738 0.461675 0.39011 
-1.11416 0.0698247 0.120107 -0.668494 -0.846247 -0.893083 0.278896 -0.454478 -0.606517 -0.230725 -0.0740776 0.0449842 0.140751 0.659191 -0.148412 -0.522862 0.0165272 -0.0227965 0.107617 0.624779 0.264944 0.910408 1.01547 0.677161 0.249177 0.446945 0.612824 -0.704636 0.512188 0.439707 
-1.09746 0.0823115 0.101561 -0.679819 -0.849393 -0.899156 0.266532 -0.460146 -0.630048 -0.222955 -0.0931428 0.0426038 0.154562 0.654086 -0.146946 -0.546733 0.00942371 -0.0126819 0.0829337 0.647717 0.288298 0.912699 1.03532 0.673795 0.266552 0.450645 0.597475 -0.690895 0.520421 0.455607 
-1.09148 0.0901888 0.0987214 -0.649757 -0.853554 -0.905047 0.257079 -0.433186 -0.594782 -0.238149 -0.087951 0.0695563 0.122525 0.648389 -0.135094 -0.498512 0.0367566 -0.0194252 0.101104 0.641825 0.23921 0.896846 1.03873 0.668258 0.257595 0.472554 0.589932 -0.712675 0.495257 0.426707 
-1.06746 0.00798491 0.0671216 -0.669319 -0.87965 -0.849159 0.22261 -0.459321 -0.464339 -0.272328 -0.0665973 0.0227066 0.175043 0.625264 -0.18256 -0.541022 0.0119328 0.00865892 0.0636257 0.616211 0.246387 0.965203 0.969238 0.690391 0.249863 0.358658 0.501535 -0.655192 0.471181 0.470953 
-1.09043 -0.00553586 0.0891239 -0.689359 -0.896807 -0.865485 0.245009 -0.472843 -0.482381 -0.289533 -0.0558625 0.0297734 0.154329 0.628705 -0.156842 -0.532207 0.0279995 -0.0131762 0.0484304 0.639969 0.271084 0.963286 0.958766 0.695637 0.229879 0.381806 0.513378 -0.670677 0.457335 0.45018 
-1.06098 -0.00594871 0.0820032 -0.680486 -0.886048 -0.839704 0.212912 -0.468814 -0.487735 -0.271078 -0.0806003 0.0295456 0.149325 0.622668 -0.167399 -0.557169 0.00561621 0.03048 0.0800992 0.5914 0.22457 0.982296 0.944216 0.711504 0.248174 0.343842 0.519743 -0.677551 0.479127 0.494253 
-1.11443 0.0712849 0.116229 -0.669147 -0.858039 -0.835683 0.252201 -0.46406 -0.56087 -0.236058 -0.0836453 0.0403802 0.143143 0.636341 -0.15166 -0.517509 0.0249738 -0.0138018 0.0767729 0.623396 0.248286 0.922375 1.0091 0.663394 0.25119 0.430572 0.594521 -0.687062 0.48047 0.464126 
-1.08295 0.0611161 0.0599491 -0.56822 -0.862757 -0.869007 0.269888 -0.395098 -0.555099 -0.225545 -0.0486787 0.0255064 0.12823 0.599688 -0.110955 -0.510812 -0.0242175 -0.0293242 0.0692472 0.58935 0.276733 0.936558 1.00897 0.728781 0.301954 0.429927 0.536854 -0.659494 0.465203 0.482948 
-1.07294 0.0540399 0.0603085 -0.588189 -0.886458 -0.824004 0.306688 -0.471056 -0.56044 -0.189463 -0.0809019 0.0342438 0.128284 0.602135 -0.12791 -0.518467 -0.00332496 0.000471349 0.0934315 0.592074 0.250978 0.94147 1.01462 0.696656 0.261174 0.490384 0.512013 -0.686931 0.451535 0.407504 
-1.10117 0.0694663 0.0654894 -0.623589 -0.876627 -0.821137 0.234678 -0.470352 -0.560403 -0.195779 -0.0561206 0.0419459 0.111934 0.639484 -0.12776 -0.508256 0.00021958 0.0139222 0.132312 0.604893 0.321012 0.924268 1.01112 0.708618 0.263782 0.4784 0.491598 -0.677328 0.484286 0.395356 
-1.0662 0.0726541 0.0924888 -0.671105 -0.865295 -0.837741 0.215582 -0.451573 -0.552906 -0.193467 -0.133965 -0.0111836 0.149991 0.638059 -0.161406 -0.478275 0.033561 -0.0114697 0.0765998 0.631797 0.23167 0.950407 1.01512 0.65714 0.224836 0.403368 0.509147 -0.659304 0.45665 0.489927 
-1.1143 0.0776146 0.112563 -0.670724 -0.854145 -0.85862 0.269331 -0.476599 -0.586518 -0.23252 -0.093049 0.0417743 0.144007 0.64618 -0.154612 -0.520682 0.0363686 -0.0171085 0.104389 0.622374 0.240221 0.928919 1.00547 0.67697 0.25232 0.4329 0.606224 -0.691306 0.437038 0.451268 
-1.11274 0.0910183 0.141389 -0.585148 -0.860726 -0.893605 0.322118 -0.388914 -0.554567 -0.241166 -0.0708115 0.0635416 0.119126 0.600051 -0.155327 -0.537949 0.0374593 -0.0227148 0.0919017 0.699135 0.332383 0.907032 1.05346 0.676984 0.199254 0.390189 0.515639 -0.742513 0.467577 0.424985 
-1.10901 0.0655259 0.0761925 -0.664356 -0.900618 -0.847114 0.239873 -0.464424 -0.550288 -0.227311 -0.0853619 0.0459856 0.154029 0.690187 -0.14613 -0.522699 0.00318902 0.0062109 0.135839 0.611978 0.235108 0.915776 1.00274 0.669639 0.239723 0.463043 0.593999 -0.693219 0.44974 0.457136 
-1.08892 0.0768956 0.0901808 -0.61994 -0.858685 -0.891551 0.258416 -0.450976 -0.606435 -0.219089 -0.0706515 0.0306409 0.121424 0.621095 -0.162953 -0.498513 0.0279003 -0.0232367 0.115411 0.581381 0.231178 0.949081 1.03921 0.71794 0.289453 0.449143 0.592285 -0.673206 0.473304 0.402825 
-1.09475 0.0468691 0.0774171 -0.663333 -0.881314 -0.860474 0.223612 -0.482976 -0.573663 -0.231647 -0.0692887 0.0228071 0.15219 0.637939 -0.18381 -0.517403 0.0134386 -0.0278751 0.0865094 0.612256 0.233527 0.948943 1.01691 0.690225 0.265103 0.408034 0.509178 -0.659535 0.502939 0.457611 
-1.08456 0.0748004 0.0742482 -0.558338 -0.847509 -0.893178 0.307104 -0.423571 -0.594957 -0.222029 -0.0647851 0.0354183 0.117573 0.614589 -0.145165 -0.513416 0.0114648 -0.0249021 0.103583 0.589409 0.285708 0.927168 1.0194 0.723027 0.265486 0.448125 0.506632 -0.694058 0.495255 0.399143 
-1.08358 0.0715458 0.0942572 -0.674118 -0.876256 -0.844219 0.239736 -0.481007 -0.549505 -0.269484 -0.079497 0.0254721 0.152763 0.625915 -0.157595 -0.538102 0.0180399 -0.00404746 0.0676342 0.621667 0.240956 0.940159 0.972386 0.674515 0.250892 0.372751 0.566154 -0.658937 0.432785 0.48594 
-1.10843 0.061163 0.107631 -0.665378 -0.872862 -0.835806 0.249693 -0.497239 -0.56289 -0.232109 -0.0933783 0.0365241 0.144915 0.66605 -0.177954 -0.508902 0.037378 -0.0271205 0.0710262 0.592389 0.231337 0.918014 1.00623 0.669215 0.2619 0.414242 0.590552 -0.661311 0.470024 0.480648 
-1.05689 0.0506282 0.0607302 -0.613257 -0.869973 -0.870667 0.298111 -0.398895 -0.560943 -0.208125 -0.0451407 -0.00683898 0.169779 0.604159 -0.155219 -0.507019 0.0215693 0.00515309 0.0759299 0.594746 0.270688 0.992246 1.03878 0.744119 0.26623 0.416764 0.497129 -0.659372 0.466868 0.377564 
-1.10234 0.0585098 0.0655765 -0.559156 -0.874637 -0.867963 0.332955 -0.453102 -0.565909 -0.194779 -0.0746888 0.0416371 0.125897 0.678039 -0.132015 -0.516257 0.00118242 0.0171458 0.119843 0.599037 0.314192 0.938396 1.00524 0.710097 0.299169 0.477991 0.50659 -0.688753 0.462048 0.428135 
-1.1173 0.0501849 0.0842806 -0.657406 -0.896679 -0.856626 0.228348 -0.375719 -0.472861 -0.278648 -0.0713868 0.0228964 0.167312 0.619639 -0.170186 -0.547465 0.0265317 -0.0436511 0.0647246 0.664137 0.293166 0.871899 0.98662 0.681283 0.244044 0.354067 0.507996 -0.684361 0.478886 0.480804 
-1.11425 0.0763169 0.117856 -0.672534 -0.852933 -0.836441 0.253541 -0.468142 -0.571993 -0.232672 -0.112747 0.0397879 0.142721 0.642303 -0.151276 -0.518403 0.0271546 -0.0140991 0.0978646 0.623449 0.245308 0.917021 1.00914 0.668015 0.249683 0.424224 0.608711 -0.700582 0.491393 0.466136 
-1.08657 0.054826 0.0871898 -0.652404 -0.871135 -0.857822 0.187089 -0.472548 -0.598997 -0.181919 -0.0782687 0.0172154 0.172553 0.670709 -0.180606 -0.461295 0.0246967 -0.0127912 0.0997676 0.579506 0.212593 0.979228 1.04051 0.652374 0.23748 0.401595 0.571003 -0.667538 0.494983 0.453758 
-1.11978 0.0577238 0.0830141 -0.655589 -0.904874 -0.862072 0.265653 -0.376988 -0.515471 -0.278881 -0.0700544 0.0751371 0.171069 0.608046 -0.170634 -0.541443 0.043947 -0.0374222 0.0653977 0.6795 0.291164 0.950258 0.970635 0.682939 0.220814 0.337654 0.506322 -0.702184 0.482472 0.495369 
-1.10416 0.0590938 0.0906917 -0.652757 -0.900154 -0.85785 0.238735 -0.485085 -0.567857 -0.217154 -0.0773656 0.036363 0.151255 0.701023 -0.172162 -0.504865 0.00348596 -0.0240162 0.123846 0.594632 0.230375 0.906456 1.01213 0.68606 0.233433 0.442738 0.561686 -0.690068 0.449403 0.45511 
