-1.06337 0.0691999 0.147493 -0.708608 -0.837876 -0.833977 0.273446 -0.454885 -0.510278 -0.225845 -0.0709659 0.050152 0.122116 0.66808 -0.163826 -0.501869 0.0138895 -0.00519862 0.1361 0.590001 0.266573 0.864382 0.961185 0.662401 0.223754 0.436803 0.555224 -0.732343 0.475283 0.411319 
-1.07998 0.0745336 0.118559 -0.67926 -0.848638 -0.826882 0.215248 -0.460147 -0.567801 -0.181298 -0.119925 0.00724838 0.150777 0.639194 -0.184936 -0.47037 0.0515396 -0.0374463 0.0542083 0.63776 0.251104 0.94713 1.01364 0.631684 0.244759 0.406228 0.534651 -0.674509 0.469197 0.463096 
-1.11797 0.0367147 0.165348 -0.645206 -0.865279 -0.888228 0.187717 -0.466063 -0.63822 -0.244598 -0.0590934 0.0419278 0.122963 0.687599 -0.118863 -0.483462 0.00884166 0.026376 0.0543164 0.60732 0.196879 0.901133 1.02071 0.716893 0.262595 0.366291 0.570343 -0.689304 0.473804 0.395439 
-1.11715 0.031943 0.146029 -0.643561 -0.874847 -0.869995 0.329387 -0.501634 -0.549369 -0.180887 -0.00316674 0.0711025 0.158204 0.671465 -0.116652 -0.490975 0.0114897 -0.0101662 0.0814914 0.606354 0.246686 0.862874 1.0629 0.688238 0.22379 0.33687 0.602896 -0.748018 0.442436 0.377082 
-1.08257 0.118063 0.113467 -0.646209 -0.861008 -0.835845 0.234704 -0.370764 -0.570444 -0.256383 -0.0766442 0.0205846 0.177117 0.642076 -0.176625 -0.523683 0.0325585 0.0204644 0.0343575 0.681548 0.233265 0.866096 1.00547 0.793274 0.213286 0.425488 0.573135 -0.739418 0.44532 0.433557 
-1.07636 0.0980646 0.105845 -0.633299 -0.86137 -0.87829 0.316905 -0.477392 -0.562329 -0.151669 -0.0967723 0.0449009 0.0990194 0.669405 -0.0599123 -0.505801 -0.0543988 -0.020738 0.135832 0.615976 0.306693 0.89023 1.02762 0.75279 0.261476 0.38667 0.557121 -0.77719 0.457582 0.460953 
-1.06526 0.109308 0.118563 -0.662561 -0.890647 -0.831985 0.255227 -0.495824 -0.540647 -0.233856 -0.100364 -0.00726012 0.0908367 0.645262 -0.108193 -0.461652 0.0325865 0.0536941 0.153537 0.641904 0.216607 0.883408 1.03224 0.613348 0.298285 0.471346 0.522094 -0.666569 0.494305 0.479542 
-1.09197 0.0716274 0.145849 -0.586725 -0.910213 -0.898869 0.192749 -0.492336 -0.576603 -0.194314 -0.104026 0.02084 0.175935 0.623428 -0.241425 -0.532261 -0.0112654 0.028269 0.0956462 0.556053 0.203442 0.953346 1.01073 0.646753 0.192391 0.364692 0.469318 -0.615775 0.455428 0.503759 
-1.14644 0.0706849 0.111681 -0.616445 -0.842715 -0.890572 0.203224 -0.490121 -0.564156 -0.231476 -0.035211 0.0690206 0.148183 0.651447 -0.102423 -0.487217 0.0137784 0.00954977 0.0696436 0.657168 0.20735 0.919991 1.02938 0.709034 0.258383 0.46345 0.543147 -0.69599 0.53304 0.443369 
-1.13013 0.0738437 0.0891639 -0.672447 -0.88235 -0.820434 0.256872 -0.451621 -0.586414 -0.219051 -0.0721392 0.0462615 0.136095 0.646701 -0.165152 -0.534881 0.0295535 -0.024527 0.0960669 0.614687 0.242005 0.913742 1.03517 0.645392 0.276284 0.410361 0.581065 -0.696148 0.457321 0.488269 
-1.09511 0.0621579 0.0852258 -0.687009 -0.846007 -0.895575 0.289983 -0.459892 -0.627632 -0.203849 -0.11207 0.0553271 0.135116 0.670547 -0.143893 -0.557849 -0.00610323 -0.0381485 0.102951 0.663791 0.280916 0.89206 1.02775 0.696459 0.292407 0.477277 0.581336 -0.691625 0.517992 0.454336 
-1.11644 0.0455423 0.136065 -0.72545 -0.941808 -0.869223 0.293054 -0.451495 -0.601196 -0.188615 -0.0421378 0.0828901 0.121783 0.686169 -0.190258 -0.567515 0.0158789 0.011471 0.0740652 0.555197 0.236036 0.94486 1.03067 0.709201 0.24444 0.403286 0.623798 -0.671126 0.497833 0.487784 
-1.0874 0.0751833 0.0668759 -0.637178 -0.882441 -0.8331 0.22547 -0.46424 -0.554455 -0.208892 -0.0555494 0.0205576 0.160883 0.704411 -0.182311 -0.483397 8.23307e-05 -0.0162866 0.106635 0.571863 0.230739 0.92604 1.03339 0.672085 0.231092 0.4635 0.547316 -0.669373 0.473045 0.435321 
-1.10033 0.0855336 0.139718 -0.685178 -0.906731 -0.865494 0.205588 -0.495012 -0.599727 -0.217641 -0.0591478 0.0120208 0.169091 0.668971 -0.176158 -0.486117 0.0278708 -0.031615 0.111445 0.562012 0.259944 0.924919 1.03825 0.683343 0.28196 0.400646 0.642543 -0.65335 0.529284 0.3996 
-1.06981 0.0985829 0.0962889 -0.5616 -0.829631 -0.89494 0.347939 -0.423661 -0.576976 -0.197385 -0.086271 0.0539284 0.0863422 0.607679 -0.116302 -0.507149 0.0348913 -0.03543 0.106208 0.604732 0.354497 0.954316 1.06747 0.696915 0.354626 0.494354 0.521902 -0.682607 0.446497 0.38626 
-1.06973 0.039698 0.134669 -0.680127 -0.900166 -0.824723 0.196101 -0.447872 -0.600597 -0.203791 -0.156914 0.0160576 0.112953 0.631416 -0.144677 -0.454928 0.0299157 0.0379873 0.101808 0.540267 0.22293 0.943806 1.02231 0.64333 0.233133 0.402422 0.548859 -0.639273 0.445977 0.432733 
-1.10906 0.0848058 0.120942 -0.680705 -0.836607 -0.842171 0.241748 -0.460961 -0.593285 -0.209535 -0.113417 0.062607 0.142057 0.634489 -0.176086 -0.517762 0.050844 -0.0365536 0.0807641 0.610396 0.260648 0.937512 1.02038 0.690641 0.232645 0.441144 0.630677 -0.697622 0.509149 0.45445 
-1.06806 0.066052 0.0795493 -0.643632 -0.863984 -0.875223 0.296037 -0.542398 -0.571691 -0.200561 -0.0746663 0.00444452 0.0967547 0.617838 -0.0853528 -0.50862 -0.0411371 -0.00568397 0.0693576 0.583484 0.248278 0.8922 1.08258 0.746921 0.239256 0.325968 0.575315 -0.714909 0.480101 0.401564 
-1.09974 0.109715 0.0644547 -0.513564 -0.871287 -0.859027 0.311911 -0.403657 -0.607254 -0.179195 -0.0584027 0.0615144 0.124337 0.559107 -0.0940316 -0.50799 0.0048019 -0.0382862 0.112216 0.587143 0.3723 0.909058 1.01388 0.674733 0.360563 0.527829 0.485697 -0.673641 0.437911 0.404337 
-1.02145 0.096627 0.12366 -0.693093 -0.850255 -0.912019 0.24442 -0.512615 -0.589657 -0.236259 -0.141305 0.00250139 0.160186 0.641763 -0.154669 -0.50538 -0.0214192 -0.00388836 0.126308 0.614831 0.241088 0.908912 0.945714 0.654171 0.34684 0.502274 0.576224 -0.697006 0.465358 0.481451 
-1.01934 0.0386091 0.142606 -0.617797 -0.900259 -0.856755 0.270453 -0.540541 -0.487423 -0.158165 -0.0141295 0.0599651 0.142643 0.668244 -0.0891809 -0.465053 -0.022138 0.00378836 0.128235 0.596689 0.241083 0.94274 0.998992 0.679303 0.218292 0.42541 0.575523 -0.704817 0.492781 0.412335 
-1.06289 0.0468026 0.0741617 -0.571834 -0.856185 -0.89915 0.365815 -0.347388 -0.602092 -0.22558 -0.0774231 0.0695427 0.0872082 0.572479 -0.122347 -0.492715 0.0320185 -0.020498 0.111582 0.583655 0.324229 0.984358 1.02693 0.742132 0.375385 0.486549 0.510694 -0.697348 0.450005 0.367375 
-1.12776 0.0907118 0.124598 -0.688432 -0.897221 -0.807869 0.253636 -0.484064 -0.591716 -0.242613 -0.115974 0.0516821 0.133341 0.62442 -0.181769 -0.522021 0.0573355 -0.0385061 0.0971998 0.596767 0.228241 0.90548 1.01092 0.664041 0.280248 0.458259 0.627577 -0.66817 0.450244 0.471262 
-1.06496 0.070664 0.154055 -0.674741 -0.934453 -0.897454 0.245621 -0.438608 -0.555735 -0.210565 -0.12475 0.0118205 0.144885 0.637823 -0.216751 -0.516624 0.0354376 -0.00870893 0.052266 0.621845 0.198706 0.907349 1.0045 0.666571 0.281921 0.391159 0.562281 -0.661054 0.490794 0.434267 
-1.05625 0.0776045 0.0806922 -0.642693 -0.845815 -0.824298 0.172545 -0.475621 -0.540648 -0.149393 -0.141337 -0.0283935 0.182973 0.62374 -0.160468 -0.469798 0.0216913 0.0179271 0.0899371 0.615042 0.211804 0.98319 1.03908 0.622228 0.230903 0.398498 0.490993 -0.66413 0.436133 0.494628 
-1.12897 0.0697924 0.111327 -0.673187 -0.803857 -0.873277 0.25962 -0.545225 -0.617309 -0.258519 -0.0912244 0.0518372 0.130533 0.641887 -0.147116 -0.506982 0.00229983 -0.07413 0.127632 0.628835 0.25907 0.935481 1.02192 0.699375 0.29212 0.404418 0.503786 -0.689051 0.497589 0.428854 
-1.08712 0.036149 0.123595 -0.671494 -0.860761 -0.856916 0.21655 -0.522537 -0.577119 -0.212278 -0.0347914 0.0290322 0.116327 0.688905 -0.185214 -0.46772 0.0557026 -0.0130106 0.127529 0.590027 0.271978 0.949746 1.01371 0.701449 0.260929 0.414763 0.644811 -0.676353 0.52831 0.412043 
-1.13805 0.0040835 0.13442 -0.575846 -0.847801 -0.886829 0.201804 -0.50293 -0.601498 -0.220277 -0.0395192 0.0437214 0.1263 0.656982 -0.0806622 -0.554077 0.0672423 0.016519 0.032646 0.592108 0.196856 0.852593 1.05618 0.745928 0.208829 0.358196 0.553109 -0.646303 0.499761 0.381707 
-1.07448 0.0138493 0.130947 -0.734177 -0.871413 -0.827386 0.333374 -0.426836 -0.552105 -0.272029 -0.144964 -0.0126384 0.13752 0.597998 -0.165873 -0.514425 0.0269331 -0.0175278 0.115169 0.603083 0.251911 0.886095 1.0061 0.695798 0.233768 0.355852 0.509269 -0.658806 0.438781 0.444305 
-1.12715 0.0828944 0.0881912 -0.674117 -0.874608 -0.830965 0.223637 -0.447114 -0.53279 -0.215447 -0.0889177 0.026359 0.158984 0.678718 -0.163923 -0.518781 -0.00610657 0.0309142 0.134275 0.609527 0.238167 0.936321 1.00342 0.670286 0.257149 0.445193 0.60634 -0.696771 0.460032 0.454171 
-1.06308 0.0786635 0.120597 -0.580402 -0.847718 -0.85734 0.334174 -0.464708 -0.591397 -0.257169 0.00241446 0.0363633 0.130282 0.658391 -0.109187 -0.502514 0.0420467 0.00964017 0.088124 0.64056 0.319259 0.90069 1.04141 0.720573 0.355768 0.373578 0.580042 -0.714496 0.488818 0.428632 
-1.07299 0.0924117 0.0998739 -0.605605 -0.84926 -0.918804 0.293727 -0.425733 -0.540452 -0.274937 -0.0746882 0.0279001 0.171176 0.675843 -0.162149 -0.504713 -0.0293614 -0.0246433 0.120302 0.695139 0.21731 0.879972 1.00978 0.723225 0.242625 0.44576 0.558642 -0.677354 0.470478 0.43499 
-1.04035 0.0510084 0.0405145 -0.683795 -0.841321 -0.823031 0.211823 -0.422882 -0.555408 -0.197549 -0.126441 -0.0076475 0.175614 0.668677 -0.154912 -0.448311 0.0167318 0.00684674 0.0970367 0.633115 0.179397 0.983092 1.07352 0.64365 0.209618 0.413008 0.497639 -0.678194 0.472245 0.510284 
-1.12977 0.0823968 0.151739 -0.651466 -0.921731 -0.830869 0.296563 -0.385389 -0.583517 -0.281658 -0.0784076 0.0741125 0.154839 0.59826 -0.157764 -0.560766 0.0480825 -0.0430006 0.0327387 0.70316 0.30568 0.849992 1.06041 0.653494 0.172386 0.338979 0.51101 -0.737037 0.48981 0.516482 
-1.08211 0.0691004 0.0738095 -0.661053 -0.85786 -0.865119 0.201955 -0.47915 -0.566113 -0.237327 -0.0908736 0.024672 0.135305 0.661901 -0.206837 -0.520182 -0.0013391 -0.0521388 0.0806273 0.629742 0.239801 0.962459 1.02496 0.694044 0.279569 0.398385 0.495674 -0.662773 0.491538 0.458402 
-1.06812 0.0980708 0.11811 -0.641837 -0.889067 -0.881028 0.299319 -0.496847 -0.57291 -0.197324 -0.0902317 0.00857865 0.163943 0.617681 -0.143726 -0.44358 -0.0361535 -0.0296999 0.0877777 0.513371 0.260056 0.902506 1.02794 0.709227 0.245197 0.377638 0.52395 -0.716806 0.518748 0.456248 
-1.08028 0.0584571 0.137885 -0.603477 -0.84278 -0.846528 0.250308 -0.496253 -0.600199 -0.245511 -0.0366265 0.00529838 0.14142 0.636832 -0.0655688 -0.512693 0.0260479 -0.00437447 0.108263 0.580056 0.239691 0.922138 1.04088 0.684681 0.242133 0.445627 0.544292 -0.70847 0.515319 0.404412 
-1.11974 0.0928894 0.103721 -0.628221 -0.854147 -0.87523 0.279493 -0.43867 -0.564374 -0.14727 -0.0720155 0.0359677 0.0928324 0.632265 -0.154092 -0.473069 0.00318709 -0.0136045 0.126264 0.580489 0.308108 0.967979 1.01754 0.67689 0.323137 0.452388 0.498609 -0.731281 0.485878 0.362997 
-1.1342 0.0837662 0.0943543 -0.681212 -0.870108 -0.851064 0.226007 -0.520681 -0.5301 -0.238125 -0.136791 0.0382121 0.161155 0.613529 -0.149314 -0.526905 0.0522887 -0.0299849 0.0653979 0.638541 0.263205 0.917296 1.01103 0.64003 0.26046 0.422108 0.589297 -0.651335 0.455007 0.486159 
-1.13009 0.0917875 0.0983933 -0.69003 -0.843298 -0.856345 0.284026 -0.454778 -0.596536 -0.252247 -0.0838459 0.0294823 0.117665 0.660164 -0.129873 -0.526567 0.0400675 -0.0219969 0.0946955 0.603054 0.248387 0.939127 1.01605 0.698157 0.228679 0.43979 0.614794 -0.666107 0.432577 0.443864 
-1.09297 0.0136852 0.0618583 -0.64388 -0.919672 -0.79467 0.233106 -0.495162 -0.58812 -0.190666 -0.103273 0.043208 0.174374 0.745672 -0.144605 -0.542597 -0.010969 0.0898576 0.154771 0.593475 0.210909 0.899319 0.969911 0.646 0.19077 0.486315 0.518078 -0.702652 0.460322 0.428868 
-1.09758 0.0346025 0.0580626 -0.61641 -0.896276 -0.822551 0.253365 -0.478135 -0.559787 -0.177398 -0.0663642 0.059503 0.15729 0.701883 -0.147403 -0.498687 0.0237764 0.0451068 0.143248 0.591673 0.243141 0.908578 1.00073 0.651396 0.245463 0.480235 0.53252 -0.710923 0.456087 0.442492 
-1.09229 0.00392064 0.0478122 -0.661473 -0.862506 -0.835098 0.217451 -0.447213 -0.462859 -0.295365 -0.0431429 0.0321083 0.176946 0.626097 -0.185894 -0.548227 0.0226506 0.00395911 0.0749522 0.642727 0.252161 0.980741 0.981017 0.675921 0.252545 0.355746 0.496538 -0.636171 0.463405 0.488827 
-1.03825 0.0566971 0.0587687 -0.653528 -0.830968 -0.849995 0.191274 -0.440105 -0.568712 -0.172703 -0.129881 0.0162488 0.197502 0.623017 -0.191455 -0.445557 0.028703 0.00664383 0.0919093 0.609313 0.2142 0.997316 1.05466 0.648778 0.227734 0.437461 0.538712 -0.696309 0.439056 0.450622 
-1.0915 0.012801 0.137907 -0.643548 -0.86456 -0.821238 0.273185 -0.513862 -0.549485 -0.213936 -0.0694029 0.0254002 0.159309 0.643445 -0.10336 -0.503074 -0.010936 -0.0348654 0.069162 0.629581 0.215666 0.884293 1.00269 0.705138 0.288936 0.325426 0.517448 -0.688331 0.479666 0.463117 
-1.08308 0.062718 0.0417304 -0.588888 -0.879019 -0.860518 0.270187 -0.408538 -0.533584 -0.210058 -0.0289237 0.0396607 0.102622 0.60044 -0.104431 -0.512326 -0.0441338 -0.0417488 0.0649754 0.600933 0.278532 0.922249 1.03373 0.715916 0.318059 0.441509 0.528751 -0.669791 0.45702 0.483296 
-1.09099 0.0780752 0.0635211 -0.607839 -0.863035 -0.83281 0.323704 -0.467602 -0.576902 -0.179022 -0.0724955 0.0592655 0.118848 0.579631 -0.104498 -0.537337 0.0197221 0.0146723 0.117979 0.588026 0.276824 0.916462 1.02059 0.691767 0.272534 0.494808 0.490865 -0.693881 0.452724 0.427867 
-1.08987 0.0812536 0.156477 -0.722069 -0.839822 -0.811078 0.262227 -0.485209 -0.576514 -0.217421 -0.0942879 0.0454663 0.143313 0.584241 -0.171486 -0.535247 0.0289626 -0.0237273 0.0936623 0.632455 0.208596 0.926207 1.01369 0.642195 0.231677 0.434696 0.583739 -0.668938 0.44422 0.496206 
-1.08085 0.0554569 0.0758065 -0.660201 -0.883906 -0.85903 0.229753 -0.482577 -0.577749 -0.220168 -0.0754737 0.0442217 0.161642 0.744791 -0.101491 -0.494258 -0.00833263 0.0539925 0.141074 0.652805 0.212768 0.898438 0.996669 0.654427 0.238255 0.505228 0.540064 -0.663931 0.428774 0.445387 
-1.08051 0.0672034 0.0461115 -0.570038 -0.826878 -0.853854 0.359413 -0.401683 -0.524428 -0.162469 -0.106925 0.0512571 0.102948 0.581274 -0.139444 -0.480496 0.0249575 -0.0183778 0.135137 0.646845 0.327186 0.931654 1.02415 0.730931 0.344012 0.493109 0.498046 -0.640855 0.439528 0.425741 
-1.10843 0.061163 0.107631 -0.665378 -0.872862 -0.835806 0.249693 -0.497239 -0.56289 -0.232109 -0.0933783 0.0365241 0.144915 0.66605 -0.177954 -0.508902 0.037378 -0.0271205 0.0710262 0.592389 0.231337 0.918014 1.00623 0.669215 0.2619 0.414242 0.590552 -0.661311 0.470024 0.480648 
-1.12106 0.0418743 0.104959 -0.64046 -0.850864 -0.84731 0.226587 -0.474529 -0.589132 -0.220188 -0.0985163 0.0606833 0.166647 0.691146 -0.179089 -0.509444 0.0335723 -0.00955721 0.0534848 0.574521 0.222048 0.942177 1.01118 0.646434 0.259465 0.405697 0.596295 -0.669612 0.479132 0.498789 
-1.09455 0.0492512 0.123227 -0.654696 -0.848256 -0.824961 0.251692 -0.490372 -0.559317 -0.206671 -0.117646 0.0403971 0.142019 0.677567 -0.198233 -0.521901 0.0287253 -0.00266577 0.0963152 0.618444 0.251823 0.919993 1.02018 0.692587 0.241361 0.40287 0.568032 -0.653474 0.489233 0.477647 
-1.09904 0.0828872 0.087186 -0.599888 -0.873314 -0.83328 0.257524 -0.389616 -0.572685 -0.221226 -0.0834839 0.071304 0.119813 0.568598 -0.122613 -0.472813 0.0582666 -0.0282374 0.0986569 0.635557 0.284173 0.914332 1.05237 0.71505 0.323553 0.422887 0.532156 -0.669349 0.502542 0.507114 
-1.09456 0.0708688 0.111737 -0.620375 -0.869373 -0.816282 0.233688 -0.415597 -0.594753 -0.217434 -0.0720893 0.0722123 0.0980347 0.588418 -0.128756 -0.484487 0.0660951 -0.0139071 0.0858905 0.661165 0.293461 0.926866 1.07816 0.73968 0.32909 0.415838 0.526846 -0.6668 0.526879 0.504082 
-1.11371 0.0588044 0.0807573 -0.599192 -0.886063 -0.837745 0.260813 -0.369157 -0.576618 -0.212896 -0.0761112 0.0471431 0.0932326 0.566938 -0.143603 -0.498918 0.0395404 -0.0186967 0.108521 0.626337 0.263399 0.937229 1.06168 0.710406 0.345298 0.446688 0.52802 -0.661067 0.480385 0.529186 
-1.11274 0.0910183 0.141389 -0.585148 -0.860726 -0.893605 0.322118 -0.388914 -0.554567 -0.241166 -0.0708115 0.0635416 0.119126 0.600051 -0.155327 -0.537949 0.0374593 -0.0227148 0.0919017 0.699135 0.332383 0.907032 1.05346 0.676984 0.199254 0.390189 0.515639 -0.742513 0.467577 0.424985 
-1.13273 0.0781458 0.124921 -0.588027 -0.880901 -0.872278 0.337109 -0.394049 -0.549792 -0.22115 -0.0802691 0.0707491 0.0995168 0.584003 -0.180361 -0.563031 0.0295618 -0.0296946 0.0789418 0.681074 0.334873 0.900306 1.0755 0.702151 0.223807 0.366867 0.532179 -0.723903 0.449411 0.409353 
-1.11986 0.113409 0.166736 -0.593899 -0.882074 -0.90056 0.34188 -0.389737 -0.551939 -0.242357 -0.0658 0.0743109 0.115125 0.612635 -0.151447 -0.537372 0.0504741 -0.0262188 0.0934209 0.676943 0.351208 0.905611 1.06008 0.654166 0.209668 0.39554 0.517379 -0.724718 0.451038 0.400747 
-1.05796 0.0750481 0.0921137 -0.644461 -0.85454 -0.917692 0.26509 -0.448973 -0.583491 -0.22953 -0.104048 0.034349 0.173056 0.686715 -0.157171 -0.453334 0.015317 0.0305598 0.111273 0.609033 0.22884 0.938088 0.987109 0.666784 0.193052 0.457556 0.513235 -0.712143 0.499887 0.430484 
-1.03786 0.073754 0.0904965 -0.663563 -0.870552 -0.893554 0.261477 -0.463298 -0.585206 -0.223366 -0.0862414 0.0507794 0.158217 0.666079 -0.132284 -0.464763 0.0105551 0.0192264 0.117548 0.609024 0.236247 0.958104 0.980618 0.670283 0.176527 0.458301 0.497054 -0.717014 0.491507 0.453546 
-1.0746 0.0975752 0.0838846 -0.656585 -0.853533 -0.916114 0.249889 -0.4346 -0.576377 -0.213885 -0.0902541 0.0546365 0.194664 0.709008 -0.157191 -0.471345 0.0132762 0.0354252 0.136457 0.611465 0.213805 0.962152 0.961506 0.676496 0.18525 0.458277 0.530503 -0.713329 0.506602 0.433621 
-1.08892 0.0768956 0.0901808 -0.61994 -0.858685 -0.891551 0.258416 -0.450976 -0.606435 -0.219089 -0.0706515 0.0306409 0.121424 0.621095 -0.162953 -0.498513 0.0279003 -0.0232367 0.115411 0.581381 0.231178 0.949081 1.03921 0.71794 0.289453 0.449143 0.592285 -0.673206 0.473304 0.402825 
-1.07621 0.088397 0.107762 -0.632218 -0.882394 -0.886396 0.275602 -0.44933 -0.609597 -0.243453 -0.0463872 0.056125 0.0978442 0.613931 -0.178301 -0.483936 0.0277824 -0.044663 0.13599 0.588969 0.220408 0.95934 1.03508 0.710116 0.302714 0.423421 0.569213 -0.675386 0.475249 0.424625 
-1.11292 0.0579744 0.065357 -0.629888 -0.84246 -0.887987 0.237488 -0.456907 -0.587929 -0.241586 -0.0450482 0.025587 0.113245 0.611892 -0.161769 -0.51295 0.0395275 0.00134435 0.110018 0.590757 0.233207 0.925729 1.02603 0.696671 0.286522 0.45741 0.568191 -0.651009 0.47166 0.42883 
-1.11978 0.0577238 0.0830141 -0.655589 -0.904874 -0.862072 0.265653 -0.376988 -0.515471 -0.278881 -0.0700544 0.0751371 0.171069 0.608046 -0.170634 -0.541443 0.043947 -0.0374222 0.0653977 0.6795 0.291164 0.950258 0.970635 0.682939 0.220814 0.337654 0.506322 -0.702184 0.482472 0.495369 
-1.11831 0.0546995 0.105453 -0.673279 -0.899083 -0.886382 0.288898 -0.353557 -0.538056 -0.278944 -0.062581 0.0802762 0.190084 0.582385 -0.14702 -0.515224 0.0411756 -0.0164882 0.0460902 0.661795 0.282446 0.933488 0.995641 0.693653 0.199815 0.325748 0.525974 -0.677698 0.483391 0.489106 
-1.13292 0.0428649 0.0679874 -0.664352 -0.909312 -0.863059 0.27249 -0.374042 -0.521075 -0.27518 -0.0798448 0.0511056 0.168184 0.598582 -0.180048 -0.528827 0.0551234 -0.0284846 0.0524621 0.65924 0.266897 0.94709 0.949938 0.667967 0.236161 0.351667 0.528864 -0.703075 0.497745 0.491977 
-1.08173 0.0658965 0.142749 -0.630106 -0.872053 -0.858988 0.296442 -0.394787 -0.570542 -0.30609 -0.0537979 0.0231139 0.164609 0.655343 -0.144853 -0.547633 0.0102033 -0.0392156 0.100115 0.594849 0.211093 0.879952 1.0669 0.698382 0.231071 0.357809 0.509247 -0.726321 0.515407 0.551174 
-1.06023 0.087519 0.160438 -0.64831 -0.854385 -0.877383 0.288985 -0.376664 -0.570839 -0.290136 -0.0423422 0.0161526 0.142297 0.660363 -0.125963 -0.556038 0.00609304 -0.0643265 0.0945254 0.603486 0.234645 0.861165 1.07216 0.716643 0.243876 0.38366 0.534559 -0.718037 0.500053 0.532233 
-1.07936 0.0829177 0.153874 -0.634226 -0.849323 -0.840035 0.322395 -0.375358 -0.593086 -0.281325 -0.0661895 0.0482124 0.144274 0.639748 -0.156931 -0.546198 0.00538765 -0.0388343 0.105533 0.59905 0.22976 0.87039 1.0475 0.707978 0.206289 0.380652 0.485793 -0.73474 0.513371 0.567347 
-1.08657 0.054826 0.0871898 -0.652404 -0.871135 -0.857822 0.187089 -0.472548 -0.598997 -0.181919 -0.0782687 0.0172154 0.172553 0.670709 -0.180606 -0.461295 0.0246967 -0.0127912 0.0997676 0.579506 0.212593 0.979228 1.04051 0.652374 0.23748 0.401595 0.571003 -0.667538 0.494983 0.453758 
-1.08731 0.046662 0.083811 -0.636924 -0.852403 -0.88353 0.207495 -0.476111 -0.577406 -0.176355 -0.0718135 0.0118932 0.150549 0.652858 -0.184752 -0.441457 0.0163467 -0.0356226 0.081483 0.5714 0.186459 0.970393 1.0539 0.640637 0.228374 0.381915 0.551949 -0.643801 0.480526 0.436152 
-1.0939 0.0333168 0.0669214 -0.655165 -0.861756 -0.841526 0.205364 -0.491 -0.610521 -0.2026 -0.0794651 0.00654259 0.184213 0.647625 -0.201034 -0.467194 0.0223294 -0.0102458 0.0742529 0.563865 0.224244 0.960319 1.03761 0.676803 0.218463 0.411402 0.545544 -0.684848 0.494144 0.442407 
-1.05202 0.0659556 0.066468 -0.682097 -0.919102 -0.875547 0.244752 -0.458512 -0.552601 -0.223095 -0.151828 -0.0184327 0.159509 0.675389 -0.122208 -0.52793 0.0565601 0.0240384 0.11924 0.588551 0.209928 0.947661 0.993536 0.65843 0.264125 0.38859 0.506708 -0.643703 0.473384 0.466488 
-1.02558 0.0612582 0.0753244 -0.67795 -0.893943 -0.869123 0.237797 -0.451876 -0.545343 -0.223956 -0.164593 0.00343601 0.143288 0.680457 -0.135965 -0.526514 0.0400445 0.0411442 0.139888 0.57678 0.200331 0.928543 1.00196 0.676079 0.242081 0.397343 0.48984 -0.632282 0.485969 0.45708 
-1.04472 0.0789183 0.0819742 -0.660516 -0.919729 -0.866967 0.242228 -0.441772 -0.56377 -0.23454 -0.126239 0.00522081 0.154583 0.699524 -0.109947 -0.514858 0.0427588 0.0397735 0.123883 0.577547 0.206098 0.941694 1.0144 0.670556 0.289861 0.41201 0.530763 -0.648581 0.489527 0.451508 
-1.03249 0.0412554 0.0316028 -0.536131 -0.850425 -0.849726 0.316583 -0.399111 -0.575099 -0.20384 -0.0151184 0.0234683 0.115348 0.589212 -0.116063 -0.490169 -0.014157 -0.0397383 0.093429 0.583382 0.32463 0.921337 1.01734 0.744125 0.377532 0.489974 0.475326 -0.666874 0.483732 0.398406 
-1.02822 0.0265523 0.0289371 -0.558369 -0.835054 -0.847997 0.300583 -0.376676 -0.570495 -0.211034 -0.0140835 0.0370853 0.0940675 0.609248 -0.0966889 -0.476591 -0.0337591 -0.0184661 0.0926328 0.57935 0.310533 0.941484 1.00315 0.735646 0.364434 0.47429 0.498686 -0.649251 0.477922 0.392099 
-1.01931 0.042236 0.0508706 -0.516438 -0.855385 -0.867783 0.323363 -0.406456 -0.582616 -0.217206 0.00226544 0.01825 0.131051 0.571528 -0.113481 -0.481835 0.0079075 -0.0298193 0.118048 0.593199 0.319882 0.929782 1.02959 0.737075 0.363621 0.513601 0.45481 -0.689895 0.460962 0.391611 
-1.09845 0.0685633 0.113449 -0.659579 -0.903194 -0.890509 0.289537 -0.428712 -0.55326 -0.240279 -0.126372 0.02062 0.124084 0.628271 -0.134637 -0.528482 0.0398836 0.00244304 0.093007 0.685224 0.26078 0.912739 1.01757 0.671029 0.216931 0.38947 0.508677 -0.735937 0.46928 0.432075 
-1.0921 0.0783158 0.0907788 -0.602072 -0.859941 -0.891734 0.264094 -0.390674 -0.596577 -0.240951 -0.0706582 0.0525087 0.121148 0.619425 -0.155479 -0.534924 0.0344388 -0.0228408 0.0977448 0.613063 0.266907 0.907347 1.03968 0.702178 0.212043 0.391137 0.556966 -0.712533 0.472571 0.42333 
-1.05238 0.0453635 0.0809421 -0.547963 -0.867582 -0.857419 0.239991 -0.437856 -0.58377 -0.202522 -0.0594484 0.0233325 0.139338 0.646069 -0.133238 -0.481389 0.024682 -0.0333334 0.0936594 0.581684 0.252781 0.941889 1.02552 0.688661 0.333735 0.464772 0.47928 -0.667511 0.490154 0.399304 
-1.05938 0.0652043 0.103907 -0.648707 -0.86303 -0.915687 0.260466 -0.470489 -0.572157 -0.23015 -0.103328 0.0344829 0.150124 0.674407 -0.163103 -0.469296 0.0176648 -0.0256656 0.11071 0.602212 0.230301 0.9296 1.00028 0.667547 0.226343 0.431945 0.534221 -0.69401 0.486702 0.47047 
-1.04009 0.0819641 0.0566665 -0.571197 -0.858566 -0.846817 0.258245 -0.396217 -0.573831 -0.216289 -0.0540336 0.0251207 0.117869 0.568885 -0.120967 -0.473951 0.0401123 -0.0391874 0.0963351 0.622713 0.319697 0.919876 1.03088 0.729154 0.3552 0.479613 0.511629 -0.668831 0.500545 0.400656 
-1.0733 0.0781408 0.0885656 -0.616361 -0.863175 -0.91339 0.25859 -0.423484 -0.574231 -0.227238 -0.0841237 0.0457838 0.137864 0.612782 -0.131883 -0.458304 0.0361687 0.0058996 0.0996354 0.628256 0.254909 0.927227 1.03698 0.678785 0.248792 0.429475 0.53185 -0.680235 0.50085 0.471085 
-1.05957 0.0763219 0.122648 -0.572108 -0.857639 -0.879036 0.31794 -0.391061 -0.570946 -0.232845 -0.0217379 0.0426377 0.115948 0.594526 -0.129405 -0.530279 0.0319006 -0.0328268 0.0933064 0.644512 0.330328 0.914747 1.03589 0.723356 0.372685 0.43828 0.483947 -0.740596 0.475296 0.405933 
-1.09533 0.0768662 0.087189 -0.635983 -0.872768 -0.855677 0.204514 -0.417015 -0.573445 -0.192728 -0.0799783 0.0418687 0.134314 0.594611 -0.137943 -0.467868 0.0551554 -0.0251871 0.0992991 0.605248 0.237558 0.951446 1.04215 0.713529 0.267039 0.412389 0.563226 -0.669131 0.502467 0.505719 
-1.11346 0.0641332 0.10144 -0.636652 -0.873624 -0.859557 0.282917 -0.382236 -0.568391 -0.280439 -0.0590459 0.0482562 0.167813 0.620025 -0.165922 -0.54373 0.0312679 -0.0375035 0.0956194 0.653766 0.291073 0.888868 1.03816 0.684722 0.222004 0.345744 0.509208 -0.717738 0.492789 0.535986 
-1.06728 0.0645494 0.0806472 -0.655197 -0.875303 -0.870708 0.224495 -0.472409 -0.576091 -0.205893 -0.0828256 0.00525012 0.164635 0.674944 -0.17315 -0.50915 0.0386881 -0.00528841 0.100061 0.586669 0.211034 0.965055 1.0272 0.653484 0.240578 0.391691 0.550483 -0.652106 0.481146 0.459875 
-1.06774 0.0736978 0.126944 -0.644118 -0.860226 -0.893535 0.279372 -0.418786 -0.570907 -0.299275 -0.0965518 0.0321728 0.172045 0.661119 -0.147575 -0.546999 0.0111973 -0.0344829 0.10959 0.604457 0.220603 0.881495 1.02378 0.678776 0.217486 0.373542 0.511572 -0.716187 0.505038 0.437872 
-1.11454 0.0828684 0.085827 -0.618143 -0.878496 -0.843844 0.263656 -0.379106 -0.572403 -0.269445 -0.079164 0.0728005 0.165042 0.601183 -0.159454 -0.511835 0.0499783 -0.0328465 0.0843763 0.655305 0.288879 0.938568 1.0176 0.694161 0.276966 0.421585 0.524912 -0.69966 0.49087 0.505627 
-1.05425 0.0659437 0.118219 -0.646822 -0.914395 -0.864571 0.265357 -0.40309 -0.554377 -0.29339 -0.0896812 -0.0159039 0.16411 0.661339 -0.142709 -0.545679 0.0270475 -0.0256122 0.107295 0.590015 0.209958 0.898276 1.06616 0.672474 0.238629 0.358141 0.508723 -0.648587 0.494078 0.508911 
-1.06928 0.0666278 0.0873614 -0.643704 -0.884965 -0.8818 0.250248 -0.454746 -0.597379 -0.221604 -0.117369 -0.0121794 0.142133 0.655799 -0.126675 -0.524046 0.0284212 -0.0194434 0.11869 0.585532 0.224036 0.948077 1.03346 0.701178 0.279466 0.390189 0.567941 -0.654594 0.473358 0.439741 
-1.10232 0.0852491 0.125938 -0.603333 -0.860424 -0.891856 0.290626 -0.435131 -0.586056 -0.239092 -0.0707656 0.0526368 0.121161 0.611575 -0.162313 -0.507881 0.02929 -0.0229995 0.0926624 0.629986 0.266666 0.927678 1.04504 0.687527 0.21495 0.390198 0.551086 -0.741541 0.471837 0.423407 
-1.09124 0.0771227 0.0887356 -0.600777 -0.864292 -0.853628 0.258338 -0.397594 -0.580337 -0.219273 -0.0714257 0.0569824 0.121094 0.619888 -0.149228 -0.495877 0.0488658 -0.027996 0.110676 0.584337 0.239585 0.932554 1.05047 0.716152 0.296481 0.431481 0.559329 -0.671954 0.478121 0.425372 
-1.08048 0.0639506 0.0872007 -0.668547 -0.902893 -0.850584 0.246271 -0.469081 -0.557169 -0.226198 -0.113749 -0.0165059 0.158551 0.666656 -0.156881 -0.511277 0.0412895 0.011837 0.0833539 0.5911 0.218974 0.946838 1 0.662582 0.263821 0.393494 0.527839 -0.65975 0.470428 0.46784 
-1.09737 0.077891 0.134234 -0.598789 -0.859859 -0.893353 0.278781 -0.407401 -0.579309 -0.2364 -0.0708061 0.0482351 0.119703 0.619003 -0.158204 -0.503479 0.0331426 -0.0231676 0.102635 0.629412 0.274653 0.939592 1.04195 0.685504 0.250167 0.413069 0.566472 -0.67428 0.469256 0.411062 
-1.03589 0.0472396 0.0760993 -0.566278 -0.852659 -0.851931 0.312888 -0.419269 -0.578429 -0.214279 -0.0389778 0.0261455 0.116559 0.598429 -0.120276 -0.469382 0.0126127 -0.0355203 0.109419 0.583542 0.256165 0.924853 0.999289 0.670426 0.227139 0.484655 0.483667 -0.69291 0.49418 0.410738 
-1.07704 0.0796673 0.113346 -0.611425 -0.854784 -0.894524 0.303121 -0.415737 -0.570284 -0.236952 -0.103737 0.0449995 0.144613 0.642591 -0.156392 -0.507374 0.0159651 0.0291861 0.0983936 0.619214 0.30442 0.925284 1.02305 0.675584 0.194912 0.432855 0.513449 -0.721096 0.468961 0.425775 
