-1.05844 0.0800806 0.0896064 -0.6592 -0.851419 -0.921775 0.242698 -0.441667 -0.591024 -0.220794 -0.0792283 0.0196489 0.191625 0.677182 -0.131623 -0.462366 -0.00590047 0.0366228 0.103608 0.630323 0.254497 0.911398 0.988376 0.655348 0.218802 0.433561 0.495584 -0.696216 0.492989 0.443388 
-1.06479 0.102232 0.0839034 -0.644105 -0.86343 -0.8519 0.332245 -0.466619 -0.569336 -0.138474 -0.101506 0.0465034 0.0768029 0.694254 -0.0372684 -0.49093 -0.0304522 -0.0133238 0.140603 0.590983 0.321251 0.881307 1.00768 0.747621 0.262704 0.380278 0.559894 -0.80255 0.436817 0.457665 
-1.09656 0.0746146 0.0800292 -0.641278 -0.891303 -0.883307 0.19214 -0.473859 -0.585132 -0.190593 -0.105106 0.0335895 0.197812 0.68615 -0.190234 -0.470801 0.0321872 -0.0175621 0.0790347 0.56948 0.213243 0.961298 1.02438 0.646176 0.231223 0.401456 0.588596 -0.664046 0.520914 0.477853 
-0.992775 0.0208678 0.150721 -0.627877 -0.904854 -0.855086 0.281083 -0.518424 -0.462083 -0.171349 -0.0234974 0.0438484 0.147508 0.642761 -0.112091 -0.479241 -0.0123433 0.0267487 0.154216 0.581541 0.262657 0.937518 0.990708 0.684225 0.230245 0.448585 0.573296 -0.697984 0.484806 0.439109 
-1.05197 0.053904 0.100341 -0.67851 -0.894371 -0.883901 0.225136 -0.42326 -0.565186 -0.246525 -0.138911 0.00259031 0.164997 0.705754 -0.092393 -0.537438 0.0182533 0.0570508 0.118571 0.574321 0.191517 0.941338 1.00947 0.677748 0.313146 0.427884 0.52158 -0.675267 0.489354 0.432928 
-1.02932 0.0430581 0.0686284 -0.666596 -0.878056 -0.882471 0.22865 -0.465621 -0.548357 -0.197717 -0.169187 0.00980918 0.132055 0.698758 -0.150945 -0.518451 0.0639901 0.0577065 0.130579 0.582388 0.18224 0.903635 0.98435 0.686132 0.258745 0.419858 0.508916 -0.633069 0.511937 0.457762 
-1.09284 0.0803518 0.135873 -0.656533 -0.892337 -0.909748 0.287342 -0.443944 -0.530791 -0.238539 -0.104589 0.00876983 0.128527 0.622661 -0.135227 -0.539074 0.0577239 -0.0121583 0.0964587 0.688277 0.248296 0.898541 1.01385 0.690322 0.232893 0.371003 0.523899 -0.736403 0.486112 0.44086 
-1.14486 0.017699 0.157708 -0.57764 -0.847645 -0.873298 0.226018 -0.499488 -0.580116 -0.206826 -0.0209527 0.0405758 0.116131 0.634587 -0.0659829 -0.572879 0.0663557 0.02173 0.0214113 0.58548 0.18996 0.852808 1.04126 0.754233 0.220002 0.332762 0.537618 -0.644029 0.480415 0.393982 
-1.10038 0.0117472 0.134045 -0.681969 -0.848216 -0.835883 0.197515 -0.519161 -0.577812 -0.189474 -0.0134429 0.021045 0.103382 0.671746 -0.199397 -0.49165 0.0530772 -0.0117584 0.1454 0.587153 0.260407 0.952863 1.02446 0.716621 0.25645 0.400739 0.648045 -0.673328 0.519039 0.385663 
-1.04481 0.0599302 0.129756 -0.595985 -0.840236 -0.874658 0.335612 -0.369125 -0.55914 -0.214189 -0.0353058 0.0574243 0.103108 0.590834 -0.13979 -0.554562 0.0585832 -0.0228202 0.0979404 0.617873 0.326224 0.924257 1.05844 0.723952 0.347763 0.425742 0.459371 -0.735672 0.456128 0.42977 
-1.06429 0.0725705 0.0623994 -0.656448 -0.836316 -0.845547 0.167472 -0.472886 -0.537227 -0.17377 -0.154704 -0.0245526 0.205967 0.620327 -0.185398 -0.469798 0.0408859 0.0219669 0.0945377 0.608615 0.235579 0.986548 1.0499 0.615116 0.247969 0.377735 0.485946 -0.64188 0.428178 0.51645 
-1.1202 0.0721904 0.166998 -0.637428 -0.928831 -0.841435 0.311136 -0.404104 -0.583699 -0.268618 -0.0896147 0.0920567 0.159111 0.610005 -0.17032 -0.546586 0.0414504 -0.0318285 0.0571105 0.690831 0.291687 0.874409 1.05666 0.633446 0.196659 0.34235 0.527468 -0.737555 0.486217 0.538593 
-1.09587 0.0690184 0.104475 -0.634017 -0.83424 -0.856599 0.261296 -0.454249 -0.541126 -0.153946 -0.0863321 0.0611562 0.0846786 0.637507 -0.176109 -0.448542 0.00612893 -0.012703 0.124463 0.56406 0.329581 0.97051 1.01966 0.655688 0.347386 0.462783 0.511273 -0.755254 0.47654 0.337133 
-1.065 0.0558676 0.151458 -0.709344 -0.852845 -0.814712 0.262404 -0.468747 -0.570533 -0.243927 -0.0914989 0.029851 0.159592 0.584964 -0.156809 -0.541489 0.0266668 -0.0264838 0.0741541 0.653028 0.191018 0.941154 0.995539 0.639782 0.258271 0.444936 0.574978 -0.652797 0.458363 0.522833 
-1.08665 0.0222305 0.152618 -0.729719 -0.854436 -0.842396 0.358884 -0.425443 -0.567066 -0.246317 -0.169553 0.0042548 0.156587 0.583233 -0.150424 -0.511949 0.0229243 -0.0349265 0.13554 0.591731 0.271484 0.904905 0.997037 0.70164 0.231875 0.344862 0.523735 -0.653351 0.450168 0.439563 
-1.13615 0.0854496 0.133144 -0.604486 -0.845789 -0.884787 0.216262 -0.468007 -0.590495 -0.208787 -0.0484968 0.0877794 0.146197 0.660513 -0.12567 -0.470863 0.024712 0.00574964 0.0548406 0.646881 0.205661 0.927858 1.0229 0.68875 0.274519 0.488589 0.52223 -0.710128 0.528217 0.426349 
-1.0531 0.0618463 0.126688 -0.637954 -0.874715 -0.912815 0.295026 -0.416661 -0.590553 -0.225305 -0.0851772 0.0713669 0.149488 0.640125 -0.173508 -0.517998 -0.00947326 0.0440511 0.116544 0.623241 0.318916 0.934903 1.03412 0.688173 0.215694 0.438687 0.500436 -0.745234 0.452464 0.423819 
-1.0595 0.0427688 0.108388 -0.667958 -0.871208 -0.907154 0.268078 -0.471201 -0.583568 -0.234634 -0.116127 0.0204848 0.172711 0.652055 -0.163035 -0.480171 0.0139591 -0.0200311 0.133648 0.609189 0.206801 0.91892 0.973479 0.641039 0.239863 0.405813 0.547355 -0.671385 0.494323 0.465699 
-1.10729 0.037789 0.0799385 -0.681999 -0.869242 -0.892166 0.273414 -0.441521 -0.648928 -0.186272 -0.0974159 0.0308427 0.119782 0.696763 -0.149636 -0.534547 -0.0134016 -0.0626781 0.12137 0.66393 0.284498 0.911708 1.01981 0.715918 0.275971 0.490517 0.555702 -0.668842 0.543217 0.429222 
-1.05916 0.0844829 0.105982 -0.61822 -0.859682 -0.885397 0.279427 -0.428773 -0.621762 -0.259367 -0.0287811 0.0310665 0.0851418 0.605389 -0.194679 -0.488899 0.0208647 -0.0185043 0.144855 0.588783 0.244367 0.936181 1.05688 0.730668 0.328898 0.420784 0.590843 -0.6859 0.491761 0.433434 
-1.09306 0.0591521 0.13371 -0.658102 -0.821934 -0.837592 0.204202 -0.461963 -0.554028 -0.170046 -0.10723 -0.0115278 0.144142 0.637888 -0.177972 -0.465206 0.0774007 -0.0308095 0.0579603 0.626241 0.269966 0.957767 1.03417 0.609633 0.233318 0.387847 0.517423 -0.691283 0.469266 0.454831 
-1.04778 0.0735189 0.0821481 -0.659885 -0.901348 -0.863523 0.245184 -0.45379 -0.558935 -0.247956 -0.133259 -0.0208713 0.148999 0.676731 -0.142715 -0.545191 0.047466 0.0412967 0.118498 0.574482 0.225607 0.921965 0.974087 0.676345 0.289351 0.39841 0.5176 -0.658916 0.497585 0.4433 
-1.11093 0.0889187 0.113507 -0.588827 -0.861634 -0.860051 0.244682 -0.383296 -0.547123 -0.195945 -0.0852174 0.0662673 0.114976 0.577367 -0.103745 -0.498039 0.0695002 -0.0463117 0.0823378 0.612422 0.257652 0.915049 1.04104 0.7339 0.336801 0.418391 0.512159 -0.683316 0.51825 0.530737 
-1.06605 0.0616706 0.0918801 -0.637516 -0.859515 -0.891489 0.265681 -0.46495 -0.581288 -0.242467 -0.0742522 0.00791256 0.130614 0.614975 -0.163417 -0.474915 0.00587628 -0.00188641 0.122589 0.587613 0.246685 0.95237 1.0479 0.717147 0.300313 0.436662 0.575348 -0.680059 0.493956 0.37746 
-1.07026 0.099575 0.0982961 -0.575286 -0.866486 -0.832119 0.311574 -0.486511 -0.610129 -0.265334 0.0128225 0.0358643 0.123399 0.66078 -0.0979178 -0.475872 0.0671437 0.0128362 0.0922765 0.621613 0.293075 0.880028 1.02293 0.73435 0.347596 0.347012 0.599085 -0.703217 0.487096 0.416888 
-1.09813 0.0469369 0.0494564 -0.648862 -0.853631 -0.822642 0.22094 -0.470893 -0.594666 -0.182067 -0.0717178 -0.0167267 0.19553 0.634203 -0.177697 -0.464373 0.0360223 -0.0156183 0.0576951 0.545076 0.220609 0.935841 1.05244 0.690937 0.242331 0.394233 0.565067 -0.676403 0.47494 0.41791 
-1.06051 0.0857609 0.137587 -0.608085 -0.863692 -0.832389 0.315647 -0.36156 -0.569447 -0.261446 -0.0488375 0.0558717 0.15895 0.656631 -0.130397 -0.564757 0.0220503 -0.0358884 0.107091 0.585543 0.239136 0.882853 1.05444 0.681923 0.206904 0.36976 0.478078 -0.723679 0.516273 0.553938 
-1.12095 0.0903118 0.115231 -0.586129 -0.871318 -0.893104 0.333972 -0.406701 -0.580925 -0.220063 -0.061426 0.0801564 0.105551 0.59702 -0.173077 -0.532237 0.0365357 -0.0198392 0.0668642 0.70186 0.35478 0.902822 1.07296 0.653073 0.180139 0.365794 0.489559 -0.721345 0.459445 0.42343 
-1.07759 0.001122 0.134463 -0.634953 -0.849954 -0.805881 0.257631 -0.536996 -0.534327 -0.200587 -0.0504428 0.0340852 0.144315 0.655968 -0.0890058 -0.486326 -0.018391 -0.0140749 0.0699363 0.615523 0.219828 0.882547 1.00258 0.728985 0.27423 0.325476 0.523783 -0.694959 0.469381 0.456284 
-1.09706 0.10056 0.11488 -0.693938 -0.88492 -0.858619 0.217249 -0.491162 -0.593873 -0.200714 -0.0332519 0.0204273 0.163785 0.673224 -0.201976 -0.484625 0.0509565 -0.053292 0.0896622 0.568814 0.278865 0.944283 1.05801 0.664366 0.289859 0.389894 0.661888 -0.649962 0.539996 0.389688 
-1.06168 0.0464314 0.0791119 -0.663285 -0.88498 -0.864796 0.227143 -0.481369 -0.5728 -0.23209 -0.112503 0.00680999 0.15459 0.661817 -0.18022 -0.520611 0.0595413 -0.00101714 0.100889 0.578235 0.222497 0.965869 0.984044 0.673748 0.245846 0.390932 0.547555 -0.68377 0.458784 0.465734 
-1.10598 0.0350751 0.0537186 -0.666916 -0.897733 -0.792044 0.222631 -0.477793 -0.605121 -0.213023 -0.0898849 0.0465513 0.172657 0.722814 -0.162306 -0.533027 -0.0122151 0.108153 0.133904 0.588393 0.222005 0.882147 0.975431 0.664202 0.165063 0.468975 0.523121 -0.7219 0.481341 0.448495 
-1.02673 0.0301269 0.0222645 -0.581552 -0.843821 -0.826404 0.313048 -0.385336 -0.589251 -0.237704 -0.0407114 0.0221982 0.0891908 0.618296 -0.102088 -0.500281 -0.0377586 -0.00307249 0.110139 0.565772 0.313397 0.937679 1.01506 0.758839 0.34956 0.467697 0.476266 -0.658046 0.491903 0.396634 
-1.05199 0.0742418 0.0634729 -0.595045 -0.844116 -0.936448 0.278613 -0.433108 -0.589184 -0.222946 -0.0734553 0.0228176 0.113998 0.608871 -0.137719 -0.461318 0.0207969 0.0314579 0.120585 0.648576 0.272935 0.934852 1.04223 0.662607 0.239097 0.415064 0.545899 -0.694013 0.525257 0.47177 
-1.12955 0.0446022 0.0847136 -0.651439 -0.879155 -0.825577 0.236643 -0.482361 -0.539818 -0.22051 -0.105243 0.0557123 0.148638 0.663861 -0.176502 -0.511349 0.0418075 -0.00153255 0.0922757 0.590789 0.210894 0.904012 0.996959 0.658664 0.246559 0.405552 0.57925 -0.639488 0.458935 0.499199 
-1.07198 0.0510799 0.0509194 -0.618997 -0.888693 -0.821562 0.260015 -0.487753 -0.552437 -0.178615 -0.0437304 0.0398159 0.175675 0.724045 -0.163911 -0.480018 0.0146826 0.0345917 0.139872 0.61239 0.229744 0.913572 1.01206 0.640716 0.271853 0.495313 0.519085 -0.720921 0.447761 0.465219 
-1.08 0.0790624 0.0663329 -0.582147 -0.854855 -0.866298 0.282555 -0.399283 -0.548191 -0.189477 -0.0387416 0.0648124 0.117872 0.591131 -0.0884052 -0.523757 -0.0612398 -0.0214721 0.0582513 0.574568 0.287591 0.909263 1.02372 0.708027 0.300622 0.45702 0.549946 -0.654305 0.434088 0.48366 
-1.06086 0.068784 0.082793 -0.556934 -0.86763 -0.925767 0.374335 -0.370839 -0.613066 -0.199149 -0.056599 0.0857882 0.0779217 0.570071 -0.126559 -0.481114 0.0520854 -0.0316033 0.126497 0.601397 0.304301 0.983447 1.02916 0.746607 0.401238 0.512995 0.534097 -0.709768 0.437061 0.371705 
-1.14277 0.1015 0.141482 -0.575595 -0.885943 -0.890082 0.321957 -0.401975 -0.562066 -0.209239 -0.091259 0.0707503 0.104301 0.557549 -0.183021 -0.57793 0.0191385 -0.0290684 0.0657622 0.660253 0.354232 0.90676 1.06087 0.7202 0.231608 0.382743 0.5247 -0.717927 0.460981 0.431342 
-1.13863 0.0707789 0.0613544 -0.582812 -0.88878 -0.819258 0.251783 -0.374961 -0.589851 -0.199206 -0.102079 0.0624706 0.0873949 0.560492 -0.123587 -0.473131 0.0608399 -0.038425 0.0903141 0.644952 0.260186 0.9599 1.04343 0.697809 0.354761 0.424392 0.525246 -0.641549 0.46789 0.525615 
-1.13249 0.0753345 0.0748245 -0.640091 -0.865022 -0.906488 0.253302 -0.453448 -0.562067 -0.257302 -0.0433083 0.023219 0.0900996 0.625049 -0.171575 -0.504967 0.0441788 -0.00805035 0.0895794 0.613027 0.216839 0.945662 1.02315 0.698936 0.267946 0.459112 0.561946 -0.670767 0.45992 0.417794 
-1.01957 0.0686877 0.0539978 -0.585238 -0.853447 -0.826988 0.337286 -0.407218 -0.597598 -0.238 -0.0298002 0.0313605 0.113823 0.604603 -0.124577 -0.486111 0.0333865 -0.0142129 0.123894 0.606903 0.258076 0.933127 1.02452 0.672657 0.200981 0.485152 0.457965 -0.714017 0.476097 0.387861 
-1.1267 0.0816461 0.130088 -0.670712 -0.884704 -0.825827 0.265974 -0.488742 -0.604621 -0.250994 -0.107666 0.0591055 0.149804 0.62377 -0.16524 -0.518649 0.0396585 -0.0250962 0.0816197 0.596271 0.201952 0.8895 1.0076 0.669489 0.264256 0.443718 0.627914 -0.649026 0.425332 0.471191 
-1.09334 0.10606 0.11644 -0.603694 -0.843604 -0.890202 0.284975 -0.435792 -0.578373 -0.262178 -0.0595717 0.0715205 0.142119 0.599308 -0.170425 -0.52003 0.0255244 -0.0326435 0.082146 0.641901 0.241736 0.953729 1.06738 0.669989 0.219035 0.414156 0.57442 -0.737762 0.472466 0.433938 
-1.09836 0.0745426 0.0805833 -0.616704 -0.849716 -0.854575 0.27618 -0.404917 -0.589896 -0.253871 -0.0470662 0.0466597 0.183177 0.616482 -0.159428 -0.549901 0.0053414 -0.0535438 0.0794265 0.679078 0.313454 0.864589 1.01259 0.670439 0.243594 0.329796 0.491152 -0.741068 0.502321 0.524028 
-1.08193 0.0943387 0.16062 -0.671283 -0.849634 -0.88481 0.278854 -0.388643 -0.559857 -0.289948 -0.0188952 0.0392491 0.138754 0.662631 -0.109897 -0.557248 0.0130099 -0.0581151 0.0809864 0.622113 0.246377 0.852604 1.08011 0.707617 0.268738 0.406675 0.525191 -0.72434 0.481371 0.508781 
-1.05199 0.0711451 0.0706295 -0.650708 -0.894565 -0.866141 0.232797 -0.490364 -0.594617 -0.218471 -0.0786801 -0.0100771 0.183756 0.695046 -0.168063 -0.486647 0.0254318 0.00353817 0.100003 0.605178 0.210171 0.965003 1.05065 0.636063 0.261479 0.408908 0.544183 -0.655161 0.491569 0.486172 
-1.03406 0.0650179 0.0443077 -0.694538 -0.824777 -0.849342 0.191717 -0.399062 -0.561437 -0.209339 -0.141322 -0.00995971 0.152796 0.657424 -0.170596 -0.42439 0.0117773 -0.00502938 0.083582 0.654635 0.17327 0.978938 1.09387 0.655038 0.183413 0.414466 0.51785 -0.696569 0.496272 0.525483 
-1.06145 0.0274569 0.0697986 -0.529921 -0.871437 -0.88101 0.222833 -0.439832 -0.609136 -0.204167 -0.0698516 0.0333315 0.151193 0.656758 -0.112217 -0.479518 0.0178808 -0.0257654 0.0809522 0.5664 0.254977 0.922187 1.04918 0.664042 0.34799 0.484971 0.480248 -0.65059 0.475793 0.39868 
-1.08104 0.0641178 0.0610971 -0.62902 -0.87952 -0.83959 0.333632 -0.450845 -0.588404 -0.182399 -0.0970332 0.0383976 0.0937771 0.567613 -0.127905 -0.529832 -0.0055305 0.00720266 0.124689 0.576534 0.28284 0.927783 1.02147 0.675109 0.265318 0.492383 0.473756 -0.698579 0.459141 0.416663 
-1.13013 0.0738437 0.0891639 -0.672447 -0.88235 -0.820434 0.256872 -0.451621 -0.586414 -0.219051 -0.0721392 0.0462615 0.136095 0.646701 -0.165152 -0.534881 0.0295535 -0.024527 0.0960669 0.614687 0.242005 0.913742 1.03517 0.645392 0.276284 0.410361 0.581065 -0.696148 0.457321 0.488269 
-1.14282 0.0754405 0.0770297 -0.656882 -0.871821 -0.806037 0.254692 -0.477587 -0.562309 -0.233985 -0.091211 0.0612247 0.12301 0.647607 -0.167823 -0.529654 0.039465 -0.047563 0.0974576 0.626844 0.2601 0.929471 1.03257 0.626018 0.259829 0.427547 0.598016 -0.675672 0.46464 0.49989 
-1.15607 0.0826823 0.102475 -0.646148 -0.888104 -0.823125 0.233171 -0.447082 -0.596506 -0.228022 -0.0501774 0.0294949 0.136296 0.644557 -0.151144 -0.528553 0.0536154 -0.0259842 0.0970902 0.595285 0.222768 0.938197 1.01124 0.628391 0.265 0.429418 0.574627 -0.679908 0.476292 0.463115 
-1.09533 0.0768662 0.087189 -0.635983 -0.872768 -0.855677 0.204514 -0.417015 -0.573445 -0.192728 -0.0799783 0.0418687 0.134314 0.594611 -0.137943 -0.467868 0.0551554 -0.0251871 0.0992991 0.605248 0.237558 0.951446 1.04215 0.713529 0.267039 0.412389 0.563226 -0.669131 0.502467 0.505719 
-1.09062 0.0752178 0.0668301 -0.621186 -0.868929 -0.835637 0.198786 -0.432876 -0.548632 -0.178646 -0.0605186 0.0380681 0.12556 0.600025 -0.126289 -0.483568 0.0400601 -0.0403838 0.095809 0.607328 0.213293 0.967814 1.04246 0.727506 0.273554 0.388256 0.574927 -0.685137 0.481514 0.491718 
-1.10066 0.0637796 0.109663 -0.639608 -0.863259 -0.875944 0.204615 -0.414885 -0.572547 -0.173454 -0.0692717 0.0225864 0.109337 0.585913 -0.134265 -0.479841 0.0315615 -0.00717229 0.122604 0.60117 0.238285 0.971112 1.04895 0.716437 0.28271 0.404213 0.564043 -0.673099 0.513403 0.495765 
-1.0874 0.0751833 0.0668759 -0.637178 -0.882441 -0.8331 0.22547 -0.46424 -0.554455 -0.208892 -0.0555494 0.0205576 0.160883 0.704411 -0.182311 -0.483397 8.23307e-05 -0.0162866 0.106635 0.571863 0.230739 0.92604 1.03339 0.672085 0.231092 0.4635 0.547316 -0.669373 0.473045 0.435321 
-1.08325 0.0547055 0.0604782 -0.658144 -0.874109 -0.858787 0.223403 -0.461354 -0.554489 -0.207123 -0.0683329 0.0193878 0.168695 0.70781 -0.191312 -0.496968 -0.0242358 0.00841553 0.116076 0.577074 0.223162 0.923616 1.05535 0.652944 0.24271 0.457399 0.547711 -0.686286 0.486903 0.448898 
-1.10743 0.0691451 0.0478961 -0.663147 -0.887736 -0.83207 0.240213 -0.450682 -0.575699 -0.184303 -0.0356439 0.0365409 0.154981 0.70446 -0.158026 -0.484579 0.0204955 -0.0269103 0.104438 0.581933 0.221348 0.915748 1.04395 0.651384 0.211998 0.460636 0.531938 -0.657802 0.461778 0.449928 
-1.08173 0.0658965 0.142749 -0.630106 -0.872053 -0.858988 0.296442 -0.394787 -0.570542 -0.30609 -0.0537979 0.0231139 0.164609 0.655343 -0.144853 -0.547633 0.0102033 -0.0392156 0.100115 0.594849 0.211093 0.879952 1.0669 0.698382 0.231071 0.357809 0.509247 -0.726321 0.515407 0.551174 
-1.10681 0.0678684 0.116816 -0.624427 -0.868496 -0.833303 0.29002 -0.412878 -0.556801 -0.320001 -0.0439259 0.0436774 0.142024 0.675376 -0.14987 -0.521844 0.0222046 -0.0240812 0.117925 0.60127 0.224212 0.886245 1.07747 0.689365 0.206654 0.377792 0.512026 -0.752765 0.508596 0.565635 
-1.0701 0.0583929 0.133819 -0.618972 -0.846861 -0.875445 0.299683 -0.372908 -0.584855 -0.290986 -0.0529262 0.0197111 0.155763 0.67974 -0.152857 -0.530328 0.0185283 -0.0322486 0.0947391 0.619164 0.211462 0.869118 1.04573 0.711451 0.253013 0.341837 0.503104 -0.748059 0.523031 0.524888 
-1.09974 0.109715 0.0644547 -0.513564 -0.871287 -0.859027 0.311911 -0.403657 -0.607254 -0.179195 -0.0584027 0.0615144 0.124337 0.559107 -0.0940316 -0.50799 0.0048019 -0.0382862 0.112216 0.587143 0.3723 0.909058 1.01388 0.674733 0.360563 0.527829 0.485697 -0.673641 0.437911 0.404337 
-1.09623 0.0882487 0.0743435 -0.524922 -0.888891 -0.882643 0.333849 -0.384217 -0.597563 -0.15567 -0.0812683 0.0431838 0.122233 0.534924 -0.0694118 -0.502965 0.0303504 -0.0334889 0.101426 0.582213 0.377753 0.930883 1.03083 0.691884 0.339483 0.503269 0.508275 -0.665203 0.42313 0.430743 
-1.09465 0.0834487 0.0740671 -0.492981 -0.871733 -0.838393 0.312919 -0.422437 -0.597558 -0.169251 -0.0740083 0.0500009 0.128102 0.561349 -0.107118 -0.518454 0.0210735 -0.0454283 0.092373 0.602604 0.393992 0.909797 1.01564 0.661499 0.353788 0.502395 0.463572 -0.656714 0.462213 0.421353 
-1.09455 0.0492512 0.123227 -0.654696 -0.848256 -0.824961 0.251692 -0.490372 -0.559317 -0.206671 -0.117646 0.0403971 0.142019 0.677567 -0.198233 -0.521901 0.0287253 -0.00266577 0.0963152 0.618444 0.251823 0.919993 1.02018 0.692587 0.241361 0.40287 0.568032 -0.653474 0.489233 0.477647 
-1.10971 0.040263 0.126391 -0.66629 -0.861822 -0.842897 0.275307 -0.499564 -0.549033 -0.221444 -0.125164 0.0141945 0.121167 0.655504 -0.205707 -0.541544 0.0221831 0.00960443 0.120497 0.626316 0.25375 0.931312 1.03349 0.701375 0.21955 0.423878 0.593037 -0.627753 0.4666 0.502416 
-1.08287 0.0488439 0.113867 -0.663528 -0.86174 -0.826763 0.254661 -0.471092 -0.574543 -0.231744 -0.137322 0.0614121 0.166765 0.672814 -0.178132 -0.542454 0.0152249 -0.0255473 0.103901 0.644821 0.252745 0.908728 1.0367 0.679311 0.253418 0.426853 0.573817 -0.677027 0.468 0.451926 
-1.12715 0.0828944 0.0881912 -0.674117 -0.874608 -0.830965 0.223637 -0.447114 -0.53279 -0.215447 -0.0889177 0.026359 0.158984 0.678718 -0.163923 -0.518781 -0.00610657 0.0309142 0.134275 0.609527 0.238167 0.936321 1.00342 0.670286 0.257149 0.445193 0.60634 -0.696771 0.460032 0.454171 
-1.10716 0.103289 0.0809355 -0.662393 -0.877779 -0.824529 0.200999 -0.445996 -0.553376 -0.240262 -0.0740736 0.0445374 0.153275 0.675393 -0.145453 -0.5344 0.0109534 0.0468097 0.116569 0.633195 0.246772 0.933015 1.02892 0.667416 0.240975 0.447733 0.594762 -0.68518 0.479227 0.46219 
-1.15002 0.0766417 0.0703238 -0.677409 -0.855104 -0.836828 0.22185 -0.45327 -0.53034 -0.233182 -0.0941854 0.0459116 0.184371 0.66132 -0.144106 -0.542433 -0.0200085 0.0512933 0.151546 0.589397 0.246431 0.928346 0.986017 0.683618 0.240799 0.448052 0.599695 -0.673766 0.461839 0.433199 
-1.09124 0.0771227 0.0887356 -0.600777 -0.864292 -0.853628 0.258338 -0.397594 -0.580337 -0.219273 -0.0714257 0.0569824 0.121094 0.619888 -0.149228 -0.495877 0.0488658 -0.027996 0.110676 0.584337 0.239585 0.932554 1.05047 0.716152 0.296481 0.431481 0.559329 -0.671954 0.478121 0.425372 
-1.08692 0.0765566 0.0830783 -0.589246 -0.890229 -0.844824 0.245316 -0.402773 -0.602688 -0.217692 -0.0578214 0.0556761 0.140821 0.624061 -0.143747 -0.471068 0.0460363 -0.00584627 0.132274 0.591962 0.240467 0.946813 1.05429 0.736415 0.295933 0.456335 0.55252 -0.684345 0.470642 0.410263 
-1.08998 0.0740163 0.0775437 -0.610587 -0.87981 -0.867041 0.260476 -0.42248 -0.57874 -0.197788 -0.0889639 0.0783923 0.109481 0.604333 -0.160927 -0.51666 0.0541585 -0.00624226 0.094499 0.600121 0.247296 0.917338 1.05584 0.723418 0.308335 0.436822 0.581799 -0.672794 0.470274 0.432296 
-1.05425 0.0659437 0.118219 -0.646822 -0.914395 -0.864571 0.265357 -0.40309 -0.554377 -0.29339 -0.0896812 -0.0159039 0.16411 0.661339 -0.142709 -0.545679 0.0270475 -0.0256122 0.107295 0.590015 0.209958 0.898276 1.06616 0.672474 0.238629 0.358141 0.508723 -0.648587 0.494078 0.508911 
-1.06482 0.0729984 0.122711 -0.654803 -0.922025 -0.855807 0.284225 -0.382568 -0.567814 -0.295959 -0.0994679 -0.000234994 0.154161 0.635025 -0.148114 -0.538127 0.0418359 -0.00577566 0.103685 0.610878 0.224596 0.89791 1.04493 0.665913 0.261207 0.339246 0.503053 -0.664582 0.495737 0.522592 
-1.04263 0.0597708 0.131353 -0.633242 -0.931581 -0.862172 0.261501 -0.401607 -0.567597 -0.293968 -0.0732956 0.000938594 0.177007 0.668174 -0.128076 -0.547819 0.00690976 -0.0169284 0.106677 0.598425 0.195178 0.894509 1.04355 0.687739 0.231209 0.375945 0.509168 -0.640202 0.476606 0.528405 
-1.11454 0.0828684 0.085827 -0.618143 -0.878496 -0.843844 0.263656 -0.379106 -0.572403 -0.269445 -0.079164 0.0728005 0.165042 0.601183 -0.159454 -0.511835 0.0499783 -0.0328465 0.0843763 0.655305 0.288879 0.938568 1.0176 0.694161 0.276966 0.421585 0.524912 -0.69966 0.49087 0.505627 
-1.10714 0.104941 0.0778268 -0.611654 -0.85518 -0.869029 0.251835 -0.366544 -0.593791 -0.279438 -0.0816376 0.084202 0.16167 0.600422 -0.157011 -0.505406 0.0568471 -0.0305202 0.101981 0.672786 0.313118 0.944076 1.02021 0.685925 0.303255 0.400385 0.513232 -0.684287 0.487081 0.522305 
-1.12104 0.107165 0.0680217 -0.613924 -0.897679 -0.866298 0.275697 -0.375263 -0.587614 -0.267903 -0.0558165 0.0681248 0.157878 0.609786 -0.169627 -0.530556 0.0575599 -0.0368099 0.0755359 0.65391 0.30053 0.912232 1.00327 0.697534 0.299502 0.397752 0.50898 -0.715205 0.473586 0.516218 
-1.0922 0.0586916 0.0962088 -0.605308 -0.857781 -0.827195 0.254449 -0.412487 -0.563293 -0.211792 -0.100758 0.0412198 0.128958 0.63576 -0.176852 -0.501343 0.0401987 -0.00630615 0.0968137 0.584853 0.250856 0.920315 1.03694 0.704426 0.274824 0.409953 0.564123 -0.665893 0.478871 0.426187 
-1.09411 0.0804751 0.0885556 -0.619288 -0.866004 -0.832909 0.254787 -0.402372 -0.568052 -0.217255 -0.0807426 0.0415917 0.133484 0.63321 -0.160626 -0.499857 0.0153627 -0.0175086 0.133026 0.588226 0.238968 0.933458 1.03526 0.703698 0.270044 0.435336 0.584064 -0.684249 0.470903 0.428083 
-1.09852 0.0664605 0.139245 -0.63089 -0.873553 -0.843298 0.268661 -0.411404 -0.582675 -0.234878 -0.0616031 0.030893 0.162179 0.65321 -0.164561 -0.536559 0.021367 -0.0262871 0.09641 0.603605 0.239355 0.881375 1.04502 0.658661 0.252729 0.397815 0.548332 -0.699575 0.499087 0.496706 
-1.08898 0.0601227 0.134761 -0.642037 -0.848718 -0.836076 0.287035 -0.43591 -0.565113 -0.301404 -0.100656 0.0373644 0.147857 0.667649 -0.145127 -0.52709 0.0141492 -0.0213643 0.0977322 0.616529 0.212193 0.89033 1.05735 0.6945 0.236301 0.397978 0.538767 -0.673995 0.502739 0.513296 
-1.0949 0.0737308 0.0987964 -0.641204 -0.853968 -0.839766 0.231227 -0.445578 -0.565495 -0.20337 -0.0904408 0.0408024 0.134964 0.649525 -0.157612 -0.519067 0.0389098 -0.00510626 0.0964262 0.618082 0.244672 0.92707 1.02432 0.702265 0.259424 0.411042 0.565042 -0.667844 0.495057 0.487652 
-1.11396 0.0776976 0.0864557 -0.633107 -0.875677 -0.851415 0.242522 -0.395773 -0.573411 -0.202294 -0.0797243 0.0609056 0.151987 0.595419 -0.158188 -0.504146 0.0543162 -0.026871 0.0961535 0.644945 0.286403 0.941047 1.02031 0.697028 0.276026 0.417287 0.528179 -0.678283 0.498257 0.505719 
-1.08473 0.0598125 0.127872 -0.648951 -0.855968 -0.85293 0.279265 -0.457691 -0.564189 -0.258699 -0.0680813 0.0316407 0.151407 0.674349 -0.155527 -0.534143 0.0236586 -0.0208135 0.097369 0.602028 0.232603 0.881667 1.04881 0.697873 0.240476 0.379776 0.543597 -0.702001 0.513684 0.52599 
-1.09592 0.0915681 0.0841693 -0.633351 -0.871799 -0.856817 0.234727 -0.40536 -0.587937 -0.191721 -0.0671627 0.0577897 0.131994 0.590844 -0.109927 -0.498681 0.024919 -0.0354132 0.105359 0.599097 0.336323 0.939553 1.0371 0.69833 0.27384 0.490633 0.513355 -0.671744 0.497262 0.500043 
-1.09952 0.0990946 0.0811093 -0.60249 -0.862855 -0.846898 0.270614 -0.412331 -0.599656 -0.202431 -0.09133 0.0433958 0.12596 0.676561 -0.193129 -0.508079 0.0178043 -0.00987624 0.101167 0.614245 0.297282 0.910376 1.01422 0.685252 0.359674 0.40567 0.558323 -0.662581 0.47025 0.442528 
-1.12265 0.0787647 0.104778 -0.668535 -0.894759 -0.857225 0.256067 -0.426072 -0.546409 -0.241674 -0.0895776 0.0232536 0.161841 0.663805 -0.145665 -0.543719 0.00565832 0.00634683 0.117375 0.591027 0.223266 0.928211 1.04658 0.670514 0.249318 0.382536 0.553795 -0.648624 0.464455 0.506001 
-1.08421 0.0749592 0.140281 -0.636168 -0.879967 -0.833941 0.239012 -0.452762 -0.568168 -0.232069 -0.0549617 0.0206731 0.162887 0.674984 -0.171964 -0.509424 0.00744101 -0.020896 0.102013 0.578957 0.223535 0.910548 1.06218 0.681669 0.231078 0.440213 0.510745 -0.710313 0.50277 0.486807 
-1.08458 0.0988614 0.10501 -0.581404 -0.908652 -0.861171 0.307694 -0.403278 -0.580002 -0.245623 -0.0590345 0.00524818 0.148031 0.569387 -0.139815 -0.510174 0.0209323 -0.0352549 0.108426 0.589405 0.246953 0.902873 1.02231 0.673926 0.335237 0.505685 0.485902 -0.653361 0.455624 0.426407 
-1.1152 0.0806084 0.109929 -0.638829 -0.872841 -0.833514 0.24954 -0.410998 -0.547223 -0.297785 -0.061735 0.0258363 0.163446 0.668157 -0.148282 -0.536696 -0.00584236 0.0110113 0.103443 0.603878 0.231348 0.90457 1.01497 0.6849 0.253296 0.372832 0.548965 -0.724516 0.489463 0.547157 
-1.11663 0.0748481 0.085944 -0.644713 -0.879311 -0.825733 0.260291 -0.40031 -0.577665 -0.241179 -0.0728484 0.0540164 0.143966 0.642623 -0.162686 -0.513815 0.0498584 -0.0328245 0.0946998 0.624586 0.265242 0.914854 1.02391 0.652199 0.276448 0.416525 0.527191 -0.697044 0.490651 0.490062 
-1.09319 0.0582363 0.134716 -0.651344 -0.849145 -0.846547 0.276919 -0.470795 -0.560245 -0.2431 -0.103829 0.0280252 0.150496 0.666828 -0.172467 -0.534365 0.024999 -0.0263968 0.0980235 0.59577 0.235717 0.918534 1.02875 0.69434 0.237559 0.36772 0.512904 -0.676164 0.503168 0.506264 
-1.05622 0.0773215 0.0977581 -0.629343 -0.913792 -0.864326 0.264387 -0.37976 -0.563242 -0.289795 -0.0834507 0.0129388 0.164407 0.607732 -0.149309 -0.541375 0.0270682 -0.0324342 0.105229 0.609247 0.267513 0.931481 1.04666 0.682111 0.268677 0.372444 0.516119 -0.670604 0.49133 0.506651 
-1.06179 0.0611302 0.118409 -0.64923 -0.908402 -0.861394 0.255533 -0.427912 -0.557114 -0.275935 -0.0945673 -0.00874934 0.151702 0.674356 -0.180797 -0.524181 0.0277719 -0.0109335 0.0972507 0.597369 0.221198 0.91119 1.0214 0.678572 0.241301 0.392693 0.520057 -0.652089 0.490319 0.505346 
-1.09411 0.0770769 0.0883549 -0.634932 -0.867496 -0.854235 0.213857 -0.414078 -0.577069 -0.207828 -0.0741375 0.0492128 0.129531 0.619522 -0.144549 -0.480642 0.053129 -0.0259368 0.102323 0.594877 0.238765 0.937264 1.04716 0.713555 0.288685 0.425299 0.562252 -0.670854 0.490676 0.476234 
-1.12644 0.079579 0.0885795 -0.665272 -0.878932 -0.831434 0.261524 -0.42468 -0.581946 -0.254999 -0.072622 0.055387 0.14241 0.62315 -0.163601 -0.528403 0.0373203 -0.0247345 0.0919521 0.632402 0.286397 0.928008 1.03093 0.672337 0.276798 0.416329 0.561334 -0.698562 0.46076 0.503568 
-1.10818 0.0753317 0.0712751 -0.618218 -0.881817 -0.836549 0.229765 -0.444162 -0.572069 -0.225776 -0.0731118 0.0287912 0.161115 0.664087 -0.180272 -0.497558 0.0291516 -0.020176 0.0902323 0.633916 0.281723 0.936867 1.02229 0.688308 0.271897 0.455266 0.52689 -0.692717 0.482287 0.479344 
