-1.11791 0.077908 0.0563218 -0.499434 -0.848071 -0.822259 0.307129 -0.413599 -0.622362 -0.174121 -0.0967626 0.0672555 0.140947 0.54745 -0.124494 -0.538798 -0.00576297 -0.0718722 0.0820222 0.606973 0.413432 0.913163 1.00214 0.679914 0.345263 0.479987 0.473125 -0.679894 0.478653 0.446202 
-1.07416 0.0690038 0.0676535 -0.625877 -0.851069 -0.907036 0.270908 -0.456863 -0.600555 -0.243445 -0.0675121 0.00461752 0.129955 0.616431 -0.167251 -0.462678 -0.016869 0.00146543 0.104467 0.610579 0.249619 0.955424 1.02416 0.699579 0.280676 0.460965 0.554714 -0.668416 0.48115 0.391348 
-1.04581 0.0277268 0.096666 -0.525983 -0.879809 -0.855888 0.214714 -0.449637 -0.584264 -0.205307 -0.0628569 0.0581184 0.167743 0.679629 -0.0908661 -0.461981 0.0420813 -0.0155077 0.0583357 0.551047 0.241039 0.907812 1.02374 0.679819 0.32281 0.505266 0.491186 -0.626058 0.467514 0.420499 
-1.05652 0.0570521 0.0510001 -0.618076 -0.832023 -0.922327 0.252215 -0.415917 -0.567879 -0.235186 -0.0591119 0.0012962 0.117632 0.631654 -0.158357 -0.454588 0.0404664 0.00857748 0.137637 0.661502 0.273486 0.917695 1.06289 0.639202 0.2634 0.40303 0.541179 -0.689128 0.537996 0.449832 
-1.08275 0.0795184 0.140727 -0.63312 -0.913443 -0.902827 0.285936 -0.421585 -0.525801 -0.26065 -0.0875156 -0.0173235 0.121272 0.607726 -0.125031 -0.560017 0.0783512 0.00626516 0.0756959 0.675472 0.260176 0.916732 1.02334 0.713845 0.258854 0.359808 0.541692 -0.752706 0.46671 0.435136 
-1.10488 0.108432 0.129448 -0.58771 -0.857373 -0.851403 0.223176 -0.384233 -0.561774 -0.171076 -0.0913097 0.0718511 0.118141 0.557454 -0.086015 -0.495982 0.0752724 -0.0363059 0.0935927 0.63193 0.245271 0.919031 1.0532 0.735624 0.311159 0.422809 0.524269 -0.665656 0.507274 0.516822 
-1.05016 0.039182 0.111658 -0.666152 -0.881911 -0.874594 0.234991 -0.418411 -0.579205 -0.256774 -0.126518 -0.00844072 0.177521 0.714891 -0.0853032 -0.53256 0.0408888 0.0429066 0.133697 0.577522 0.176754 0.938732 0.990589 0.69564 0.320617 0.443372 0.508071 -0.653369 0.485118 0.435563 
-1.11349 0.0581517 0.173728 -0.620227 -0.919048 -0.824616 0.327404 -0.429034 -0.60636 -0.273328 -0.10979 0.108265 0.177405 0.631276 -0.170229 -0.567655 0.0202946 -0.00752201 0.060321 0.685893 0.26827 0.863336 1.05876 0.649401 0.211774 0.349431 0.553779 -0.742805 0.462391 0.560964 
-1.06822 0.0569266 0.141138 -0.631003 -0.875275 -0.847999 0.251104 -0.456059 -0.53605 -0.224639 -0.112898 0.0181906 0.170071 0.657093 -0.14646 -0.537195 0.030345 -0.0272862 0.109693 0.574546 0.230042 0.916849 1.00441 0.674963 0.23947 0.373022 0.531512 -0.659437 0.501763 0.486985 
-1.0401 0.0670496 0.111232 -0.668659 -0.828367 -0.937662 0.254239 -0.453992 -0.610136 -0.247125 -0.088633 -0.00626948 0.208486 0.680898 -0.111547 -0.489112 0.0186258 0.0434887 0.0769127 0.633893 0.266089 0.909372 0.971575 0.674515 0.231782 0.447196 0.479579 -0.716774 0.474982 0.457557 
-1.08918 0.0336413 0.117308 -0.644828 -0.853465 -0.819214 0.276791 -0.480975 -0.575541 -0.228634 -0.108533 -0.0112706 0.0994339 0.650286 -0.186073 -0.525774 0.0112099 0.0245558 0.137956 0.647699 0.264582 0.939598 1.02256 0.688992 0.241058 0.427899 0.602041 -0.654273 0.482998 0.511657 
-1.01188 0.0309755 0.0251224 -0.588131 -0.817166 -0.825746 0.308865 -0.372287 -0.613387 -0.223621 -0.0665833 0.00383217 0.0656417 0.617153 -0.106821 -0.48725 -0.0308816 -0.0276423 0.132436 0.568067 0.306136 0.945225 1.02859 0.752083 0.369186 0.468332 0.486965 -0.679586 0.48217 0.373442 
-1.07172 0.0732656 0.114343 -0.629498 -0.884122 -0.848373 0.249716 -0.431695 -0.531055 -0.301038 -0.101034 -0.0098748 0.1741 0.654461 -0.165713 -0.527396 0.0518873 -0.0272618 0.0821786 0.576202 0.224953 0.926845 1.04387 0.662129 0.244488 0.380058 0.518335 -0.675604 0.507753 0.504978 
-1.07265 0.00422376 0.142103 -0.64042 -0.836715 -0.814571 0.236229 -0.548623 -0.557169 -0.197286 -0.0500902 0.0175055 0.155822 0.636023 -0.06237 -0.473023 -0.0414519 0.00413557 0.0844128 0.637947 0.197944 0.892062 1.02843 0.744303 0.263254 0.350024 0.51327 -0.669038 0.489462 0.445566 
-1.06858 0.0568966 0.109167 -0.628354 -0.939445 -0.866658 0.282912 -0.369135 -0.544151 -0.289582 -0.0994019 -0.0185207 0.176975 0.636705 -0.170941 -0.540463 0.0395359 0.00415042 0.0909455 0.618465 0.217412 0.883023 1.04143 0.654213 0.248028 0.327249 0.481682 -0.688628 0.51925 0.507698 
-1.07591 0.0658093 0.114358 -0.63838 -0.849566 -0.834755 0.278347 -0.481727 -0.55909 -0.252261 -0.120179 0.0358214 0.159045 0.67822 -0.174985 -0.521168 -0.00748129 -0.00110542 0.0830871 0.631765 0.228419 0.883307 1.02015 0.704162 0.237874 0.422657 0.579211 -0.679818 0.44825 0.435591 
-1.12797 0.0716917 0.109881 -0.678814 -0.868194 -0.833817 0.236018 -0.414858 -0.542532 -0.251684 -0.0678186 0.0106391 0.147078 0.650026 -0.123813 -0.532369 -0.00366787 -0.00268858 0.100358 0.60024 0.249564 0.917356 1.04565 0.690709 0.239359 0.367418 0.544243 -0.665269 0.47353 0.528306 
-1.12736 0.078084 0.0917569 -0.643289 -0.856634 -0.861014 0.251483 -0.369583 -0.557393 -0.180868 -0.0906755 0.0852091 0.158251 0.621361 -0.181129 -0.503492 0.053081 -0.0220199 0.0988028 0.648969 0.265257 0.939597 1.02575 0.683575 0.265856 0.428439 0.509668 -0.669728 0.520985 0.497963 
-1.07188 0.0571876 0.1213 -0.630409 -0.844584 -0.856355 0.280279 -0.449933 -0.558035 -0.280813 -0.0942256 0.0300023 0.15394 0.641742 -0.160642 -0.525848 0.00112173 -0.0448812 0.0899433 0.598074 0.198405 0.863605 1.081 0.689521 0.253128 0.378219 0.531296 -0.649734 0.497702 0.522606 
-1.06424 0.0742433 0.152084 -0.615716 -0.856588 -0.859576 0.281331 -0.368179 -0.595779 -0.326207 -0.0368971 0.0112502 0.166206 0.650283 -0.170844 -0.527106 0.00362446 -0.0282541 0.114073 0.579931 0.195071 0.863785 1.07672 0.687871 0.257623 0.373925 0.519716 -0.737362 0.534306 0.571867 
-1.08371 0.065501 0.052511 -0.576513 -0.84048 -0.873844 0.304557 -0.393097 -0.565944 -0.206641 -0.056603 0.0632389 0.115785 0.613476 -0.108375 -0.540316 -0.0371878 -0.015352 0.0734831 0.574181 0.279779 0.909584 1.0207 0.696065 0.295188 0.439481 0.536886 -0.668924 0.453969 0.506893 
-1.09134 0.0651249 0.0524957 -0.633256 -0.862043 -0.820043 0.331391 -0.466165 -0.598532 -0.174523 -0.120533 0.0547681 0.0954478 0.594143 -0.126192 -0.525805 -0.00837321 -0.0136855 0.118148 0.595178 0.302354 0.91598 1.02308 0.675835 0.268832 0.49553 0.479828 -0.697885 0.443021 0.404712 
-1.08103 0.07464 0.0358566 -0.60676 -0.889271 -0.822263 0.241519 -0.469206 -0.547707 -0.174475 -0.0526684 0.0491837 0.186367 0.708238 -0.161341 -0.476515 0.0164241 0.0123431 0.119013 0.599861 0.222275 0.886919 1.02472 0.642553 0.272243 0.494245 0.50057 -0.721309 0.45066 0.467977 
-1.11678 0.0867727 0.0918583 -0.637159 -0.871451 -0.887695 0.223622 -0.389826 -0.546171 -0.167343 -0.0472779 0.0350869 0.113809 0.572012 -0.146017 -0.493719 0.0397904 -0.00149824 0.126445 0.617514 0.235558 0.956609 1.05533 0.729534 0.283873 0.411708 0.571998 -0.656072 0.519443 0.473107 
-1.15603 0.0937959 0.0659321 -0.649584 -0.867947 -0.846317 0.26804 -0.464856 -0.581814 -0.217391 -0.0515729 0.056619 0.113953 0.648225 -0.167877 -0.519162 0.0156534 -0.0287219 0.106555 0.639186 0.243134 0.888839 1.05529 0.669003 0.290934 0.395872 0.601928 -0.673717 0.478807 0.464982 
-1.08585 0.0725134 0.119904 -0.651772 -0.866311 -0.865051 0.272361 -0.480852 -0.569431 -0.269972 -0.045424 0.03644 0.159315 0.666349 -0.154686 -0.540738 0.0190413 0.00190981 0.117192 0.579392 0.249924 0.889674 1.07379 0.679442 0.243311 0.39743 0.522172 -0.725759 0.524086 0.500426 
-1.05054 0.0502847 0.0295567 -0.678086 -0.810546 -0.845781 0.183758 -0.374968 -0.568186 -0.221028 -0.141699 -0.027985 0.156 0.655896 -0.18457 -0.43603 -0.000963768 0.017068 0.0786941 0.627951 0.162359 0.964904 1.07573 0.634729 0.194708 0.406309 0.537363 -0.71307 0.519564 0.504886 
-1.08183 0.0779792 0.0875827 -0.625908 -0.862079 -0.838754 0.238349 -0.39049 -0.581108 -0.237765 -0.0756466 0.0625836 0.15089 0.628592 -0.134637 -0.487911 0.0271275 -0.0059684 0.131052 0.577215 0.251749 0.920292 1.02285 0.681663 0.271069 0.458664 0.561857 -0.698174 0.476633 0.439314 
-1.11535 0.0497863 0.0829211 -0.639117 -0.8505 -0.844923 0.247486 -0.451447 -0.583991 -0.219983 -0.0883631 0.0411592 0.155015 0.63785 -0.170625 -0.496254 0.0506303 -0.020482 0.118657 0.608374 0.267096 0.923182 1.00994 0.68138 0.276675 0.42343 0.590052 -0.662215 0.503324 0.468008 
-1.11753 0.0562047 0.0720683 -0.581616 -0.861435 -0.823062 0.231765 -0.386413 -0.538339 -0.229945 -0.0942602 0.0428285 0.110268 0.642905 -0.168897 -0.480227 0.0614653 0.00597837 0.112321 0.585201 0.275445 0.894205 1.03936 0.692245 0.256111 0.408613 0.575205 -0.67217 0.477995 0.444994 
-1.08003 0.11451 0.0833765 -0.526401 -0.910136 -0.89307 0.345261 -0.359962 -0.571219 -0.172294 -0.0683184 0.0227274 0.108369 0.534938 -0.0467606 -0.524692 0.0456305 -0.0247201 0.0999058 0.556421 0.380667 0.95572 1.02276 0.678781 0.333584 0.482458 0.497495 -0.639035 0.40754 0.442628 
-1.03454 0.0700468 0.122638 -0.656544 -0.929317 -0.838305 0.274761 -0.419292 -0.570811 -0.307765 -0.0474345 -0.00162864 0.182502 0.67975 -0.151113 -0.551596 -0.00624858 -0.0371922 0.126832 0.584059 0.214426 0.894394 1.0365 0.672629 0.253406 0.359411 0.511416 -0.655548 0.478181 0.546259 
-1.10163 0.113748 0.109425 -0.569088 -0.929912 -0.846144 0.297774 -0.41981 -0.592369 -0.243639 -0.0600455 0.0258444 0.140886 0.591601 -0.133007 -0.484555 0.00229829 -0.0519188 0.130892 0.611434 0.229883 0.899154 1.02705 0.686888 0.333847 0.480851 0.51248 -0.636938 0.481769 0.434457 
-1.08614 0.108453 0.0852913 -0.579904 -0.860466 -0.857985 0.260937 -0.423018 -0.618042 -0.196007 -0.111315 0.0327566 0.130863 0.670286 -0.191571 -0.496876 0.0350843 -0.0249666 0.081516 0.589626 0.323146 0.935425 1.00351 0.694016 0.349442 0.42736 0.560657 -0.654107 0.460183 0.42586 
-1.10548 0.0297105 0.0404997 -0.680862 -0.892204 -0.851758 0.219032 -0.452668 -0.555316 -0.186588 -0.0422591 0.0161609 0.156783 0.732375 -0.194888 -0.489248 -0.0277396 0.00477248 0.0914108 0.598493 0.197684 0.919472 1.0586 0.628509 0.216735 0.43514 0.531132 -0.671812 0.497818 0.455339 
-1.10598 0.107358 0.158865 -0.651367 -0.826612 -0.904583 0.282186 -0.407327 -0.57632 -0.273414 -0.0448624 0.036269 0.122179 0.648819 -0.112026 -0.555435 0.0300957 -0.0346567 0.102916 0.598957 0.254998 0.840803 1.05733 0.712625 0.253236 0.381842 0.547478 -0.705697 0.477431 0.485621 
-1.04034 0.0812928 0.109389 -0.660066 -0.899407 -0.840078 0.239229 -0.385751 -0.580148 -0.273935 -0.0674227 -0.0195624 0.175662 0.641422 -0.133988 -0.536627 0.0366103 -0.00740968 0.117737 0.606827 0.23081 0.893472 1.05732 0.672981 0.242005 0.364771 0.490017 -0.664053 0.472306 0.50943 
-1.11702 0.0820781 0.139553 -0.646716 -0.875191 -0.869496 0.251722 -0.398039 -0.562239 -0.244586 -0.0731143 0.0332126 0.147598 0.65687 -0.145231 -0.541928 0.0179742 -0.0236614 0.0728423 0.587324 0.264557 0.866709 1.02593 0.678699 0.234056 0.380287 0.523327 -0.684367 0.506589 0.475934 
-1.09034 0.0264903 0.107275 -0.668224 -0.870533 -0.834119 0.246254 -0.506217 -0.584346 -0.199615 -0.110639 0.0223308 0.143586 0.696671 -0.224042 -0.524095 0.0226345 -0.025198 0.109912 0.613962 0.26714 0.905482 0.99956 0.715932 0.244419 0.427058 0.554652 -0.653559 0.494384 0.485634 
-1.04611 0.0830373 0.162255 -0.614645 -0.84086 -0.823083 0.339816 -0.374252 -0.556674 -0.239037 -0.0608942 0.0383197 0.141774 0.633512 -0.116427 -0.543949 0.0451493 -0.0279099 0.103223 0.610038 0.22495 0.893064 1.04212 0.698585 0.218176 0.385107 0.466627 -0.725638 0.495526 0.549329 
-1.1153 0.0610799 0.0510048 -0.607385 -0.895445 -0.818601 0.221844 -0.435813 -0.5535 -0.171811 -0.0378225 0.0324224 0.127016 0.590363 -0.0998717 -0.458462 0.0355493 -0.0340492 0.0899691 0.627644 0.189496 0.97483 1.01922 0.729859 0.285928 0.368923 0.566624 -0.711185 0.459839 0.511379 
-1.13673 0.0464864 0.0574088 -0.556386 -0.884478 -0.844302 0.25948 -0.389637 -0.608983 -0.190703 -0.099528 0.0641726 0.109602 0.557913 -0.135814 -0.481163 0.0689591 -0.0404863 0.085138 0.63808 0.246299 0.959849 1.03648 0.719297 0.328635 0.439461 0.505757 -0.620267 0.472017 0.544188 
-1.05133 0.0688775 0.111204 -0.632959 -0.889352 -0.838357 0.276429 -0.371196 -0.579991 -0.296144 -0.105235 0.0177412 0.153765 0.596632 -0.149172 -0.563976 0.0521488 -0.0170531 0.114583 0.626454 0.262058 0.909392 1.06009 0.707666 0.277124 0.353849 0.492365 -0.658094 0.513854 0.528666 
-1.09626 0.105777 0.0841186 -0.506845 -0.891119 -0.883541 0.293855 -0.41436 -0.621276 -0.180671 -0.0542125 0.0765542 0.116809 0.573452 -0.069133 -0.499247 -0.00756846 -0.0357197 0.128097 0.584096 0.388446 0.914971 0.987353 0.672981 0.338584 0.507269 0.503355 -0.659192 0.428247 0.383831 
-1.12205 0.0793858 0.0937297 -0.682473 -0.858401 -0.830364 0.242811 -0.422312 -0.583916 -0.262112 -0.092614 0.0629257 0.129036 0.63393 -0.177486 -0.530954 0.0222016 -0.0495141 0.115297 0.62354 0.285416 0.930146 1.05736 0.663319 0.293902 0.435123 0.587071 -0.71962 0.463424 0.498537 
-1.08723 0.0614004 0.0432134 -0.683924 -0.885564 -0.829838 0.25997 -0.459737 -0.57629 -0.177113 -0.0274065 0.0404126 0.132424 0.715232 -0.169416 -0.489772 0.0155525 -0.037728 0.106389 0.590148 0.200034 0.903797 1.03373 0.646658 0.213248 0.455723 0.511552 -0.671781 0.452062 0.436449 
-1.11675 0.0845255 0.107827 -0.61674 -0.846018 -0.820253 0.280216 -0.392011 -0.53044 -0.326373 -0.0689918 0.0218114 0.131995 0.696937 -0.155518 -0.545902 0.0197504 -0.0435494 0.128816 0.592014 0.23145 0.86132 1.05706 0.704544 0.191016 0.400989 0.500671 -0.741616 0.534394 0.561112 
-1.12578 0.0636568 0.0726404 -0.602797 -0.85405 -0.856768 0.240073 -0.372997 -0.576282 -0.281641 -0.0729506 0.0752936 0.147504 0.602837 -0.160831 -0.525787 0.0424489 -0.0128401 0.0838447 0.660613 0.314755 0.949861 1.03235 0.696875 0.302511 0.421607 0.547205 -0.690044 0.506884 0.512613 
-1.13997 0.0747445 0.0918073 -0.624789 -0.850843 -0.907428 0.259169 -0.457358 -0.548381 -0.241601 -0.0605696 0.0258136 0.0928198 0.611582 -0.153452 -0.485461 0.027062 -0.0181309 0.108925 0.616899 0.208807 0.932854 1.02001 0.682337 0.278615 0.450817 0.545487 -0.6802 0.438767 0.402705 
-1.14778 0.0501575 0.0968126 -0.675995 -0.854199 -0.840641 0.252218 -0.500747 -0.558669 -0.245425 -0.111309 0.0664621 0.147525 0.642231 -0.18917 -0.491268 0.0218484 0.0196095 0.0927525 0.614914 0.223472 0.920248 1.01818 0.640578 0.247175 0.408391 0.582073 -0.622165 0.470001 0.516811 
-1.10714 0.104941 0.0778268 -0.611654 -0.85518 -0.869029 0.251835 -0.366544 -0.593791 -0.279438 -0.0816376 0.084202 0.16167 0.600422 -0.157011 -0.505406 0.0568471 -0.0305202 0.101981 0.672786 0.313118 0.944076 1.02021 0.685925 0.303255 0.400385 0.513232 -0.684287 0.487081 0.522305 
-1.11214 0.0803953 0.0753094 -0.613549 -0.862669 -0.884136 0.239455 -0.375507 -0.605576 -0.255592 -0.0971526 0.0763611 0.155301 0.586122 -0.135754 -0.499498 0.0649825 -0.0106001 0.077079 0.667662 0.300664 0.952734 1.02997 0.682018 0.290653 0.402338 0.489247 -0.699765 0.489045 0.517426 
-1.09143 0.112606 0.0726754 -0.630529 -0.841796 -0.844723 0.270612 -0.381414 -0.572414 -0.281441 -0.0572123 0.080158 0.141889 0.597432 -0.169079 -0.512155 0.0702697 -0.0455302 0.117374 0.652201 0.303553 0.957259 1.01103 0.708306 0.300177 0.373936 0.490406 -0.68269 0.500811 0.505222 
-1.09592 0.0915681 0.0841693 -0.633351 -0.871799 -0.856817 0.234727 -0.40536 -0.587937 -0.191721 -0.0671627 0.0577897 0.131994 0.590844 -0.109927 -0.498681 0.024919 -0.0354132 0.105359 0.599097 0.336323 0.939553 1.0371 0.69833 0.27384 0.490633 0.513355 -0.671744 0.497262 0.500043 
-1.10354 0.0993294 0.0701262 -0.615693 -0.869133 -0.847306 0.21084 -0.410572 -0.573821 -0.183041 -0.0546704 0.0483949 0.108745 0.571354 -0.123383 -0.521969 0.0115618 -0.0234113 0.100222 0.612847 0.317794 0.960979 1.03181 0.693257 0.260768 0.478305 0.506853 -0.67091 0.511839 0.517072 
-1.08242 0.116095 0.0814378 -0.631516 -0.8919 -0.862216 0.237672 -0.380558 -0.609697 -0.203835 -0.0837198 0.0554673 0.123856 0.614634 -0.0915322 -0.514347 0.0478029 -0.0194343 0.0880969 0.603495 0.356334 0.915682 1.02624 0.693531 0.279151 0.489829 0.522591 -0.669707 0.498791 0.490873 
-1.12104 0.107165 0.0680217 -0.613924 -0.897679 -0.866298 0.275697 -0.375263 -0.587614 -0.267903 -0.0558165 0.0681248 0.157878 0.609786 -0.169627 -0.530556 0.0575599 -0.0368099 0.0755359 0.65391 0.30053 0.912232 1.00327 0.697534 0.299502 0.397752 0.50898 -0.715205 0.473586 0.516218 
-1.10571 0.115673 0.0569397 -0.591649 -0.876256 -0.880678 0.296434 -0.369391 -0.611195 -0.271067 -0.0446843 0.0572229 0.138847 0.612775 -0.182861 -0.552625 0.0575236 -0.0522808 0.0628546 0.65704 0.299443 0.909309 1.0071 0.712567 0.320051 0.393648 0.518072 -0.721422 0.474628 0.520729 
-1.10326 0.119107 0.0445489 -0.639475 -0.8958 -0.859443 0.296563 -0.358963 -0.57011 -0.268866 -0.0483055 0.0588956 0.175678 0.592126 -0.169525 -0.506834 0.0349829 -0.0185491 0.098015 0.667681 0.324962 0.895365 1.01073 0.70005 0.305745 0.414242 0.506083 -0.732166 0.456336 0.522117 
-1.10716 0.103289 0.0809355 -0.662393 -0.877779 -0.824529 0.200999 -0.445996 -0.553376 -0.240262 -0.0740736 0.0445374 0.153275 0.675393 -0.145453 -0.5344 0.0109534 0.0468097 0.116569 0.633195 0.246772 0.933015 1.02892 0.667416 0.240975 0.447733 0.594762 -0.68518 0.479227 0.46219 
-1.084 0.0994191 0.0853222 -0.670086 -0.860784 -0.810136 0.210422 -0.451443 -0.556027 -0.231668 -0.0664078 0.018122 0.171889 0.681403 -0.163269 -0.528544 -0.013404 0.0447558 0.134663 0.635744 0.252818 0.938851 1.05111 0.662081 0.223306 0.439249 0.584897 -0.683842 0.476935 0.478573 
-1.1267 0.0870239 0.0645872 -0.641528 -0.872001 -0.812732 0.201033 -0.438579 -0.547093 -0.214543 -0.0771324 0.0698201 0.150751 0.666165 -0.122602 -0.547362 0.028115 0.03249 0.103766 0.621382 0.245507 0.939896 1.03536 0.664503 0.264906 0.438573 0.569634 -0.669723 0.484654 0.450726 
-1.1152 0.0806084 0.109929 -0.638829 -0.872841 -0.833514 0.24954 -0.410998 -0.547223 -0.297785 -0.061735 0.0258363 0.163446 0.668157 -0.148282 -0.536696 -0.00584236 0.0110113 0.103443 0.603878 0.231348 0.90457 1.01497 0.6849 0.253296 0.372832 0.548965 -0.724516 0.489463 0.547157 
-1.11987 0.0542356 0.132792 -0.638076 -0.860238 -0.847334 0.235668 -0.388204 -0.564319 -0.291619 -0.0662057 0.0248949 0.18332 0.661681 -0.151529 -0.537512 0.0100573 -0.0105893 0.116365 0.606651 0.21382 0.904905 0.999251 0.69051 0.273732 0.39567 0.568462 -0.713041 0.505619 0.54533 
-1.13032 0.0909538 0.114201 -0.647719 -0.853001 -0.850252 0.269604 -0.397316 -0.539123 -0.315111 -0.078996 0.0327972 0.181307 0.650118 -0.12861 -0.559978 -0.000419517 0.0195093 0.129419 0.613458 0.209655 0.883552 1.02759 0.690162 0.276384 0.398413 0.550014 -0.743733 0.476951 0.568671 
-1.0701 0.0583929 0.133819 -0.618972 -0.846861 -0.875445 0.299683 -0.372908 -0.584855 -0.290986 -0.0529262 0.0197111 0.155763 0.67974 -0.152857 -0.530328 0.0185283 -0.0322486 0.0947391 0.619164 0.211462 0.869118 1.04573 0.711451 0.253013 0.341837 0.503104 -0.748059 0.523031 0.524888 
-1.07578 0.0771933 0.153597 -0.613562 -0.833425 -0.886226 0.289835 -0.373388 -0.585967 -0.266478 -0.0347033 0.0121923 0.147635 0.700356 -0.166268 -0.55142 0.00775384 -0.0401615 0.0855994 0.617026 0.226579 0.861726 1.0254 0.696497 0.242487 0.34954 0.528695 -0.726693 0.537511 0.53857 
-1.04658 0.0352527 0.124659 -0.593919 -0.848671 -0.854519 0.296983 -0.391294 -0.598617 -0.276886 -0.035145 -0.00292308 0.148162 0.667739 -0.131997 -0.536781 0.0280014 -0.0291154 0.0876556 0.601804 0.193197 0.851244 1.02997 0.727557 0.23713 0.321915 0.480211 -0.725886 0.542521 0.499009 
-1.08692 0.0765566 0.0830783 -0.589246 -0.890229 -0.844824 0.245316 -0.402773 -0.602688 -0.217692 -0.0578214 0.0556761 0.140821 0.624061 -0.143747 -0.471068 0.0460363 -0.00584627 0.132274 0.591962 0.240467 0.946813 1.05429 0.736415 0.295933 0.456335 0.55252 -0.684345 0.470642 0.410263 
-1.10747 0.0762904 0.0594757 -0.602868 -0.865184 -0.831191 0.234344 -0.408966 -0.618954 -0.230356 -0.0680283 0.0543723 0.129427 0.631338 -0.163918 -0.44907 0.0551404 0.0153942 0.149726 0.569417 0.216016 0.942754 1.05301 0.722351 0.291348 0.445258 0.553959 -0.687437 0.493221 0.406409 
-1.11047 0.0743926 0.0838477 -0.56632 -0.875909 -0.823167 0.254395 -0.381817 -0.599646 -0.232266 -0.0829211 0.0499384 0.124681 0.632706 -0.144854 -0.495152 0.0719664 0.017965 0.132617 0.614205 0.256475 0.946523 1.07908 0.759659 0.315086 0.443385 0.536506 -0.704734 0.456736 0.403045 
-1.09533 0.0768662 0.087189 -0.635983 -0.872768 -0.855677 0.204514 -0.417015 -0.573445 -0.192728 -0.0799783 0.0418687 0.134314 0.594611 -0.137943 -0.467868 0.0551554 -0.0251871 0.0992991 0.605248 0.237558 0.951446 1.04215 0.713529 0.267039 0.412389 0.563226 -0.669131 0.502467 0.505719 
-1.09504 0.0735353 0.0840162 -0.636371 -0.869139 -0.841274 0.184358 -0.391795 -0.565477 -0.194072 -0.103464 0.0655288 0.126439 0.586924 -0.150971 -0.471158 0.0788589 -0.0509419 0.0805331 0.61283 0.261085 0.933936 1.05488 0.731021 0.274388 0.406427 0.540002 -0.652527 0.503656 0.518089 
-1.1098 0.0733625 0.10387 -0.654277 -0.892828 -0.854966 0.187492 -0.405201 -0.586061 -0.184311 -0.0678773 0.0540397 0.123104 0.570295 -0.137334 -0.491954 0.0580061 -0.0381676 0.0733745 0.591273 0.231478 0.926678 1.06856 0.732779 0.274538 0.429795 0.55938 -0.678804 0.511066 0.523588 
-1.09411 0.0770769 0.0883549 -0.634932 -0.867496 -0.854235 0.213857 -0.414078 -0.577069 -0.207828 -0.0741375 0.0492128 0.129531 0.619522 -0.144549 -0.480642 0.053129 -0.0259368 0.102323 0.594877 0.238765 0.937264 1.04716 0.713555 0.288685 0.425299 0.562252 -0.670854 0.490676 0.476234 
-1.09541 0.0819832 0.0753519 -0.651925 -0.883983 -0.878225 0.220186 -0.435755 -0.58105 -0.19748 -0.0999984 0.0416914 0.120333 0.609476 -0.128075 -0.455063 0.0533016 -0.0494677 0.124821 0.595599 0.224306 0.957586 1.0458 0.722406 0.278897 0.415407 0.580507 -0.6891 0.498801 0.471602 
-1.07409 0.0704055 0.064835 -0.635739 -0.860653 -0.877336 0.233483 -0.411517 -0.60101 -0.182743 -0.0739465 0.0230049 0.115504 0.612286 -0.12963 -0.491265 0.0744472 -0.0474597 0.102381 0.589526 0.221252 0.931618 1.06279 0.724306 0.296651 0.445995 0.566769 -0.647562 0.504262 0.486656 
-1.15002 0.0766417 0.0703238 -0.677409 -0.855104 -0.836828 0.22185 -0.45327 -0.53034 -0.233182 -0.0941854 0.0459116 0.184371 0.66132 -0.144106 -0.542433 -0.0200085 0.0512933 0.151546 0.589397 0.246431 0.928346 0.986017 0.683618 0.240799 0.448052 0.599695 -0.673766 0.461839 0.433199 
-1.14669 0.0648698 0.0875434 -0.690345 -0.833875 -0.822551 0.22105 -0.437633 -0.537833 -0.248714 -0.0706423 0.0633266 0.163518 0.652624 -0.155802 -0.51876 -0.0223333 0.041464 0.16434 0.587689 0.236236 0.93591 1.00594 0.6964 0.232967 0.430859 0.598824 -0.689506 0.447114 0.450372 
-1.13503 0.052084 0.0748774 -0.670407 -0.861916 -0.852412 0.228901 -0.460432 -0.542956 -0.254628 -0.107966 0.0544802 0.204884 0.651183 -0.163841 -0.567902 -0.00502351 0.0369282 0.144843 0.566146 0.225851 0.952871 0.995227 0.683073 0.233878 0.431165 0.617506 -0.667525 0.481819 0.427481 
-1.10771 0.0788202 0.107479 -0.63606 -0.872797 -0.853722 0.224362 -0.416472 -0.556379 -0.21592 -0.0659742 0.0330043 0.15257 0.665288 -0.140124 -0.506575 0.00199441 -0.0120019 0.0995109 0.604218 0.232837 0.926429 1.03093 0.708057 0.254294 0.399194 0.551811 -0.688334 0.493164 0.516506 
-1.08415 0.0623819 0.123312 -0.656241 -0.851131 -0.844845 0.296876 -0.375475 -0.534923 -0.286669 -0.0928597 0.0442676 0.169229 0.676143 -0.147509 -0.538919 -0.0139606 0.0422757 0.125186 0.602385 0.232207 0.919148 1.03108 0.689605 0.249595 0.373457 0.57647 -0.736822 0.46388 0.497032 
-1.10199 0.0956839 0.081406 -0.625441 -0.870843 -0.857475 0.232828 -0.389843 -0.593784 -0.222911 -0.0809882 0.0834027 0.150973 0.596195 -0.143995 -0.481369 0.056429 -0.0262006 0.100367 0.615131 0.246014 0.948574 1.0217 0.687784 0.281512 0.411319 0.515237 -0.676749 0.49102 0.505861 
-1.09997 0.0606998 0.132547 -0.643947 -0.847685 -0.845029 0.297999 -0.422393 -0.542447 -0.24046 -0.0631837 0.0340687 0.161351 0.67185 -0.144467 -0.533824 0.0168155 0.0194212 0.143259 0.599964 0.225725 0.880578 0.999802 0.707902 0.250996 0.375275 0.539645 -0.685579 0.489651 0.459961 
-1.10808 0.105041 0.0726306 -0.612797 -0.859286 -0.868808 0.267829 -0.371774 -0.5932 -0.274185 -0.0640502 0.0694685 0.157936 0.602861 -0.157567 -0.505616 0.0570741 -0.0367461 0.0832319 0.654507 0.31016 0.934755 1.01111 0.694938 0.299718 0.4003 0.509321 -0.702754 0.474946 0.520872 
-1.13021 0.100213 0.069225 -0.641554 -0.886598 -0.841373 0.239876 -0.400747 -0.553892 -0.265738 -0.0726883 0.0537213 0.170162 0.644941 -0.160616 -0.537073 0.0065274 0.0405947 0.117839 0.592628 0.247389 0.922291 1.00212 0.693815 0.283822 0.44673 0.572321 -0.704901 0.468294 0.476029 
-1.10553 0.0998928 0.080455 -0.599377 -0.863564 -0.868661 0.248205 -0.39601 -0.595561 -0.241742 -0.081436 0.0633149 0.154645 0.600632 -0.156853 -0.487702 0.0505861 -0.0182416 0.123368 0.634087 0.302305 0.945812 1.0406 0.716609 0.301042 0.452785 0.515909 -0.684292 0.472062 0.521075 
-1.08327 0.0684726 0.106203 -0.628676 -0.852111 -0.875094 0.285202 -0.412663 -0.578607 -0.283049 -0.0711638 0.033046 0.143884 0.643501 -0.138495 -0.524176 0.0256118 -0.0294007 0.0979185 0.618772 0.2283 0.938805 1.04257 0.712499 0.263734 0.382324 0.558639 -0.702611 0.507277 0.524452 
-1.10282 0.0770899 0.0927436 -0.637162 -0.872804 -0.840412 0.241475 -0.415443 -0.561577 -0.197892 -0.078609 0.0267965 0.144517 0.631544 -0.14757 -0.521055 0.0285636 -0.0138758 0.102493 0.604929 0.237423 0.940716 1.0363 0.696053 0.256979 0.389033 0.557633 -0.708034 0.498903 0.535145 
-1.08796 0.089607 0.08783 -0.630894 -0.864434 -0.861174 0.265316 -0.401552 -0.586738 -0.226923 -0.0668161 0.0291947 0.151528 0.593508 -0.137868 -0.506932 0.0211702 -0.0347748 0.101952 0.602523 0.269219 0.880679 1.04533 0.70048 0.255562 0.383455 0.511214 -0.741298 0.509234 0.50898 
-1.14069 0.106345 0.0697632 -0.672876 -0.894055 -0.844752 0.231813 -0.419288 -0.58183 -0.247786 -0.0904832 0.0539803 0.161492 0.642495 -0.146218 -0.535475 0.0560309 0.0395527 0.138871 0.623627 0.25392 0.927154 1.00223 0.69297 0.269874 0.420111 0.567454 -0.681586 0.465656 0.470979 
-1.13984 0.0970347 0.068259 -0.652789 -0.894825 -0.855221 0.272693 -0.411443 -0.539162 -0.265182 -0.0928476 0.0595274 0.163277 0.612882 -0.169062 -0.540716 0.0392326 0.0128961 0.132526 0.649338 0.280425 0.922455 0.991395 0.690048 0.288034 0.40512 0.580305 -0.688362 0.467579 0.469918 
-1.11492 0.0864309 0.100307 -0.662142 -0.875537 -0.83027 0.239353 -0.427366 -0.548584 -0.255871 -0.0617727 0.0332686 0.154364 0.672128 -0.147784 -0.535611 -0.00143975 0.0398251 0.104931 0.632928 0.243015 0.928431 1.02082 0.670685 0.251573 0.401814 0.594494 -0.710825 0.483843 0.516622 
-1.1118 0.0843714 0.08716 -0.625219 -0.867346 -0.842306 0.25106 -0.391503 -0.579001 -0.289743 -0.0667266 0.0815321 0.162552 0.628378 -0.153428 -0.513035 0.0325214 -0.00519921 0.102258 0.64827 0.306547 0.907481 1.01756 0.685098 0.28673 0.379339 0.532799 -0.689387 0.487942 0.539288 
-1.10185 0.0828128 0.0820016 -0.644752 -0.868237 -0.832615 0.21351 -0.440713 -0.556972 -0.233647 -0.0740737 0.04734 0.150035 0.620557 -0.145155 -0.520789 0.0215893 0.0222456 0.111553 0.621705 0.241904 0.933387 1.03896 0.67374 0.254145 0.430473 0.567183 -0.675998 0.482208 0.467185 
-1.09842 0.0959876 0.0819952 -0.659284 -0.876704 -0.825449 0.203557 -0.430849 -0.562925 -0.229074 -0.0761947 0.043887 0.145671 0.607263 -0.14039 -0.514597 0.0345443 0.0196513 0.112527 0.620268 0.24429 0.937268 1.03 0.667667 0.255588 0.43586 0.591153 -0.678364 0.497659 0.479942 
-1.10269 0.0818089 0.0846361 -0.633231 -0.859212 -0.858872 0.218909 -0.398894 -0.583232 -0.277317 -0.0815319 0.053111 0.138358 0.600309 -0.146716 -0.494267 0.0565894 -0.0280331 0.101252 0.625718 0.273175 0.94429 1.04202 0.687847 0.289609 0.402847 0.53336 -0.681231 0.495314 0.508342 
-1.11627 0.0768603 0.0810667 -0.654289 -0.859512 -0.843305 0.218953 -0.42934 -0.536055 -0.208618 -0.0857627 0.0491156 0.175301 0.637056 -0.144476 -0.533306 0.00157154 -0.0244851 0.150048 0.590878 0.24054 0.929245 1.00853 0.697499 0.252062 0.434871 0.569297 -0.673031 0.480053 0.469322 
-1.10459 0.0929771 0.0877163 -0.635576 -0.872059 -0.840074 0.202415 -0.423504 -0.575249 -0.224904 -0.0741174 0.0464054 0.135997 0.658769 -0.144593 -0.482512 0.0169202 -0.00725422 0.111787 0.626397 0.245722 0.933554 1.04333 0.70562 0.286728 0.447698 0.590401 -0.674421 0.486191 0.473471 
-1.11404 0.0872975 0.0874369 -0.634677 -0.872427 -0.83524 0.238262 -0.408182 -0.587812 -0.216654 -0.0653708 0.0329899 0.156468 0.629592 -0.131699 -0.521944 -0.00134383 -0.00675189 0.10508 0.602402 0.251848 0.915886 1.01575 0.687346 0.254965 0.466307 0.541604 -0.702429 0.493318 0.518619 
