-1.11285 0.0451175 0.0508883 -0.631603 -0.85086 -0.808246 0.307893 -0.467786 -0.622927 -0.199905 -0.109812 0.0559349 0.0883809 0.616435 -0.135657 -0.529621 0.0100922 -0.030207 0.13421 0.619103 0.315585 0.935886 1.01914 0.658665 0.280283 0.480594 0.480083 -0.676876 0.437667 0.430924 
-1.10084 0.0282998 0.110461 -0.656164 -0.884476 -0.853693 0.271702 -0.525818 -0.573559 -0.2125 -0.136432 0.0253245 0.169764 0.703799 -0.234673 -0.511078 0.0363157 -0.00504741 0.0835293 0.602407 0.264524 0.892983 0.976816 0.712109 0.234895 0.441767 0.529439 -0.660098 0.511865 0.478818 
-1.0716 0.0491637 0.106827 -0.644657 -0.8431 -0.85028 0.305958 -0.455875 -0.573912 -0.286258 -0.114271 0.00873253 0.172576 0.662029 -0.146191 -0.535285 0.0267154 -0.0316894 0.101504 0.586165 0.220631 0.866415 1.10399 0.682053 0.240032 0.382458 0.537526 -0.636239 0.478939 0.515742 
-1.02117 0.0213583 0.0397574 -0.584503 -0.827122 -0.846771 0.317663 -0.371568 -0.588006 -0.211996 -0.0666312 0.000199046 0.0778851 0.620713 -0.100438 -0.487104 -0.0280762 -0.0309677 0.128288 0.586368 0.316946 0.925904 1.02013 0.754881 0.365956 0.458874 0.503902 -0.692075 0.489662 0.360053 
-1.06652 0.0424478 0.0924395 -0.649866 -0.842494 -0.931583 0.236903 -0.437515 -0.628565 -0.239615 -0.0746554 -0.0180481 0.210846 0.661214 -0.118926 -0.476051 0.0446996 0.0511188 0.0736381 0.633948 0.28345 0.90116 0.983312 0.676706 0.2083 0.447373 0.498745 -0.713619 0.468465 0.462828 
-1.11211 0.0957161 0.079488 -0.619087 -0.868547 -0.871623 0.251111 -0.383004 -0.597669 -0.216671 -0.0710836 0.0471278 0.129617 0.616789 -0.117608 -0.525445 0.0309594 -0.0258887 0.0818212 0.62383 0.276007 0.868426 1.07112 0.687423 0.276343 0.380074 0.48707 -0.729424 0.49535 0.484614 
-1.09772 0.102533 0.111515 -0.640793 -0.832463 -0.84099 0.293088 -0.382316 -0.504646 -0.322088 -0.0805657 0.00684688 0.142176 0.713918 -0.176572 -0.567118 -0.000149867 -0.0523609 0.118766 0.584425 0.243691 0.882947 1.04542 0.696358 0.178327 0.412545 0.514763 -0.760936 0.517051 0.579158 
-1.10715 0.0682512 0.0742647 -0.616221 -0.869433 -0.852131 0.223226 -0.405073 -0.593258 -0.240598 -0.0902315 0.0492785 0.149237 0.663931 -0.161841 -0.504718 0.0135842 -0.00984465 0.118793 0.643483 0.238611 0.940788 1.02468 0.714569 0.310081 0.449398 0.590434 -0.681058 0.494845 0.495291 
-1.10362 0.100153 0.119642 -0.574516 -0.843005 -0.859415 0.239641 -0.402733 -0.581205 -0.196243 -0.0901247 0.086983 0.123661 0.543701 -0.0987208 -0.515484 0.0768385 -0.0569816 0.0897658 0.624354 0.262226 0.916392 1.05514 0.76232 0.337525 0.441662 0.548545 -0.65308 0.494752 0.515821 
-1.11028 0.0601578 0.0424089 -0.682987 -0.898881 -0.841934 0.268124 -0.450763 -0.571607 -0.173129 -0.0240775 0.0433666 0.129557 0.738528 -0.153441 -0.510443 -0.00706995 -0.027741 0.116372 0.568673 0.173861 0.928442 1.04299 0.66528 0.232049 0.445371 0.50992 -0.680043 0.455702 0.421165 
-1.09716 0.12233 0.0911817 -0.670568 -0.877474 -0.838003 0.183699 -0.423707 -0.536409 -0.247705 -0.0798326 0.0199578 0.163722 0.624516 -0.164875 -0.523005 0.030322 0.03935 0.0962035 0.640389 0.236524 0.960673 1.01382 0.651696 0.248819 0.419579 0.600682 -0.664836 0.482566 0.470184 
-1.07014 0.0714774 0.154891 -0.657179 -0.895122 -0.923926 0.303179 -0.397447 -0.536113 -0.265783 -0.107446 -0.0159073 0.0983746 0.582477 -0.11869 -0.533744 0.0538655 0.0253294 0.0627538 0.669547 0.251345 0.91768 1.00271 0.72002 0.23557 0.369589 0.542288 -0.754352 0.461898 0.450099 
-1.10917 0.104103 0.0763246 -0.607352 -0.891281 -0.829698 0.238978 -0.417711 -0.556158 -0.277066 -0.0785661 0.0895269 0.183228 0.625804 -0.133159 -0.509769 0.019971 -0.0301184 0.105599 0.672922 0.317794 0.893172 0.994691 0.688144 0.273679 0.395422 0.533442 -0.681469 0.468234 0.515177 
-1.1194 0.0682403 0.140503 -0.639863 -0.851359 -0.863291 0.323463 -0.398303 -0.553142 -0.245962 -0.0788115 0.0108723 0.150851 0.663313 -0.164158 -0.540707 -0.00644597 0.0208952 0.156558 0.578573 0.201701 0.887981 1.01292 0.731925 0.27451 0.363309 0.547505 -0.704799 0.497995 0.44289 
-1.09582 0.095076 0.0907446 -0.63242 -0.884388 -0.844254 0.231405 -0.442874 -0.576956 -0.232455 -0.0849482 0.0222758 0.160725 0.660308 -0.114746 -0.502706 0.00334216 -0.0122866 0.10076 0.581748 0.220971 0.951749 1.03982 0.724028 0.280636 0.392026 0.553433 -0.681022 0.474101 0.529893 
-1.11618 0.0976681 0.0848125 -0.65157 -0.847792 -0.827704 0.236622 -0.387473 -0.560927 -0.185427 -0.0510956 0.0578393 0.12675 0.608629 -0.150435 -0.473339 0.0325448 -0.0305894 0.0860672 0.615988 0.215498 0.941906 1.02137 0.700752 0.272258 0.435601 0.582254 -0.646839 0.467046 0.489667 
-1.09378 0.0570691 0.0870983 -0.637488 -0.86166 -0.849 0.218315 -0.393752 -0.567222 -0.202967 -0.0683299 0.0320975 0.170232 0.653129 -0.162108 -0.515348 0.0112805 -0.0268261 0.107271 0.616356 0.215261 0.924351 1.02195 0.695869 0.27371 0.413056 0.539398 -0.697438 0.485477 0.514097 
-1.10672 0.0875028 0.126035 -0.654021 -0.895571 -0.850668 0.242437 -0.421459 -0.559816 -0.253473 -0.0847351 0.0553268 0.131613 0.661413 -0.156907 -0.546353 0.0247921 0.0524474 0.0785906 0.610031 0.233259 0.9224 1.02358 0.689152 0.227674 0.401277 0.580791 -0.693145 0.477505 0.534352 
-1.08604 0.098943 0.103686 -0.627592 -0.856489 -0.870289 0.252034 -0.466007 -0.556574 -0.257762 -0.0603705 0.0549357 0.157765 0.684305 -0.129576 -0.557101 0.0297119 -0.0112042 0.105878 0.555806 0.234878 0.908809 1.08764 0.664915 0.230759 0.379492 0.514914 -0.744277 0.534655 0.499144 
-1.13134 0.081404 0.19725 -0.624559 -0.933142 -0.801698 0.339742 -0.443108 -0.601945 -0.297923 -0.0983515 0.127952 0.159646 0.623705 -0.152716 -0.577964 -0.00529562 -0.00716405 0.0668092 0.703662 0.28567 0.855237 1.07984 0.637465 0.190564 0.333355 0.573784 -0.737138 0.464589 0.564467 
-1.04436 0.0840685 0.129287 -0.620927 -0.852052 -0.864259 0.296152 -0.369294 -0.567841 -0.267251 -0.0441601 0.0333262 0.14681 0.680762 -0.132149 -0.515613 0.0308839 -0.0165962 0.0978112 0.606685 0.18503 0.886157 1.02014 0.703159 0.23753 0.321377 0.491418 -0.723783 0.518012 0.517842 
-1.15726 0.109649 0.0824679 -0.656183 -0.878511 -0.857801 0.257463 -0.412137 -0.55671 -0.260868 -0.11874 0.0416093 0.18708 0.601429 -0.178071 -0.549609 0.0286822 0.0379602 0.12111 0.667161 0.275279 0.931906 0.994073 0.709643 0.291156 0.389124 0.583723 -0.709062 0.491001 0.464912 
-1.10193 0.0460791 0.11987 -0.640686 -0.836626 -0.841567 0.264413 -0.48256 -0.556488 -0.217229 -0.0951202 -0.0361275 0.102672 0.628282 -0.209403 -0.51296 0.00887982 0.0337944 0.125885 0.655423 0.24391 0.923657 0.999471 0.69244 0.259579 0.418815 0.627754 -0.633314 0.488234 0.488417 
-1.05514 0.057399 0.11691 -0.599513 -0.873895 -0.865421 0.273654 -0.383837 -0.57281 -0.28441 -0.0255905 -0.00248724 0.165313 0.664538 -0.13161 -0.540521 0.00571792 -0.0527877 0.0809399 0.595433 0.175636 0.845082 1.00857 0.734175 0.237488 0.317273 0.470167 -0.726364 0.52451 0.493387 
-1.08687 0.0465205 0.0366389 -0.659851 -0.890789 -0.831954 0.210062 -0.478715 -0.536538 -0.170179 -0.0324285 0.0355292 0.141156 0.733718 -0.171406 -0.501857 -0.0326382 0.00248463 0.097379 0.578313 0.215281 0.911225 1.06592 0.636328 0.210634 0.423003 0.505902 -0.676138 0.511962 0.433525 
-1.01788 0.0868122 0.111424 -0.636695 -0.895411 -0.844699 0.25824 -0.393738 -0.55707 -0.262835 -0.0558872 -0.0357778 0.166493 0.632527 -0.148915 -0.547231 0.0175266 0.00395326 0.0921805 0.623399 0.238786 0.905256 1.04324 0.673819 0.246596 0.344216 0.467894 -0.690173 0.4774 0.489011 
-1.14466 0.0479596 0.086323 -0.619084 -0.858391 -0.833032 0.25854 -0.353761 -0.585836 -0.26707 -0.0592456 0.0904711 0.134521 0.591939 -0.177617 -0.532927 0.0312049 -0.0192238 0.0601502 0.656438 0.310583 0.974212 1.05195 0.695066 0.289727 0.410064 0.543569 -0.686444 0.48883 0.519067 
-1.12646 0.0975786 0.106343 -0.554093 -0.87513 -0.821709 0.258776 -0.357837 -0.579334 -0.246003 -0.0878385 0.0541976 0.135415 0.606232 -0.161291 -0.485324 0.090839 0.041428 0.151909 0.619725 0.246964 0.932152 1.06837 0.774521 0.310244 0.464018 0.517078 -0.692064 0.441805 0.397549 
-1.0667 0.0737102 0.0351193 -0.604608 -0.808744 -0.944795 0.247966 -0.400261 -0.546014 -0.233011 -0.0357316 0.0206341 0.106533 0.615508 -0.133489 -0.453047 0.0348692 0.0157494 0.131857 0.644324 0.280935 0.894026 1.06923 0.646692 0.258871 0.428527 0.532336 -0.704613 0.546009 0.473562 
-1.06245 0.136876 0.0975922 -0.535177 -0.89851 -0.898349 0.337854 -0.344734 -0.578338 -0.146676 -0.0516118 0.0450564 0.0971794 0.527471 -0.052397 -0.528806 0.0504424 -0.012455 0.0803652 0.578399 0.382488 0.941958 1.01997 0.699363 0.345141 0.458534 0.476328 -0.645331 0.390463 0.423013 
-1.08929 0.0945823 0.100877 -0.680575 -0.8731 -0.865585 0.198651 -0.418454 -0.560024 -0.158948 -0.0813024 0.0697175 0.110804 0.573212 -0.126306 -0.513504 0.0455465 -0.0542193 0.0663031 0.598164 0.213952 0.950801 1.04625 0.735958 0.251315 0.439991 0.538733 -0.698173 0.485662 0.518376 
-1.12614 0.104091 0.140559 -0.631161 -0.853379 -0.862489 0.282737 -0.400961 -0.522367 -0.29886 -0.0802323 0.0214635 0.16931 0.676735 -0.10205 -0.546671 0.0209144 0.00971612 0.126228 0.622836 0.235156 0.901993 1.02735 0.674414 0.262037 0.374736 0.569424 -0.740549 0.450934 0.552572 
-1.10731 0.0659477 0.0924504 -0.694123 -0.86262 -0.817306 0.262459 -0.423318 -0.592722 -0.285783 -0.11174 0.0635673 0.125092 0.643001 -0.200729 -0.555884 0.00578956 -0.0464693 0.109612 0.634947 0.306673 0.910477 1.06989 0.660475 0.295313 0.455085 0.59882 -0.698302 0.437601 0.519135 
-1.14059 0.116435 0.0760758 -0.632904 -0.874582 -0.835431 0.227274 -0.400792 -0.55369 -0.271342 -0.0473723 0.0779161 0.154566 0.662681 -0.173107 -0.560934 0.0181437 0.0485955 0.138596 0.596518 0.231498 0.925659 0.981915 0.673246 0.304857 0.446858 0.587196 -0.706554 0.453938 0.494485 
-1.1323 0.100543 0.0598356 -0.61836 -0.857286 -0.813025 0.21443 -0.444449 -0.537555 -0.206918 -0.0624256 0.0552622 0.145644 0.682809 -0.136288 -0.558711 0.0226215 0.0572187 0.08674 0.643561 0.237043 0.923567 1.00943 0.676207 0.279597 0.442662 0.560748 -0.681742 0.483745 0.47624 
-1.05559 0.0700563 0.160656 -0.594024 -0.823569 -0.865132 0.305819 -0.374754 -0.593871 -0.257378 -0.0412702 0.0158374 0.124432 0.726626 -0.175223 -0.570231 -0.000459635 -0.0431019 0.0891465 0.638359 0.250119 0.849928 1.01168 0.699117 0.251159 0.371891 0.541091 -0.730032 0.551423 0.562617 
-1.13131 0.0658056 0.0879846 -0.648576 -0.868539 -0.899768 0.208961 -0.403755 -0.565033 -0.178145 -0.0523097 0.0209119 0.125709 0.59524 -0.146421 -0.484245 0.0293456 -0.0150326 0.106941 0.607351 0.24347 0.963587 1.04095 0.738891 0.27939 0.421597 0.575875 -0.682571 0.544686 0.457142 
-1.07314 0.0648997 0.170803 -0.59501 -0.863483 -0.876109 0.305241 -0.364285 -0.595584 -0.351228 -0.0393663 -0.00513561 0.151001 0.65181 -0.153407 -0.539407 0.028497 -0.0410295 0.138975 0.577051 0.182042 0.843032 1.10097 0.68029 0.270242 0.394884 0.510356 -0.711599 0.512424 0.589015 
-1.10099 0.100927 0.0989659 -0.656033 -0.868076 -0.851204 0.21367 -0.420249 -0.535619 -0.219282 -0.052719 0.0212571 0.172896 0.606952 -0.121215 -0.505526 0.0106517 0.00529523 0.0850717 0.62059 0.227924 0.907376 1.01982 0.652863 0.279771 0.449006 0.545285 -0.699898 0.495148 0.448593 
-1.10683 0.0704541 0.0983886 -0.60797 -0.847096 -0.848683 0.21337 -0.411304 -0.571312 -0.207703 -0.0424394 0.0369831 0.12301 0.566855 -0.0946759 -0.494133 0.016841 -0.0109767 0.0941614 0.613283 0.322567 0.944667 1.04701 0.685107 0.272419 0.50121 0.496678 -0.647549 0.49588 0.501139 
-1.07147 0.0638564 0.0545818 -0.596323 -0.87285 -0.837851 0.243228 -0.471739 -0.544286 -0.151141 -0.0541488 0.0548878 0.161056 0.699785 -0.175252 -0.499473 0.0133713 0.0281363 0.130979 0.579281 0.221789 0.873744 1.04923 0.616127 0.271481 0.488831 0.492797 -0.699476 0.473917 0.464965 
-1.0785 0.0563411 0.0765403 -0.609285 -0.865374 -0.901673 0.217249 -0.408807 -0.602078 -0.196248 -0.0953443 0.0186799 0.116307 0.610478 -0.113913 -0.469454 0.0483726 -0.073698 0.080956 0.57398 0.223473 0.955153 1.04682 0.721116 0.294404 0.466707 0.554298 -0.639243 0.490939 0.499255 
-1.05141 0.0367695 0.0449683 -0.659406 -0.786414 -0.834769 0.191921 -0.396223 -0.545732 -0.238055 -0.127068 -0.040922 0.164916 0.632478 -0.209418 -0.461556 0.0249688 0.00924565 0.0851662 0.622751 0.170006 0.955504 1.05787 0.618748 0.206371 0.417012 0.551137 -0.710604 0.545081 0.504015 
-1.02788 0.0788331 0.123435 -0.672705 -0.925659 -0.82705 0.279899 -0.425484 -0.57242 -0.314223 -0.063269 0.0192717 0.157463 0.660522 -0.133534 -0.547851 0.00727371 -0.0475666 0.1131 0.561193 0.208484 0.894271 1.02592 0.660735 0.243495 0.385533 0.535987 -0.665038 0.468244 0.550203 
-1.11807 0.0907922 0.146235 -0.654048 -0.847329 -0.894625 0.259885 -0.391527 -0.596054 -0.258148 -0.0360995 0.0442057 0.121038 0.623417 -0.113977 -0.543129 0.026016 -0.0162854 0.103876 0.610993 0.228727 0.816811 1.08024 0.70547 0.241082 0.375158 0.560002 -0.70393 0.475116 0.463636 
-1.07744 0.120522 0.0887541 -0.632554 -0.852376 -0.829296 0.283318 -0.400489 -0.586221 -0.281885 -0.0628401 0.102625 0.119168 0.612357 -0.151597 -0.515093 0.0529647 -0.0286357 0.101672 0.664957 0.303416 0.955237 1.00399 0.688441 0.28846 0.392803 0.499139 -0.662762 0.523909 0.520736 
-1.12878 0.0650602 0.121766 -0.649569 -0.881676 -0.864806 0.249695 -0.408358 -0.549155 -0.302798 -0.0444051 0.0330519 0.171328 0.637787 -0.137167 -0.556939 -0.00818038 -0.0044661 0.0984733 0.598571 0.224685 0.929189 1.02493 0.679315 0.286498 0.406033 0.579559 -0.716931 0.501998 0.543638 
-1.11818 0.128914 0.121628 -0.585289 -0.920169 -0.832474 0.321638 -0.419594 -0.615294 -0.225672 -0.039726 0.0322126 0.16288 0.579913 -0.150741 -0.50865 -0.012048 -0.0768265 0.139714 0.616634 0.248979 0.889495 1.01343 0.684526 0.358301 0.465648 0.536119 -0.628978 0.4682 0.427242 
-1.06743 0.0784973 0.122377 -0.618195 -0.87272 -0.840417 0.241903 -0.461545 -0.515464 -0.241047 -0.103595 0.0245146 0.149209 0.652167 -0.152459 -0.55252 0.040228 -0.023276 0.105648 0.584958 0.214994 0.930951 0.98194 0.657418 0.257111 0.395314 0.556757 -0.666132 0.515938 0.480893 
-1.10217 0.043531 0.13051 -0.615462 -0.835952 -0.850891 0.283616 -0.405781 -0.600612 -0.265738 -0.0741639 0.0441104 0.158924 0.649899 -0.161279 -0.54017 0.00422823 -0.0539764 0.111442 0.625196 0.232073 0.941367 1.01711 0.701766 0.270084 0.386956 0.567027 -0.678504 0.522702 0.498682 
-1.10747 0.0762904 0.0594757 -0.602868 -0.865184 -0.831191 0.234344 -0.408966 -0.618954 -0.230356 -0.0680283 0.0543723 0.129427 0.631338 -0.163918 -0.44907 0.0551404 0.0153942 0.149726 0.569417 0.216016 0.942754 1.05301 0.722351 0.291348 0.445258 0.553959 -0.687437 0.493221 0.406409 
-1.1036 0.0779844 0.033254 -0.60493 -0.885058 -0.816803 0.252654 -0.382906 -0.632012 -0.222812 -0.0721869 0.0583814 0.139951 0.630021 -0.173952 -0.443167 0.0504283 -0.00280979 0.17557 0.571992 0.223774 0.920588 1.07235 0.7441 0.288012 0.45119 0.542439 -0.669769 0.479043 0.401879 
-1.11004 0.054668 0.0552365 -0.604208 -0.843591 -0.815956 0.252807 -0.40284 -0.599986 -0.250118 -0.07067 0.0331525 0.118829 0.623697 -0.145594 -0.464317 0.0472864 0.00527576 0.148579 0.580254 0.223061 0.95376 1.07325 0.702596 0.2826 0.450367 0.569875 -0.698718 0.485278 0.408038 
-1.11214 0.0803953 0.0753094 -0.613549 -0.862669 -0.884136 0.239455 -0.375507 -0.605576 -0.255592 -0.0971526 0.0763611 0.155301 0.586122 -0.135754 -0.499498 0.0649825 -0.0106001 0.077079 0.667662 0.300664 0.952734 1.02997 0.682018 0.290653 0.402338 0.489247 -0.699765 0.489045 0.517426 
-1.09562 0.0583016 0.0944081 -0.625458 -0.850709 -0.889161 0.228265 -0.399866 -0.61685 -0.246019 -0.106712 0.0970614 0.178588 0.563 -0.127441 -0.497918 0.0505243 0.00781643 0.0977417 0.689478 0.277834 0.93486 1.04324 0.685233 0.272348 0.395539 0.514854 -0.686662 0.487021 0.526883 
-1.09353 0.0927974 0.0943094 -0.621833 -0.865353 -0.89396 0.216025 -0.364761 -0.596477 -0.237064 -0.0926508 0.0858848 0.137809 0.589419 -0.151042 -0.495165 0.0691471 -0.036478 0.0692599 0.67325 0.287738 0.977134 1.01809 0.693464 0.289536 0.424022 0.470076 -0.679879 0.47059 0.516609 
-1.08371 0.065501 0.052511 -0.576513 -0.84048 -0.873844 0.304557 -0.393097 -0.565944 -0.206641 -0.056603 0.0632389 0.115785 0.613476 -0.108375 -0.540316 -0.0371878 -0.015352 0.0734831 0.574181 0.279779 0.909584 1.0207 0.696065 0.295188 0.439481 0.536886 -0.668924 0.453969 0.506893 
-1.09389 0.0783864 0.0402176 -0.553229 -0.818284 -0.871285 0.28366 -0.3724 -0.549763 -0.203379 -0.0823637 0.0400764 0.117747 0.61793 -0.0834717 -0.560002 -0.042632 -0.0352218 0.0603515 0.547734 0.264749 0.898929 1.03388 0.699881 0.288745 0.421636 0.551647 -0.677031 0.450551 0.503459 
-1.06427 0.0491038 0.0741942 -0.596344 -0.845251 -0.89346 0.321413 -0.367958 -0.578758 -0.186386 -0.0629061 0.0688757 0.105821 0.595602 -0.102148 -0.521409 -0.0596501 -0.00821101 0.0514315 0.591507 0.263572 0.903321 1.02117 0.677025 0.32052 0.443746 0.516485 -0.677264 0.437148 0.527529 
-1.10199 0.0956839 0.081406 -0.625441 -0.870843 -0.857475 0.232828 -0.389843 -0.593784 -0.222911 -0.0809882 0.0834027 0.150973 0.596195 -0.143995 -0.481369 0.056429 -0.0262006 0.100367 0.615131 0.246014 0.948574 1.0217 0.687784 0.281512 0.411319 0.515237 -0.676749 0.49102 0.505861 
-1.08844 0.112267 0.0840823 -0.604253 -0.889221 -0.831987 0.210153 -0.395153 -0.612468 -0.248485 -0.103953 0.0974721 0.132779 0.590695 -0.131351 -0.505281 0.0534916 -0.0356294 0.0853663 0.61623 0.240238 0.970462 1.04018 0.699058 0.257068 0.433802 0.488884 -0.69395 0.496152 0.526313 
-1.10158 0.0921817 0.10454 -0.637848 -0.869692 -0.864252 0.252342 -0.397092 -0.592668 -0.227239 -0.0872484 0.0955139 0.165681 0.57528 -0.165167 -0.464433 0.0706141 -0.00619479 0.0904649 0.591936 0.261413 0.928099 0.99768 0.688312 0.304571 0.412817 0.493277 -0.687392 0.503879 0.493653 
-1.06858 0.0568966 0.109167 -0.628354 -0.939445 -0.866658 0.282912 -0.369135 -0.544151 -0.289582 -0.0994019 -0.0185207 0.176975 0.636705 -0.170941 -0.540463 0.0395359 0.00415042 0.0909455 0.618465 0.217412 0.883023 1.04143 0.654213 0.248028 0.327249 0.481682 -0.688628 0.51925 0.507698 
-1.07228 0.0413476 0.106183 -0.626591 -0.950694 -0.875166 0.286583 -0.376294 -0.540822 -0.280853 -0.0945508 -0.014644 0.152979 0.617603 -0.167627 -0.539732 0.0385242 0.0268411 0.067949 0.607607 0.218133 0.897568 1.04026 0.650799 0.249371 0.346874 0.497019 -0.677215 0.509895 0.501763 
-1.09466 0.0806802 0.128038 -0.607787 -0.928436 -0.886136 0.294512 -0.354132 -0.537866 -0.286666 -0.110439 -0.00366266 0.153523 0.648916 -0.15852 -0.548802 0.0132781 0.00327651 0.102694 0.613766 0.230174 0.884411 1.04283 0.649454 0.261525 0.349725 0.501883 -0.695546 0.543895 0.518945 
-1.12736 0.078084 0.0917569 -0.643289 -0.856634 -0.861014 0.251483 -0.369583 -0.557393 -0.180868 -0.0906755 0.0852091 0.158251 0.621361 -0.181129 -0.503492 0.053081 -0.0220199 0.0988028 0.648969 0.265257 0.939597 1.02575 0.683575 0.265856 0.428439 0.509668 -0.669728 0.520985 0.497963 
-1.12288 0.0633576 0.0874515 -0.653364 -0.840125 -0.846746 0.24322 -0.372851 -0.563879 -0.18325 -0.103158 0.0991719 0.182493 0.631973 -0.169231 -0.517825 0.0715438 -0.00579541 0.124069 0.669638 0.251728 0.952694 1.0411 0.699465 0.240637 0.402861 0.505611 -0.647143 0.536441 0.506461 
-1.14153 0.0800259 0.110291 -0.627996 -0.876797 -0.850267 0.260965 -0.345714 -0.579841 -0.191691 -0.11094 0.0613634 0.153641 0.62817 -0.196254 -0.501073 0.0499866 -0.0413727 0.0844595 0.650967 0.240928 0.932957 1.03606 0.657767 0.264627 0.426306 0.485282 -0.690567 0.538638 0.499377 
-1.08415 0.0623819 0.123312 -0.656241 -0.851131 -0.844845 0.296876 -0.375475 -0.534923 -0.286669 -0.0928597 0.0442676 0.169229 0.676143 -0.147509 -0.538919 -0.0139606 0.0422757 0.125186 0.602385 0.232207 0.919148 1.03108 0.689605 0.249595 0.373457 0.57647 -0.736822 0.46388 0.497032 
-1.10879 0.0731508 0.11707 -0.678811 -0.871886 -0.841496 0.318939 -0.367558 -0.519241 -0.286452 -0.0727514 0.0608139 0.151457 0.692102 -0.123083 -0.517123 -0.0201127 0.0323712 0.104244 0.62801 0.229846 0.942789 1.01003 0.66603 0.232053 0.355787 0.559328 -0.730487 0.4478 0.488194 
-1.10621 0.0416763 0.0987288 -0.642723 -0.828688 -0.824769 0.314711 -0.371477 -0.557516 -0.299173 -0.118025 0.0309921 0.164793 0.65509 -0.143245 -0.557079 0.00729364 0.0302538 0.128166 0.622506 0.256784 0.898424 1.00537 0.714936 0.254685 0.395987 0.596819 -0.755136 0.465921 0.504571 
-1.10326 0.119107 0.0445489 -0.639475 -0.8958 -0.859443 0.296563 -0.358963 -0.57011 -0.268866 -0.0483055 0.0588956 0.175678 0.592126 -0.169525 -0.506834 0.0349829 -0.0185491 0.098015 0.667681 0.324962 0.895365 1.01073 0.70005 0.305745 0.414242 0.506083 -0.732166 0.456336 0.522117 
-1.07963 0.102896 0.0502803 -0.645607 -0.916285 -0.873475 0.286274 -0.373383 -0.576119 -0.270834 -0.0250846 0.0389206 0.196561 0.614335 -0.157874 -0.521617 0.0528379 -0.0226163 0.103616 0.689527 0.324192 0.920423 1.03686 0.72196 0.306124 0.393685 0.516746 -0.752827 0.472968 0.503701 
-1.11122 0.0934477 0.0232033 -0.628136 -0.87509 -0.882377 0.309021 -0.350392 -0.560964 -0.294772 -0.050198 0.0463221 0.162366 0.607471 -0.183706 -0.510654 0.0227782 -0.0427563 0.0722027 0.681897 0.318726 0.917371 1.02102 0.712265 0.314402 0.418235 0.512818 -0.737344 0.446681 0.498112 
-1.07172 0.0732656 0.114343 -0.629498 -0.884122 -0.848373 0.249716 -0.431695 -0.531055 -0.301038 -0.101034 -0.0098748 0.1741 0.654461 -0.165713 -0.527396 0.0518873 -0.0272618 0.0821786 0.576202 0.224953 0.926845 1.04387 0.662129 0.244488 0.380058 0.518335 -0.675604 0.507753 0.504978 
-1.07311 0.0885992 0.121054 -0.617723 -0.892119 -0.823385 0.260309 -0.438047 -0.513101 -0.311226 -0.0747271 -0.0285653 0.166341 0.672971 -0.150475 -0.530935 0.0532591 -0.0121898 0.0941215 0.601579 0.234303 0.938255 1.04313 0.655992 0.26747 0.369294 0.50631 -0.686845 0.519169 0.480471 
-1.06795 0.0624895 0.0988677 -0.619009 -0.877689 -0.855878 0.251299 -0.44346 -0.513745 -0.297589 -0.0763819 -0.0178345 0.171705 0.637372 -0.190084 -0.501709 0.0421266 -0.0378689 0.0737575 0.566862 0.204195 0.913395 1.06797 0.637892 0.23917 0.357772 0.530083 -0.701154 0.496337 0.497094 
-1.10571 0.115673 0.0569397 -0.591649 -0.876256 -0.880678 0.296434 -0.369391 -0.611195 -0.271067 -0.0446843 0.0572229 0.138847 0.612775 -0.182861 -0.552625 0.0575236 -0.0522808 0.0628546 0.65704 0.299443 0.909309 1.0071 0.712567 0.320051 0.393648 0.518072 -0.721422 0.474628 0.520729 
-1.10425 0.128511 0.0617657 -0.589393 -0.879782 -0.880992 0.298347 -0.380956 -0.587194 -0.263448 -0.0588832 0.0613951 0.143058 0.617202 -0.185755 -0.554646 0.0648445 -0.030403 0.0544054 0.650283 0.316221 0.921238 0.984793 0.695629 0.308448 0.382258 0.527512 -0.717677 0.46033 0.498346 
-1.10871 0.117003 0.0376687 -0.597185 -0.854958 -0.893114 0.307653 -0.369063 -0.607844 -0.281603 -0.0569055 0.0334117 0.124154 0.609539 -0.204007 -0.529764 0.0821623 -0.0370557 0.0702572 0.647733 0.293184 0.918353 0.997649 0.701697 0.33311 0.405811 0.541555 -0.737169 0.473856 0.543233 
-1.10803 0.0781943 0.0736164 -0.603922 -0.864101 -0.851342 0.23609 -0.402286 -0.606704 -0.236181 -0.0796641 0.068373 0.141234 0.614191 -0.155267 -0.474887 0.0560755 -0.00955712 0.107841 0.620025 0.233626 0.950621 1.04807 0.703352 0.290975 0.443993 0.531025 -0.692533 0.490327 0.50513 
-1.10325 0.106028 0.0757634 -0.593365 -0.871703 -0.866096 0.273798 -0.379883 -0.608067 -0.237971 -0.076116 0.0653854 0.143648 0.609938 -0.144927 -0.501416 0.0574624 -0.045775 0.0930092 0.633121 0.274693 0.922578 1.01423 0.70293 0.28512 0.398524 0.516467 -0.696243 0.480854 0.51476 
-1.09387 0.0873951 0.0972526 -0.650395 -0.862374 -0.847719 0.274787 -0.376963 -0.54478 -0.237403 -0.0887027 0.0687125 0.15121 0.634621 -0.145078 -0.511091 0.00298411 0.0133669 0.116643 0.614732 0.241296 0.944092 1.02943 0.688069 0.271302 0.393309 0.521212 -0.68733 0.484479 0.503595 
-1.10396 0.0758332 0.0854106 -0.609574 -0.876066 -0.836605 0.236773 -0.425953 -0.599865 -0.267511 -0.0992236 0.0487735 0.170657 0.632985 -0.164344 -0.466975 0.0546726 0.0124564 0.144082 0.574051 0.22164 0.932456 1.05033 0.719799 0.28606 0.390516 0.520587 -0.685505 0.503284 0.49598 
-1.07121 0.0578476 0.113603 -0.637443 -0.893569 -0.846331 0.293509 -0.371517 -0.538874 -0.28934 -0.0939737 0.0417404 0.175016 0.664571 -0.157754 -0.539334 0.00916084 0.0385766 0.105559 0.613202 0.218752 0.883264 1.03337 0.67825 0.249068 0.357997 0.519201 -0.734577 0.494446 0.498226 
-1.09677 0.0741334 0.0840378 -0.617241 -0.880747 -0.845778 0.243309 -0.42388 -0.575542 -0.254934 -0.0698828 0.0406493 0.167606 0.633952 -0.165685 -0.481957 0.0526958 -0.0206853 0.103136 0.5722 0.217982 0.941302 1.04758 0.693752 0.247581 0.396233 0.51951 -0.677749 0.495554 0.465993 
-1.08463 0.0734246 0.10428 -0.650892 -0.861096 -0.84542 0.296744 -0.359976 -0.538893 -0.281715 -0.0857834 0.0571512 0.169548 0.622106 -0.164032 -0.520497 0.0305017 0.0324256 0.115683 0.661851 0.283089 0.906808 1.02001 0.691936 0.296267 0.400128 0.570532 -0.736193 0.461293 0.500117 
-1.09777 0.0975081 0.0605278 -0.624939 -0.88229 -0.864029 0.274011 -0.395462 -0.605479 -0.291439 -0.0953112 0.0338823 0.139657 0.64704 -0.181923 -0.549686 0.0530789 -0.0298126 0.0687761 0.651625 0.285454 0.91621 1.02436 0.668435 0.264904 0.384993 0.51808 -0.682064 0.477673 0.514795 
-1.09911 0.0879083 0.0595481 -0.606364 -0.864692 -0.859778 0.264775 -0.391349 -0.573886 -0.218462 -0.0756036 0.0705213 0.120169 0.612905 -0.134598 -0.525358 0.018768 -0.0238346 0.074895 0.613897 0.260695 0.946949 1.02125 0.690277 0.289955 0.432593 0.52032 -0.671562 0.454103 0.505862 
-1.08775 0.0782802 0.0490505 -0.583745 -0.851206 -0.868119 0.299179 -0.392941 -0.568646 -0.249758 -0.0521942 0.063164 0.154442 0.609509 -0.127712 -0.52733 -0.0281599 -0.0173837 0.089586 0.611088 0.32335 0.903288 1.01563 0.698323 0.295297 0.420295 0.514321 -0.702127 0.456289 0.521506 
-1.10501 0.103305 0.0772761 -0.606539 -0.871226 -0.857867 0.278592 -0.380658 -0.605799 -0.236535 -0.0705994 0.0613073 0.147516 0.610803 -0.148284 -0.49662 0.0572696 -0.0301842 0.0660027 0.629125 0.286072 0.914201 1.01103 0.688257 0.289261 0.406684 0.516604 -0.712991 0.475559 0.508483 
-1.10887 0.0765269 0.0891638 -0.627673 -0.895189 -0.867292 0.251365 -0.372731 -0.575295 -0.276949 -0.0971872 -0.0111824 0.165274 0.587451 -0.161699 -0.519662 0.0458539 -0.00489518 0.0830519 0.661009 0.286435 0.945157 1.04108 0.655219 0.249185 0.386306 0.483548 -0.689654 0.495325 0.509117 
-1.08658 0.0834697 0.0654832 -0.595632 -0.931473 -0.872335 0.293845 -0.369373 -0.602791 -0.28888 -0.0448708 0.0434701 0.158894 0.628671 -0.180556 -0.541971 0.0539066 -0.0106594 0.0643517 0.643981 0.233446 0.886059 1.02378 0.682476 0.316857 0.328149 0.488129 -0.700112 0.495204 0.509522 
-1.07079 0.0591828 0.0966565 -0.611269 -0.89141 -0.869815 0.285788 -0.389714 -0.555339 -0.236881 -0.0805238 0.0198083 0.129851 0.631774 -0.11171 -0.540405 -0.00484146 -0.00885371 0.0788426 0.598096 0.258892 0.901468 1.0411 0.658664 0.284415 0.342441 0.502069 -0.688291 0.50317 0.507622 
-1.09776 0.114497 0.0658237 -0.641837 -0.860243 -0.84752 0.296787 -0.371296 -0.560027 -0.272585 -0.061301 0.051446 0.171487 0.623733 -0.157774 -0.520422 -0.00380213 0.0390008 0.102162 0.658293 0.273278 0.917322 1.01748 0.691717 0.27322 0.410279 0.563371 -0.732918 0.460374 0.520969 
-1.08134 0.0886975 0.100558 -0.627529 -0.881799 -0.853709 0.240698 -0.393324 -0.563143 -0.282742 -0.0871195 0.0667088 0.159424 0.652616 -0.16171 -0.524795 0.0562675 -0.0267156 0.0941819 0.613103 0.227278 0.940777 1.04172 0.668456 0.249646 0.382107 0.517488 -0.676029 0.503092 0.505471 
-1.10415 0.0943845 0.0824063 -0.638121 -0.867168 -0.857555 0.245756 -0.38191 -0.564595 -0.218762 -0.0811226 0.0839085 0.156151 0.607615 -0.170394 -0.501886 0.0538701 -0.0224083 0.0992227 0.639152 0.247371 0.942236 1.02502 0.687709 0.276645 0.426073 0.512022 -0.673424 0.511974 0.502004 
-1.10552 0.0836726 0.0577593 -0.627016 -0.889299 -0.849773 0.267098 -0.402031 -0.615386 -0.264526 -0.0532963 0.0556883 0.16643 0.592312 -0.16548 -0.489508 0.0428318 0.0120588 0.134326 0.584336 0.283453 0.934939 1.02688 0.70118 0.304568 0.419953 0.543547 -0.704403 0.465262 0.48723 
-1.08411 0.115672 0.0557914 -0.583357 -0.860898 -0.879856 0.300387 -0.37113 -0.601028 -0.23879 -0.049398 0.0594869 0.125925 0.613147 -0.173348 -0.54867 0.010057 -0.0500688 0.0659832 0.582754 0.293203 0.909345 1.01993 0.70706 0.304212 0.437455 0.528381 -0.679604 0.467527 0.520476 
-1.08393 0.063625 0.0694009 -0.6155 -0.848999 -0.86447 0.296876 -0.378187 -0.56515 -0.224103 -0.070059 0.0481801 0.156256 0.674921 -0.127592 -0.539859 -0.0269287 0.040952 0.0744758 0.593108 0.237132 0.918298 1.02262 0.694103 0.25962 0.435951 0.546738 -0.694984 0.461783 0.503863 
