-0.0566855 0.0789998 -0.856981 0.635983 0.336011 -0.208843 0.267508 0.528239 -0.485441 1.02465 -0.696596 0.136779 0.432029 -0.661884 -0.028456 0.429976 -0.537156 -0.0480795 -0.357361 -0.774498 -0.500383 -0.299732 -0.245678 -0.271797 -0.905618 -0.135 -0.704504 0.785982 0.763278 0.610806 
-1.13521 0.0574324 0.33298 -0.66774 -0.871688 -0.958163 0.231528 -0.482946 -0.562995 -0.0989694 -0.13571 0.0682501 0.132039 0.730899 -0.185755 -0.391539 0.0143411 0.0906017 0.0641214 0.697464 0.353322 0.82012 0.872594 0.693392 0.191604 0.499358 0.555199 -0.720371 0.388288 0.336933 
-0.84252 -0.1448 -1.14939 -0.26644 0.224349 0.6355 -0.0628626 0.0238749 -0.0192032 -0.120376 -1.26262 -0.997839 0.107586 0.202964 0.443412 -0.219813 -1.21028 0.466323 -1.19941 -0.660992 0.351121 1.27331 -0.252245 -0.42639 -1.18466 -1.20893 -0.570206 -0.546601 0.181427 0.0990715 
-0.334384 0.00144309 -0.0463762 0.463497 -0.702694 0.026617 0.160307 0.425647 0.178204 0.00583973 -0.297458 0.202962 0.201557 -0.43598 -0.318875 -0.402753 -0.276147 0.380945 -0.202417 -0.764401 -0.421252 -0.193739 -0.306515 -0.526235 0.225112 -0.380416 -0.506009 0.537229 0.701424 0.22246 
0.991753 0.487161 0.237439 -0.402961 -0.345073 -0.115915 0.0462905 0.900165 0.0338326 -0.165502 0.250754 -0.488449 -0.0248456 0.208244 0.193792 0.595972 0.0429158 0.316844 -0.211686 0.388353 0.762476 0.113455 0.825106 -0.210556 0.370171 -0.346183 0.446465 -0.148989 0.806355 -0.1142 
-1.85468 -0.29442 -0.899354 -2.11755 0.326078 -0.953581 0.370936 0.148418 -1.17924 1.17416 -1.28961 -0.765495 -1.7128 0.40415 1.51367 -1.97886 -2.23268 -0.676125 -0.315143 1.99656 -0.528333 -0.388908 0.866414 1.96477 -2.5134 -0.660847 0.759068 -0.718222 0.669463 1.40643 
0.898675 -0.104009 0.254951 -0.135724 -0.7016 -0.0980977 -0.298593 0.943261 -0.846752 -0.228011 0.623406 -0.863314 0.328158 0.112619 0.035522 -0.961438 0.116072 0.258388 -0.448733 0.546164 0.588288 0.980583 1.04009 -0.657307 -0.626271 -0.451697 0.998498 -0.745771 0.748827 -0.136241 
0.948456 0.825907 -0.147179 -0.50739 -0.101939 0.0369812 0.634064 -0.852997 0.385013 -0.0820847 -0.999233 -0.201628 -0.258494 0.576903 0.202173 0.849369 -0.00971724 0.373138 0.963093 -0.368529 0.792733 -0.45657 0.61744 0.340902 0.269393 0.194792 -0.980682 0.488892 -0.48591 -0.212362 
0.835482 -0.135538 0.1071 -0.293918 -0.705023 -0.180325 -0.40668 0.929294 -0.817985 -0.183261 0.539696 -0.822428 0.205262 0.0577428 -0.0697079 -0.964352 0.236099 0.219135 -0.529141 0.717861 0.647727 1.06559 0.971692 -0.649063 -0.614805 -0.578423 0.885618 -0.735414 0.741862 -0.046036 
-1.82443 -0.434623 -0.817582 -2.06873 0.462249 -1.03271 0.506151 0.0678174 -1.27461 1.23915 -1.36606 -0.853727 -1.76188 0.478478 1.60152 -1.90541 -2.24084 -0.587266 -0.218028 1.92323 -0.415366 -0.292791 0.813985 1.94533 -2.45157 -0.791832 0.789582 -0.750403 0.559873 1.37878 
-0.821268 0.745692 0.897685 0.66672 -0.871891 -0.406208 -0.0597762 0.288432 0.236976 0.0107416 -0.140796 -0.784217 0.570032 -0.780056 -0.52025 0.406301 0.84817 0.307063 -0.308791 -0.483917 0.358369 0.0164745 -0.0777973 0.0833573 -0.0226731 -0.150482 0.334267 0.428522 -0.15618 -0.477179 
-0.141882 0.887448 0.848134 0.591951 -0.725879 -0.207684 0.489195 -0.123399 0.389763 -0.073334 -0.208425 -0.74209 0.498006 -0.239432 -0.536707 0.40958 0.451232 0.195042 0.244791 -0.504494 0.321884 -0.147892 0.341587 0.114078 0.0288357 -0.224047 -0.485418 0.386686 -0.315151 -0.308873 
0.940594 -0.116321 0.257353 -0.305926 -0.628732 -0.119401 -0.379005 0.972316 -0.798023 -0.200651 0.598662 -0.829691 0.338408 0.228261 -0.0324344 -0.930922 0.0951966 0.166226 -0.504688 0.660668 0.711561 0.957967 0.968872 -0.637589 -0.472106 -0.580322 0.935555 -0.768741 0.839339 -0.119477 
0.868931 -0.217519 0.316302 -0.148721 -0.638226 -0.0549625 -0.265726 0.91907 -0.784394 -0.132048 0.610741 -0.960824 0.25457 0.154219 -0.0451376 -0.937332 0.130323 0.276571 -0.50573 0.672573 0.740328 0.928123 1.03883 -0.619126 -0.607348 -0.548776 0.974734 -0.918872 0.734545 -0.0111118 
0.196247 -0.92176 -0.47692 0.333351 0.0139306 -0.198829 -0.583777 0.774186 -0.252902 1.02476 0.859605 0.172447 -0.40548 0.321272 0.326709 0.0833895 0.322435 -0.948102 0.606179 0.885693 -0.449469 0.0729433 -0.957539 0.809029 0.241529 -0.422715 0.155442 -0.795615 0.0645766 -0.955912 
-0.72323 -1.06674 -0.50849 -0.62228 0.558284 -0.241907 -0.407942 0.747919 -0.841659 0.743104 0.321113 0.0702096 -0.186246 0.290444 0.307766 0.533725 0.0350766 -0.173759 0.437508 0.75665 -0.433623 0.107813 -0.572311 0.682156 0.115432 0.790825 0.282742 -0.651493 -0.211558 -0.161382 
-0.73847 0.798929 0.769558 0.679254 -0.823326 -0.294074 0.306076 -0.0728011 0.336298 -0.0801144 -0.565433 -0.742432 0.543324 -0.331968 -0.381895 0.407091 0.623158 0.00370439 0.374505 -0.169359 0.367078 -0.128651 0.0590813 0.233162 -0.337249 0.148386 -0.381331 0.278554 -0.387544 -0.18568 
-0.202035 -0.0396498 -0.812276 0.71923 0.372821 -0.139416 0.232341 0.315005 -0.526367 0.988125 -0.761257 0.222932 0.501516 -0.599063 -0.0715252 0.379161 -0.615 -0.083995 -0.264883 -0.658534 -0.577483 -0.208753 -0.33342 -0.585288 -0.907198 -0.151359 -0.641691 0.692791 0.703613 0.538269 
-0.320905 0.318787 -0.4543 0.739833 0.108596 -0.29111 0.0613953 0.691512 0.278598 -0.514903 -0.547265 -0.172433 0.549215 -0.499065 -0.309358 0.677803 0.860759 0.390887 -0.415507 -0.66042 -0.622426 -0.0721715 -0.170445 -0.470044 -0.144922 -0.186095 -0.0992459 0.667294 0.297059 0.434442 
-0.759286 0.165676 0.100754 -0.494837 -0.294989 -0.50882 -0.291895 0.291301 -0.302635 0.128481 0.064872 -0.330974 0.332086 0.60227 -0.29725 -0.483456 0.200819 0.234108 -0.185751 0.340313 0.159061 0.157868 -0.117313 0.461034 0.0999147 -0.16967 0.549429 -0.337981 0.145333 -0.342096 
0.289666 0.917451 0.494519 -0.224781 -0.16448 0.00234111 0.507968 -0.513975 0.410617 -0.114283 -0.783438 -0.311917 -0.25373 0.409612 -0.0212534 0.440708 -0.0696566 0.0269888 0.560058 -0.297582 0.760859 -0.238579 0.397461 0.218661 0.315911 0.167848 -0.881788 0.38457 -0.383365 -0.0840804 
0.0445186 -0.888204 -0.964968 -0.317067 -0.70476 -1.06238 -0.638192 0.875795 -0.133546 0.313428 -0.101528 -0.0567461 0.378887 -0.493746 0.918744 -0.0371863 -0.351098 -0.737439 0.111895 0.84888 0.27833 -0.172895 -0.407022 1.02134 0.744535 -0.662094 0.062434 0.667011 -0.366923 -0.105843 
-0.266951 0.755415 0.788045 0.562044 -0.939499 -0.243069 0.365707 -0.173001 0.288 0.00726344 -0.119524 -0.740478 0.441926 -0.627035 -0.460463 0.381531 0.383522 0.04885 -0.241956 -0.37637 0.374049 -0.102916 0.383403 0.124593 -0.24304 0.203667 0.00911404 0.351758 -0.268477 -0.229115 
-0.801659 -0.601446 -0.375522 -0.460482 -0.182507 -0.758874 -0.308669 0.390872 -0.398341 0.360483 0.244411 -0.034579 -0.236647 0.573944 0.322288 -0.443768 0.1229 -0.526232 0.466183 0.698137 0.232793 0.0970882 -0.117173 0.765771 0.170649 -0.340606 0.505737 -0.79405 0.269816 0.35333 
0.927235 -0.121652 0.295521 -0.219875 -0.582983 -0.188661 -0.363009 0.94481 -0.766627 -0.18505 0.539776 -0.849099 0.20347 0.169644 -0.102996 -0.889754 0.0938273 0.289666 -0.401214 0.532012 0.74317 0.927887 0.96924 -0.627207 -0.585634 -0.595015 0.918839 -0.797835 0.854381 -0.127422 
0.946605 0.793563 -0.174604 -0.533054 -0.018124 -0.100074 0.422471 -0.603628 0.369935 -0.115588 -0.926415 -0.164411 -0.325214 0.626528 0.263648 1.07387 -0.156125 0.25599 0.977045 -0.381703 0.707881 -0.267878 0.46544 0.150988 0.517477 0.0530248 -0.915668 0.540563 -0.47952 -0.087463 
-0.770869 0.758037 0.750606 0.63819 -0.989805 -0.449559 -0.0407717 0.161964 0.233328 0.0105767 -0.0746457 -0.881409 0.576721 -0.851367 -0.515141 0.326743 0.880014 0.317049 -0.311694 -0.596612 0.283932 0.0192531 -0.0784999 0.0663573 0.0191077 -0.238736 0.403252 0.337357 -0.151404 -0.503092 
0.84162 -0.14233 0.199617 -0.163805 -0.541148 -0.169067 -0.326485 0.939889 -0.801908 -0.169777 0.596422 -0.873462 0.187973 0.114948 -0.0408256 -0.959674 0.0566032 0.303872 -0.399649 0.605987 0.75072 0.947306 0.996013 -0.631701 -0.517806 -0.560995 0.85357 -0.772113 0.842785 -0.0212385 
0.918573 -0.12419 0.178591 -0.199126 -0.53592 -0.0479485 -0.387798 0.948065 -0.79954 -0.165782 0.671413 -0.876605 0.119857 0.182341 -0.0329481 -0.960927 0.150139 0.310214 -0.477099 0.559741 0.702143 0.947719 0.989047 -0.728204 -0.561279 -0.572471 0.914169 -0.852658 0.760588 -0.0101534 
0.103592 -0.873787 -0.950081 -0.149943 -0.799076 -0.881414 -0.533887 0.898209 -0.22139 0.283733 -0.184335 -0.0667891 0.317842 -0.472573 0.82897 -0.200215 -0.254474 -0.832534 0.072494 0.863748 0.204829 -0.186148 -0.427998 1.01178 0.59073 -0.727427 0.229974 0.792482 -0.298718 -0.242637 
-0.350373 -0.0626739 0.12582 0.500566 -0.874662 0.105424 -0.021196 0.573373 0.379115 -0.103286 -0.200879 0.313432 0.12099 -0.468558 -0.626991 -0.581289 -0.0611835 0.394996 -0.153454 -0.694886 -0.495785 -0.0508024 -0.0257511 -0.663066 0.487984 -0.367225 0.405047 0.588284 0.879375 -0.57567 
-0.622136 1.05097 0.984631 0.809151 -0.92468 -0.528449 0.357891 0.0753985 0.336267 0.148639 -0.135816 -1.02184 0.45247 -1.11053 -0.293558 -0.430804 0.74543 -0.495879 -0.393315 0.156038 0.728141 0.0382831 -0.24298 0.100094 -0.813175 0.143066 -0.0791801 0.26814 -0.301061 -0.473831 
-0.253997 -0.0383247 -0.757517 0.602688 0.297679 -0.0297008 0.268732 0.280167 -0.621554 0.931709 -0.813135 0.223291 0.412532 -0.648325 0.108236 0.386038 -0.754687 -0.0536215 -0.330401 -0.816268 -0.548436 -0.27548 -0.34638 -0.490448 -0.838295 -0.090409 -0.651686 0.748742 0.776046 0.597381 
-0.599231 0.971921 0.961517 0.809846 -1.04842 -0.505204 0.446413 0.119876 0.175509 0.0889784 -0.143126 -1.03463 0.441543 -0.903981 -0.540036 -0.484038 0.576419 -0.429642 -0.350129 0.159259 0.749865 -0.113698 -0.220441 0.258637 -0.842285 0.136771 -0.070496 0.223868 -0.419788 -0.594046 
-0.389486 -0.0775915 0.119205 0.495976 -0.86534 0.0899049 0.0134888 0.618329 0.400399 -0.014379 -0.276964 0.269758 0.0905654 -0.393814 -0.515576 -0.568925 -0.162145 0.445069 -0.169355 -0.734054 -0.475421 -0.0514996 -0.0499026 -0.615494 0.502096 -0.396612 0.317924 0.473559 0.869529 -0.641802 
0.84336 -0.12101 0.279631 -0.191224 -0.67311 -0.124742 -0.322782 0.969355 -0.732648 -0.23189 0.618753 -0.831311 0.276785 0.148871 -0.00123951 -0.930239 0.0990823 0.260295 -0.416796 0.639678 0.667095 0.891877 0.984764 -0.631316 -0.611649 -0.525407 0.861754 -0.832128 0.851452 -0.0287533 
0.973649 0.901342 -0.190924 -0.401162 -0.0646865 0.0959942 0.571875 -0.787028 0.472729 -0.236488 -0.96983 -0.14888 -0.281299 0.595894 0.302235 0.847544 -0.0395002 0.25619 0.976943 -0.350579 0.743305 -0.442307 0.542861 0.229728 0.326683 0.231328 -0.940633 0.499535 -0.469888 -0.181711 
0.809524 -0.147204 0.191839 -0.161216 -0.569442 -0.16322 -0.368 0.907506 -0.822014 -0.142399 0.537223 -0.82965 0.226509 0.112693 -0.0400379 -0.946541 0.13202 0.274973 -0.460531 0.663827 0.714007 0.923758 1.05694 -0.663757 -0.567864 -0.52781 0.929896 -0.766456 0.792707 0.00125034 
0.756649 -0.111538 0.253947 0.0792651 -0.618813 0.0306104 -0.217461 0.659324 -0.475769 -0.0504814 -0.172197 -0.780532 0.15687 -0.101684 -0.434838 -0.730554 -0.0924408 0.335511 -0.379144 -0.199943 0.264919 0.351288 0.649234 -0.678852 -0.0144536 -0.496735 0.726635 -0.277194 0.853442 -0.436209 
0.914932 0.858014 -0.236311 -0.397702 0.00350084 0.035465 0.479295 -0.806778 0.405122 -0.225523 -0.98364 -0.146586 -0.288968 0.65555 0.26816 0.77681 -0.138953 0.260946 0.995642 -0.363298 0.680818 -0.400001 0.514357 0.230397 0.343141 0.210768 -0.971934 0.462124 -0.460346 -0.112067 
0.781641 -0.169644 0.20617 -0.224553 -0.650116 -0.226941 -0.338884 0.949718 -0.903755 -0.125289 0.525807 -0.786461 0.238287 0.115902 0.0262661 -0.803413 0.0607466 0.249633 -0.459436 0.678944 0.717217 0.962676 0.942771 -0.675721 -0.573446 -0.517927 0.865565 -0.74854 0.910772 0.0389818 
-0.852975 0.649749 0.107427 0.478093 -0.818785 -0.443978 -0.0820228 0.882048 0.250787 -0.826175 -0.11252 -0.644823 0.814161 -0.624582 -0.435642 0.591048 0.921199 0.940141 -0.333921 -0.721449 0.196161 -0.0400187 0.0845451 -0.580286 0.430921 -0.343489 0.906911 0.557512 -0.137608 -0.467439 
-0.0919818 -0.0893725 -0.234788 0.577514 -0.550527 -0.0695315 -0.00822178 0.561682 -0.626639 0.46167 -0.0212023 -0.301298 0.374574 -0.262706 0.0130166 -0.48518 -0.552211 0.0618644 -0.3984 0.361628 -0.309247 0.324056 -0.191039 -0.571777 -0.630786 -0.279905 -0.557625 0.628299 0.841631 0.238556 
-0.815298 -0.659379 -0.297678 -0.52294 -0.0163236 -0.739079 -0.311435 0.339547 -0.400177 0.351044 0.234754 -0.013734 -0.178706 0.543671 0.235216 -0.581494 0.0915036 -0.457766 0.462522 0.576153 0.151175 0.0574851 -0.165449 0.774756 0.113142 -0.417728 0.499575 -0.793348 0.239443 0.325522 
-0.840015 -0.634003 -0.252093 -0.47948 -0.116471 -0.711577 -0.302043 0.316037 -0.34945 0.32718 0.266149 -0.058616 -0.164986 0.567691 0.182295 -0.514073 0.129379 -0.443833 0.483875 0.644231 0.184627 0.178043 -0.179991 0.761002 0.0932462 -0.344695 0.558715 -0.858176 0.263247 0.387731 
-0.822064 -0.63693 -0.302319 -0.486674 -0.0209353 -0.726271 -0.343968 0.336807 -0.425535 0.374769 0.255463 0.0127573 -0.208505 0.553227 0.212485 -0.503504 0.0781906 -0.458932 0.457131 0.603731 0.171712 0.16602 -0.159447 0.775876 0.0913975 -0.379772 0.575668 -0.811499 0.241354 0.332902 
-0.786534 -0.634919 -0.320904 -0.589649 -0.0741109 -0.781474 -0.356303 0.323023 -0.364155 0.422369 0.268721 -0.0432878 -0.215194 0.623446 0.236064 -0.478157 0.127991 -0.460745 0.459313 0.664219 0.181526 0.208213 -0.197217 0.771273 0.125264 -0.308783 0.519334 -0.903764 0.187851 0.373256 
-0.799509 0.723586 0.789492 0.708658 -0.987415 -0.419032 -0.0147508 0.229287 0.229807 0.00728052 -0.123023 -0.840677 0.603486 -0.818266 -0.539185 0.302266 0.83472 0.296222 -0.297569 -0.596571 0.334275 0.0566623 -0.117247 0.118812 0.0213609 -0.172728 0.342975 0.35299 -0.139546 -0.560023 
0.194741 0.948487 0.787178 0.584726 -0.583945 0.0799975 0.485558 -0.415706 0.442417 -0.0470748 -0.829021 -0.643855 0.296893 0.210022 -0.356266 0.382484 0.37682 -0.0776415 0.383962 0.123509 0.773144 -0.196626 0.319633 0.250082 -0.503898 0.18921 -0.665103 0.301437 -0.392993 -0.141956 
0.172443 0.967597 0.818954 0.573319 -0.566874 0.048277 0.460682 -0.422234 0.404687 -0.0734547 -0.865448 -0.62078 0.272451 0.208701 -0.350312 0.351606 0.360301 -0.070019 0.394575 0.126951 0.647193 -0.214725 0.415298 0.224724 -0.568811 0.254768 -0.603074 0.256459 -0.407565 -0.195095 
0.212412 0.930701 0.834075 0.551616 -0.557497 0.0206321 0.462131 -0.401408 0.412777 -0.0394329 -0.794758 -0.617359 0.313786 0.261903 -0.393122 0.400366 0.372207 -0.095462 0.381614 0.0906902 0.693073 -0.207118 0.377556 0.267698 -0.50895 0.164791 -0.668272 0.310284 -0.446366 -0.176934 
0.253656 0.901946 0.832781 0.532819 -0.559503 0.0158847 0.426686 -0.412733 0.380873 -0.0203994 -0.763064 -0.656922 0.342414 0.264555 -0.377049 0.406959 0.349252 -0.0746569 0.356545 0.0487432 0.673209 -0.249289 0.401661 0.277458 -0.4904 0.128376 -0.626853 0.28163 -0.446449 -0.193039 
0.225802 0.888641 0.823595 0.545727 -0.569817 -0.0142043 0.431033 -0.406399 0.380212 -0.0486762 -0.83158 -0.594468 0.31328 0.302661 -0.387158 0.441444 0.356523 -0.112469 0.408601 0.126053 0.655576 -0.190916 0.394308 0.260694 -0.54557 0.128846 -0.65183 0.348539 -0.413702 -0.210479 
0.692731 0.892021 0.0275842 0.0370175 -0.0926751 -0.0149382 0.449964 -0.446541 0.379528 -0.133641 -0.886826 -0.41977 0.12968 0.438972 -0.273044 0.713394 0.233158 0.108645 0.617766 -0.221603 0.68383 -0.2271 0.429393 0.223782 0.483814 0.102163 -0.867469 0.30608 -0.410527 -0.109512 
0.675217 0.931571 0.0451923 0.0128076 -0.0928912 0.00376408 0.454801 -0.478144 0.390797 -0.136469 -0.897715 -0.442256 0.0915654 0.406336 -0.261933 0.695547 0.215167 0.141083 0.639714 -0.254108 0.689393 -0.259147 0.398956 0.250247 0.452408 0.119812 -0.833113 0.323567 -0.391135 -0.116068 
0.678209 0.858594 0.0402944 0.0235454 -0.131976 0.00608089 0.484125 -0.410071 0.407811 -0.140106 -0.846256 -0.388948 0.103793 0.445496 -0.231036 0.751143 0.228043 0.13005 0.613527 -0.212932 0.641783 -0.25404 0.449726 0.187283 0.511135 0.0612871 -0.846459 0.346507 -0.400947 -0.140754 
0.184016 0.931646 0.820016 0.559999 -0.560141 0.0460156 0.490423 -0.467956 0.388901 -0.051241 -0.831425 -0.628868 0.295561 0.242932 -0.352554 0.426394 0.387239 -0.103783 0.394094 0.108883 0.706222 -0.211 0.375824 0.270203 -0.518061 0.191737 -0.619834 0.307768 -0.425885 -0.155967 
0.212509 0.904508 0.851656 0.595086 -0.536102 0.0208036 0.525826 -0.444716 0.346351 -0.0712715 -0.805735 -0.593015 0.319399 0.259244 -0.357545 0.43458 0.384495 -0.0651213 0.39995 0.101089 0.663782 -0.181221 0.413337 0.275231 -0.503207 0.199472 -0.608736 0.267454 -0.450724 -0.160315 
0.226134 0.928289 0.858492 0.544762 -0.553734 0.0416126 0.496295 -0.425654 0.388926 -0.0422635 -0.842007 -0.595292 0.299476 0.234137 -0.334666 0.414638 0.358345 -0.140011 0.430026 0.0709659 0.685125 -0.221126 0.336274 0.262783 -0.553164 0.216396 -0.654055 0.266557 -0.38901 -0.193542 
0.80204 -0.175051 0.243962 -0.305647 -0.63163 -0.201008 -0.389129 0.926359 -0.864496 -0.161304 0.522456 -0.76224 0.193781 0.0702386 -0.0572228 -0.887438 0.159362 0.254304 -0.480872 0.640621 0.659609 0.9362 0.982488 -0.665062 -0.615938 -0.520164 0.910332 -0.771466 0.878707 0.00142336 
0.779186 -0.157877 0.232496 -0.26584 -0.635736 -0.23981 -0.42817 0.931793 -0.840988 -0.192301 0.540869 -0.773237 0.159422 0.0953929 -0.0637797 -0.867852 0.118734 0.270683 -0.455279 0.643013 0.62301 0.955307 1.00359 -0.643314 -0.651665 -0.484699 0.952057 -0.807795 0.863111 0.0255571 
0.832367 -0.215758 0.220646 -0.335732 -0.638374 -0.194403 -0.389278 0.915656 -0.873312 -0.128513 0.49297 -0.733027 0.195964 0.0461471 -0.0890888 -0.866229 0.194916 0.251787 -0.523486 0.620909 0.664437 0.957636 0.964233 -0.668625 -0.615857 -0.491523 0.889 -0.812794 0.919081 0.0170561 
0.54342 -0.396622 -0.00148693 -0.198079 -0.760943 -0.211035 -0.533014 0.880758 -0.80178 0.0037079 0.1588 -0.204875 0.313352 -0.313209 0.151806 -0.790142 -0.0809057 -0.0292867 0.0624589 0.696087 0.463818 -0.284525 -0.000477213 0.577933 0.0548567 -0.679595 0.437636 -0.103676 -0.18476 -0.0796404 
0.573119 -0.371296 -0.0350309 -0.225738 -0.743332 -0.214966 -0.517491 0.903993 -0.764898 -0.0372585 0.129277 -0.171812 0.284466 -0.338143 0.151358 -0.828443 -0.0433267 -0.0361964 0.0219478 0.702646 0.480537 -0.309016 -0.0324505 0.549038 0.0493664 -0.678654 0.469849 -0.0712432 -0.170405 -0.0835988 
0.574714 -0.400216 0.0403186 -0.159811 -0.76842 -0.194125 -0.512756 0.868678 -0.821605 -0.0364078 0.184625 -0.210809 0.301231 -0.316573 0.150926 -0.772189 -0.092243 -0.050442 0.0399344 0.673109 0.502006 -0.263621 -0.034842 0.555538 0.091736 -0.653597 0.423556 -0.129782 -0.218463 -0.088152 
0.183702 0.92622 0.816572 0.544915 -0.566666 0.0285212 0.48409 -0.429282 0.398232 -0.0542928 -0.811205 -0.636634 0.29909 0.23989 -0.384743 0.414875 0.390199 -0.114426 0.390773 0.10322 0.709879 -0.204605 0.363817 0.25505 -0.511372 0.187138 -0.650746 0.315869 -0.423938 -0.155127 
0.154591 0.965149 0.804787 0.508799 -0.600546 0.0171232 0.457815 -0.421511 0.375905 -0.0266614 -0.834373 -0.66736 0.334458 0.257279 -0.371075 0.447956 0.420503 -0.0956613 0.411775 0.0992175 0.700487 -0.165589 0.357982 0.231982 -0.519025 0.174567 -0.628846 0.304476 -0.455103 -0.189292 
0.193241 0.912996 0.797427 0.552686 -0.587012 0.0639524 0.492063 -0.417854 0.379439 -0.0505896 -0.820694 -0.600906 0.277869 0.206681 -0.415476 0.435535 0.412488 -0.0856991 0.374948 0.0928539 0.718063 -0.216531 0.344329 0.249388 -0.515766 0.186623 -0.647435 0.312245 -0.419161 -0.158523 
-0.789581 0.746327 0.821976 0.688977 -0.953396 -0.434435 -0.0243006 0.213452 0.206926 0.00878605 -0.0679954 -0.839177 0.602061 -0.773429 -0.51473 0.329415 0.839629 0.324759 -0.319646 -0.579211 0.268388 0.078325 -0.0487534 0.0688628 0.041825 -0.194761 0.321943 0.321438 -0.130788 -0.519825 
-0.752902 0.724674 0.824166 0.728209 -0.978359 -0.40818 -0.0298454 0.208785 0.233048 0.0496627 -0.0527807 -0.853757 0.578158 -0.805453 -0.532057 0.328158 0.800659 0.332805 -0.348859 -0.567562 0.279917 0.0385841 -0.0821061 0.0565333 0.0837639 -0.219847 0.322699 0.355673 -0.126326 -0.542049 
-0.810582 0.723296 0.840086 0.689276 -0.925609 -0.450266 -0.0567056 0.251125 0.182778 -0.025977 -0.0428797 -0.870605 0.593426 -0.799031 -0.524711 0.34771 0.821325 0.295006 -0.328049 -0.567822 0.255015 0.0686905 -0.00923726 0.110557 0.0308569 -0.235318 0.316237 0.315585 -0.158239 -0.544914 
-0.765395 0.717769 0.804608 0.687834 -0.953965 -0.455936 -0.0411189 0.196738 0.225345 0.0174045 -0.0632101 -0.865934 0.623661 -0.800528 -0.49081 0.332531 0.82134 0.30677 -0.304998 -0.60739 0.294299 0.0966739 -0.0386353 0.0514361 0.0331922 -0.223333 0.294199 0.316811 -0.112801 -0.496857 
-0.74365 0.706495 0.767366 0.684379 -0.930893 -0.455484 -0.0571783 0.205677 0.263894 -0.00112392 -0.0274492 -0.832636 0.595865 -0.789966 -0.520911 0.34938 0.828076 0.331021 -0.298222 -0.64892 0.314223 0.134375 -0.0332795 0.0490496 0.0306885 -0.208623 0.328528 0.285319 -0.104642 -0.529294 
-0.72393 0.727185 0.798606 0.723614 -0.980909 -0.431882 -0.0034859 0.228371 0.266699 0.0277144 -0.0280806 -0.873624 0.608837 -0.839999 -0.477379 0.374041 0.839061 0.319809 -0.302378 -0.638292 0.306393 0.0811618 -0.0182474 0.0220273 -0.0023914 -0.264884 0.271506 0.336632 -0.139347 -0.482252 
0.177635 0.967904 0.811096 0.564084 -0.550948 0.00922471 0.471599 -0.455093 0.404099 -0.0471581 -0.808768 -0.65113 0.32505 0.234958 -0.385598 0.367769 0.372205 -0.142641 0.409608 0.0814786 0.65483 -0.23098 0.371183 0.257195 -0.494206 0.219666 -0.695228 0.311188 -0.40218 -0.155551 
0.209506 0.972097 0.812333 0.563188 -0.569424 0.0245137 0.444361 -0.428312 0.397861 -0.0713096 -0.781328 -0.640616 0.356586 0.25048 -0.402865 0.401744 0.382752 -0.109736 0.404707 0.0878856 0.641507 -0.267011 0.356369 0.221138 -0.53322 0.232805 -0.680154 0.281665 -0.418409 -0.187011 
0.208839 0.987954 0.839282 0.588639 -0.532871 0.0185598 0.438738 -0.439958 0.439315 -0.0482867 -0.774053 -0.632771 0.324184 0.261667 -0.407094 0.39217 0.398795 -0.124976 0.440464 0.120359 0.635801 -0.24416 0.353221 0.257857 -0.485684 0.188322 -0.707886 0.308682 -0.413467 -0.124703 
-1.08106 0.0939842 0.273751 -0.687336 -0.927342 -0.936461 0.230822 -0.548764 -0.54075 -0.186293 -0.128146 0.0107886 0.138151 0.693989 -0.154112 -0.483303 0.0126171 0.041649 0.0686444 0.691021 0.304706 0.858906 0.912023 0.685721 0.144454 0.458815 0.557621 -0.781551 0.404494 0.348463 
-1.05403 0.0894066 0.30652 -0.650815 -0.94817 -0.912534 0.202461 -0.555813 -0.570761 -0.197558 -0.1451 -0.0170715 0.15814 0.65554 -0.160942 -0.461662 0.0346455 0.00511891 0.0429259 0.681792 0.33868 0.867599 0.893212 0.645305 0.147042 0.497924 0.557263 -0.80926 0.426222 0.319325 
-1.05839 0.101387 0.263746 -0.669615 -0.921706 -0.911977 0.268941 -0.508282 -0.537908 -0.215995 -0.101948 0.0277414 0.102745 0.67759 -0.168734 -0.491902 -0.0016552 0.0331204 0.0398493 0.650643 0.30102 0.895233 0.950409 0.71644 0.128001 0.45565 0.558747 -0.750894 0.427626 0.38282 
-0.485481 0.917346 0.808375 0.68452 -0.911077 -0.360988 0.256764 -0.266897 0.251683 0.0138614 -0.266264 -0.826955 0.348478 0.0825111 -0.417071 0.356867 0.570808 0.0338957 0.216703 -0.474936 0.59611 -0.0186066 0.232983 0.0801296 -0.0925498 -0.0415235 0.108568 0.316411 -0.15134 -0.379701 
0.0345925 0.844984 0.81109 0.667856 -0.745894 -0.0293043 0.248094 0.0651602 0.322132 -0.00614165 -0.724858 -0.711801 0.464659 0.154606 -0.46619 0.377078 0.576294 0.211313 -0.176768 -0.141421 0.468616 -0.150442 0.324858 0.218264 -0.137026 0.156664 0.262414 0.315997 -0.289526 -0.424646 
-0.636432 0.766228 0.159732 0.239052 -0.715092 -0.247768 -0.0244108 -0.157985 0.328595 -0.00908762 -0.595068 -0.501657 0.362407 -0.391549 -0.284584 0.648866 0.529567 0.301759 0.439039 -0.454297 0.354824 0.00854769 0.3527 0.215001 0.0874357 -0.167808 -0.683852 0.308359 -0.32123 -0.272926 
-0.133875 0.784373 0.819906 0.597755 -0.590586 -0.292071 0.218563 -0.361407 0.217101 -0.00672747 -0.32853 -0.805223 0.400941 -0.534381 -0.476603 0.362222 0.513778 0.300913 0.243029 -0.43971 0.531954 -0.206468 0.268551 0.160578 -0.233812 0.0531289 -0.515047 0.31275 -0.28509 -0.38446 
0.475533 -0.0688962 0.310151 -0.131587 -0.611054 -0.122854 0.298944 0.817402 -0.256454 -0.0284756 -0.830973 -0.609166 0.296854 -0.00814856 0.0938557 -0.417699 0.150298 -0.0368459 0.158044 0.460954 0.553027 -0.223773 0.368486 0.417494 -0.0538959 -0.61112 -0.0597554 0.0996505 -0.368735 -0.14033 
0.508285 0.880945 0.49962 0.414662 -0.58406 -0.0163009 0.0480569 0.402827 -0.390607 -0.131866 -0.221177 -0.691334 0.201303 0.158809 -0.279981 -0.141433 0.364282 0.0692105 -0.301709 0.351995 0.669918 0.541394 0.663729 -0.453134 -0.573014 -0.234051 0.453579 0.118382 -0.219516 -0.0993962 
0.229461 0.834526 0.334087 0.0675829 -0.729906 0.0343789 -0.00701461 -0.026363 -0.670766 -0.00630637 -0.368569 -0.49619 0.296268 0.0218059 0.0747467 0.0874299 0.0930891 -0.0893936 0.379444 0.324927 0.471585 -0.222003 0.188323 0.570967 -0.0780078 -0.17294 -0.455324 -0.0832032 -0.415748 -0.140961 
-0.71846 0.119967 0.595156 0.158945 -0.812979 -0.0460093 0.281786 -0.48639 0.11108 -0.150455 -0.581455 -0.509486 0.221279 0.513147 -0.347973 0.27532 0.0796767 -0.0821269 0.207158 0.338955 0.404207 0.730226 0.729322 0.581545 -0.160619 0.223797 -0.487257 -0.177557 -0.301762 0.212866 
-0.22749 0.75806 0.352763 -0.106731 -0.814849 -0.323578 0.253243 -0.494334 0.202888 -0.170731 -0.577094 -0.125074 0.191501 0.392897 -0.169117 -0.322562 0.0249125 -0.0852699 0.093676 0.446933 0.375387 -0.130691 0.49718 0.366504 -0.00895503 0.45378 -0.274296 -0.143093 -0.064424 0.298216 
0.183901 0.930336 0.817191 0.55507 -0.560153 0.0308584 0.485309 -0.446505 0.392283 -0.0517172 -0.814668 -0.633917 0.298303 0.241055 -0.365742 0.419947 0.388097 -0.112313 0.391465 0.105835 0.70698 -0.204883 0.366675 0.26324 -0.514081 0.187979 -0.636141 0.314696 -0.424942 -0.155201 
0.404949 -0.00243444 0.610098 0.295496 -0.625701 -0.126794 -0.0375201 0.298379 -0.322129 -0.103712 -0.410266 -0.703177 0.207412 0.114798 -0.130792 -0.332223 0.382286 0.0991761 -0.118177 0.615822 0.667687 0.159207 0.570209 -0.200395 -0.595649 0.149616 -0.436195 -0.35212 0.692454 -0.0978318 
0.21873 0.742636 0.506283 0.202981 -0.448667 -0.171687 -0.0394532 0.182299 0.256761 -0.0418955 -0.734944 -0.700646 0.419845 -0.519245 -0.364419 0.581028 0.789287 0.156516 0.0674609 -0.291134 0.398988 -0.200699 0.368375 0.058482 0.235211 -0.110927 0.257665 0.312284 -0.344768 -0.324415 
-0.160248 -0.0295679 0.402375 -0.206093 -0.788319 -0.36666 -0.335602 0.518223 0.19395 -0.0941939 0.149709 -0.817717 0.585156 -0.00431586 -0.199459 -0.544799 0.801478 0.268331 -0.454957 -0.214991 0.369408 0.427095 0.0590247 -0.00195381 -0.138044 -0.244496 0.841156 -0.413248 0.257038 -0.0129541 
0.498892 0.911846 0.338668 0.0996733 -0.283457 0.00210272 0.475798 -0.459424 0.379818 -0.0886318 -0.884924 -0.55356 0.237884 0.285946 -0.322851 0.52671 0.379255 0.10347 0.548796 -0.0298241 0.684633 -0.216782 0.383369 0.241161 0.351499 0.180019 -0.650956 0.306416 -0.422345 -0.149719 
0.384205 0.555013 0.318912 0.167899 -0.5799 -0.00914145 0.28116 0.455567 0.0616669 -0.101585 0.205418 -0.721353 0.206168 0.106964 -0.192651 0.0273309 0.260437 -0.0953153 -0.421509 0.210884 0.671977 0.404847 0.773473 0.0815066 -0.587975 -0.129841 -0.561252 -0.430482 0.312474 -0.132826 
-0.471592 0.573385 0.13415 -0.00194695 -0.559712 -0.604861 0.270039 -0.502204 -0.307248 -0.143726 -0.698683 -0.189381 0.13111 0.563534 -0.205381 -0.259712 0.187258 0.0588309 0.47165 0.685696 0.317513 0.505487 0.768722 0.29046 0.166415 0.254176 -0.746616 -0.192481 -0.204148 0.0614185 
0.427755 0.633746 0.527039 0.388477 -0.621761 -0.106569 0.401385 0.846595 0.0744642 -0.0977131 -0.389367 -0.643107 0.235864 0.21568 -0.263416 0.362881 0.210491 0.125789 0.224 0.628897 0.694797 0.479523 0.70515 0.241232 -0.554855 -0.284324 0.41233 -0.371809 0.710487 -0.123809 
0.630826 0.147414 0.250464 -0.258578 -0.656505 -0.73831 0.37937 -0.488114 -0.00888249 -0.137951 -0.588283 -0.169144 0.134334 0.462148 -0.229906 0.456412 0.123302 0.10489 0.218218 0.149754 0.336635 0.286535 0.531558 0.364651 0.268576 0.377027 -0.341819 0.227183 -0.0705633 0.0566619 
0.193285 0.813147 0.483725 0.398004 -0.531384 -0.448578 0.163301 -0.200147 0.272666 -0.0110938 -0.228385 -0.77956 0.36568 -0.621437 -0.376159 0.549613 0.808337 0.27121 0.357948 -0.578799 0.428114 -0.0999824 0.40296 0.167626 0.233967 0.00459241 0.269017 0.312957 -0.29942 -0.224184 
-0.0430554 0.513812 0.724375 -0.468414 -0.815433 -0.921673 0.319344 -0.405482 -0.314904 -0.173775 -0.20778 -0.15457 0.223508 0.364696 -0.21429 -0.198178 0.232084 -0.0419298 0.291766 0.173109 0.663409 0.645979 0.468365 0.503354 0.13981 0.302275 0.492888 -0.49418 -0.309432 0.30991 
