0.964133 0.808238 -0.145027 -0.562445 -0.00744291 -0.11635 0.44911 -0.598206 0.341309 -0.0965241 -0.928069 -0.176632 -0.354953 0.624911 0.268823 1.09581 -0.166295 0.253539 0.958039 -0.384294 0.684282 -0.246372 0.490456 0.134836 0.543593 0.0656595 -0.945512 0.50985 -0.480459 -0.0565869 
0.202114 -0.906282 -0.472551 0.305067 -0.0119451 -0.175977 -0.605767 0.745624 -0.267486 1.0196 0.88836 0.151111 -0.428738 0.292917 0.34587 0.104121 0.312568 -0.966258 0.587559 0.901295 -0.434859 0.0619038 -0.949849 0.786988 0.229655 -0.392299 0.144776 -0.780897 0.0373244 -0.971069 
0.763361 -0.151625 0.22232 -0.232494 -0.667842 -0.249558 -0.330113 0.943897 -0.906931 -0.106418 0.527422 -0.789494 0.238582 0.110177 -0.000693653 -0.812205 0.0440775 0.225974 -0.429019 0.651215 0.733888 0.95202 0.934045 -0.698445 -0.572029 -0.531976 0.853182 -0.726347 0.914568 0.0465228 
0.927934 -0.120238 0.320449 -0.225612 -0.552295 -0.188392 -0.342912 0.947851 -0.756755 -0.204427 0.543228 -0.832251 0.216115 0.187607 -0.0996858 -0.908895 0.0831257 0.278245 -0.380846 0.537155 0.756239 0.909057 0.942553 -0.645559 -0.578861 -0.583724 0.911177 -0.786847 0.86444 -0.142459 
0.78068 -0.201744 0.236829 -0.320135 -0.660551 -0.231356 -0.376918 0.945971 -0.893182 -0.183167 0.529618 -0.768621 0.18207 0.0713129 -0.0530302 -0.881576 0.160359 0.238082 -0.46156 0.6375 0.676007 0.957517 0.962912 -0.645301 -0.590191 -0.505887 0.886048 -0.771732 0.871538 0.01981 
0.913527 -0.137596 0.15906 -0.213654 -0.545465 -0.0481142 -0.392712 0.949651 -0.784508 -0.156251 0.680926 -0.882318 0.139752 0.198406 -0.0230248 -0.972171 0.126141 0.289327 -0.505077 0.565869 0.722777 0.965484 0.985847 -0.731209 -0.54734 -0.584992 0.932036 -0.832935 0.735816 -0.0392356 
0.562879 -0.37161 -0.0479928 -0.220257 -0.73755 -0.222432 -0.53261 0.915235 -0.757059 -0.0518424 0.130155 -0.192605 0.302973 -0.338833 0.153865 -0.841797 -0.0600339 -0.040059 0.0176509 0.689763 0.482935 -0.337404 -0.0293216 0.558654 0.0319316 -0.686573 0.481003 -0.0606432 -0.176865 -0.0892875 
0.845274 -0.200618 0.311713 -0.16525 -0.617683 -0.0444731 -0.284881 0.916055 -0.782425 -0.12888 0.580362 -0.959971 0.25772 0.129608 -0.0232508 -0.958569 0.113219 0.275612 -0.493996 0.650322 0.726529 0.941559 1.039 -0.601802 -0.61426 -0.567844 0.944024 -0.934089 0.739697 -0.0397205 
0.921483 -0.105283 0.233543 -0.330447 -0.61633 -0.0924897 -0.36493 0.975221 -0.823017 -0.201318 0.610221 -0.820523 0.324597 0.208593 -0.028646 -0.940993 0.117441 0.14798 -0.496073 0.676903 0.68132 0.979681 0.970886 -0.662815 -0.484715 -0.603175 0.915612 -0.773234 0.839336 -0.0938922 
0.788024 -0.143408 0.19805 -0.165812 -0.578857 -0.137414 -0.381998 0.917997 -0.794525 -0.164444 0.560722 -0.80143 0.216658 0.12112 -0.019682 -0.939496 0.108952 0.269307 -0.470141 0.659585 0.732468 0.935313 1.02812 -0.664012 -0.545161 -0.523074 0.936145 -0.76061 0.817295 0.0192996 
0.178287 0.977939 0.77478 0.507056 -0.570364 0.0211215 0.477867 -0.400467 0.391618 -0.029917 -0.83676 -0.671024 0.364526 0.245022 -0.357207 0.464579 0.448361 -0.111385 0.385419 0.129335 0.701581 -0.144031 0.350834 0.213505 -0.534226 0.198027 -0.602538 0.30279 -0.474036 -0.201201 
0.194692 0.907775 0.833132 0.532612 -0.566107 0.00934476 0.470034 -0.451739 0.394843 -0.024008 -0.837983 -0.622869 0.296587 0.249444 -0.387131 0.397298 0.405857 -0.110888 0.371685 0.0975087 0.729318 -0.203213 0.354109 0.252215 -0.509534 0.158525 -0.637963 0.320819 -0.45409 -0.171589 
0.1534 0.931688 0.802582 0.561486 -0.557358 0.0158325 0.502719 -0.472993 0.39551 -0.0370211 -0.805063 -0.638675 0.305771 0.252452 -0.365548 0.447371 0.363613 -0.108161 0.391133 0.117038 0.707823 -0.215374 0.379725 0.282442 -0.488106 0.193902 -0.645012 0.299064 -0.444501 -0.166688 
0.170384 0.902879 0.801479 0.566097 -0.571632 0.0447082 0.503856 -0.439029 0.383094 -0.0435487 -0.85422 -0.606204 0.305483 0.220074 -0.379035 0.434824 0.371951 -0.0862255 0.372756 0.108839 0.730171 -0.22127 0.399675 0.248737 -0.547241 0.20273 -0.64787 0.279461 -0.397592 -0.184309 
0.197044 0.91861 0.849813 0.587799 -0.531924 0.0491515 0.522238 -0.45181 0.345244 -0.098688 -0.813134 -0.589338 0.318137 0.28513 -0.373905 0.447468 0.411188 -0.0502807 0.42754 0.125885 0.679413 -0.19596 0.400205 0.290739 -0.491876 0.22119 -0.592635 0.259522 -0.48113 -0.142796 
0.521453 0.94027 0.357794 0.104264 -0.310352 0.0132305 0.479829 -0.432582 0.39453 -0.0741055 -0.879826 -0.539606 0.253682 0.269635 -0.3292 0.514103 0.35095 0.0739384 0.526573 -0.00200214 0.705029 -0.20179 0.371825 0.251544 0.323019 0.2077 -0.648276 0.317345 -0.453063 -0.13487 
0.775239 -0.0895179 0.231099 0.0738583 -0.626853 0.0365656 -0.214981 0.683034 -0.453163 -0.020911 -0.165119 -0.799866 0.160656 -0.071239 -0.449238 -0.748584 -0.0745014 0.350793 -0.380961 -0.21829 0.238882 0.334545 0.652708 -0.652967 -0.0270696 -0.488007 0.730107 -0.292921 0.866761 -0.45346 
0.827708 -0.202421 0.219053 -0.305657 -0.659285 -0.177422 -0.393797 0.91285 -0.848018 -0.128321 0.48133 -0.737316 0.226281 0.053701 -0.103403 -0.863135 0.19912 0.230279 -0.516306 0.597463 0.653135 0.928192 0.939093 -0.682713 -0.639214 -0.473444 0.862157 -0.825477 0.912287 0.042119 
0.968952 0.882353 -0.171699 -0.42772 -0.0882997 0.0768823 0.555937 -0.777445 0.464964 -0.209122 -0.984416 -0.150466 -0.30324 0.573802 0.314545 0.843959 -0.0438187 0.24251 0.98367 -0.326164 0.740512 -0.441056 0.562865 0.25052 0.306142 0.256593 -0.962564 0.51504 -0.476338 -0.196014 
0.221646 0.987826 0.823727 0.576443 -0.578989 0.0225263 0.453596 -0.408785 0.417904 -0.0754867 -0.794971 -0.628234 0.36105 0.26471 -0.400751 0.408901 0.407399 -0.117959 0.40385 0.0850666 0.659641 -0.291558 0.365037 0.209196 -0.558966 0.228579 -0.701121 0.291812 -0.408471 -0.211366 
0.935567 0.795382 -0.167161 -0.509759 -0.0983079 0.0517449 0.661421 -0.855439 0.360663 -0.0620623 -0.992538 -0.207803 -0.268609 0.570354 0.214697 0.820205 0.016949 0.38915 0.97854 -0.34731 0.767491 -0.434953 0.590654 0.370829 0.266529 0.190644 -0.958628 0.48166 -0.473337 -0.197654 
-0.244661 0.726354 0.78711 0.558068 -0.963645 -0.25704 0.370013 -0.198885 0.313837 -0.0017976 -0.10274 -0.746817 0.415104 -0.605444 -0.46908 0.37741 0.405422 0.0426783 -0.253633 -0.346361 0.343416 -0.116003 0.408995 0.102979 -0.248907 0.215458 0.0201997 0.328816 -0.239837 -0.226352 
-0.823472 0.701065 0.82147 0.683844 -0.928644 -0.472418 -0.0355183 0.250628 0.15384 -0.0205966 -0.0240817 -0.841609 0.606532 -0.790402 -0.538886 0.317866 0.828137 0.320049 -0.311032 -0.58686 0.283928 0.0392534 -0.0362206 0.135838 0.020656 -0.205744 0.297375 0.323321 -0.138007 -0.573002 
-0.364678 -0.0409672 0.102489 0.474425 -0.85322 0.12144 -0.0240946 0.550719 0.34995 -0.119212 -0.193012 0.288301 0.148953 -0.443689 -0.616327 -0.569874 -0.0759805 0.393799 -0.176963 -0.66825 -0.504169 -0.0274415 -0.0256202 -0.66774 0.499809 -0.379909 0.431078 0.605299 0.883168 -0.58192 
0.220733 0.989691 0.812926 0.60417 -0.502203 0.0317588 0.447791 -0.449218 0.421596 -0.0593418 -0.778828 -0.6262 0.294792 0.265575 -0.405675 0.40258 0.38549 -0.0971121 0.410008 0.127984 0.663268 -0.263736 0.378056 0.277337 -0.474428 0.163777 -0.70849 0.319666 -0.419057 -0.142296 
0.552872 -0.427229 0.0136829 -0.227512 -0.74228 -0.235247 -0.535953 0.853124 -0.789821 0.00275105 0.167403 -0.213856 0.292894 -0.30304 0.127518 -0.787906 -0.103451 -0.0187662 0.0923451 0.666486 0.492132 -0.27622 -0.0242697 0.596949 0.0620537 -0.659831 0.423874 -0.128523 -0.207 -0.100248 
-0.867876 -0.636574 -0.243889 -0.480705 -0.143084 -0.700783 -0.306398 0.317077 -0.371389 0.322493 0.280148 -0.0604319 -0.149755 0.53756 0.154523 -0.51233 0.158404 -0.45703 0.467672 0.639821 0.205356 0.165265 -0.18827 0.788842 0.0752935 -0.33494 0.541235 -0.853683 0.246378 0.392736 
-0.81578 -0.652173 -0.292758 -0.499719 -0.0409371 -0.722744 -0.355142 0.333985 -0.450841 0.388874 0.238198 -0.000346537 -0.205032 0.527639 0.184579 -0.496735 0.0740631 -0.479421 0.468664 0.626426 0.193515 0.195627 -0.143058 0.779424 0.0800441 -0.363545 0.577281 -0.815671 0.258946 0.346492 
-0.811817 -0.586014 -0.366254 -0.484354 -0.209427 -0.735666 -0.296084 0.370651 -0.413722 0.345055 0.259688 -0.0219349 -0.246395 0.597168 0.302385 -0.468263 0.0977785 -0.497477 0.438898 0.721062 0.21715 0.0708834 -0.12446 0.753715 0.159315 -0.349933 0.479856 -0.77465 0.25411 0.370321 
-0.69411 0.736466 0.813687 0.740578 -0.983381 -0.43391 -0.0165257 0.252477 0.258164 0.0186976 -0.00275167 -0.867928 0.616486 -0.816104 -0.468237 0.3442 0.849943 0.333974 -0.321742 -0.637127 0.31866 0.10807 -0.0373414 -0.00523456 -0.0283875 -0.28632 0.296736 0.344805 -0.125879 -0.50985 
0.869089 -0.108146 0.295798 -0.179821 -0.69661 -0.104446 -0.324315 0.948103 -0.75221 -0.237466 0.616642 -0.827236 0.276572 0.144138 -0.0246712 -0.946554 0.101393 0.248415 -0.446672 0.646017 0.675761 0.864424 0.96426 -0.64801 -0.590971 -0.506487 0.853575 -0.861009 0.845749 -0.0559759 
0.785828 -0.164991 0.238348 -0.271928 -0.660068 -0.235945 -0.400485 0.92576 -0.835195 -0.164741 0.566386 -0.7693 0.182323 0.0744375 -0.0603548 -0.855513 0.104316 0.246787 -0.43009 0.632807 0.634099 0.941499 1.00371 -0.669386 -0.621389 -0.469546 0.935242 -0.79101 0.8724 0.0207336 
0.205892 0.972316 0.786579 0.567415 -0.578904 0.0337201 0.452308 -0.470833 0.383413 -0.0677968 -0.837404 -0.648061 0.334386 0.231661 -0.368295 0.35372 0.390753 -0.133537 0.379169 0.0638609 0.639869 -0.242773 0.343714 0.275664 -0.511688 0.19304 -0.671759 0.307228 -0.424257 -0.183198 
0.164524 0.983813 0.836921 0.565676 -0.552537 0.0756035 0.487725 -0.444507 0.37986 -0.0884367 -0.843831 -0.59121 0.266575 0.192409 -0.364211 0.323381 0.338674 -0.0473946 0.422864 0.118351 0.619226 -0.240405 0.438191 0.195836 -0.56231 0.260259 -0.615877 0.278189 -0.391332 -0.21385 
0.864619 -0.161572 0.100352 -0.31668 -0.731779 -0.164043 -0.389102 0.953941 -0.837633 -0.182348 0.522573 -0.845207 0.193457 0.076385 -0.096516 -0.942817 0.240788 0.208046 -0.538392 0.718546 0.66945 1.03745 0.977956 -0.667549 -0.63183 -0.572773 0.892443 -0.739942 0.712555 -0.0191491 
0.214013 0.930112 0.808897 0.578993 -0.61126 0.0915324 0.484619 -0.424533 0.425883 -0.0205692 -0.851601 -0.645369 0.299555 0.19972 -0.32781 0.398635 0.381109 -0.0948342 0.401559 0.118084 0.797012 -0.221725 0.293993 0.280024 -0.523915 0.179176 -0.674383 0.277631 -0.365133 -0.161191 
-0.833451 -0.658824 -0.326099 -0.493091 -0.0196877 -0.711041 -0.304155 0.33283 -0.382879 0.368319 0.244748 0.0118968 -0.161591 0.53571 0.209808 -0.576653 0.112783 -0.437197 0.434294 0.564038 0.123985 0.0309008 -0.135557 0.78809 0.132756 -0.430803 0.496141 -0.779894 0.268431 0.299819 
-0.77178 0.721083 0.854747 0.717502 -0.979531 -0.419797 -0.0245296 0.203479 0.242004 0.0776577 -0.0761925 -0.827175 0.591653 -0.818588 -0.542812 0.332939 0.77925 0.324054 -0.330455 -0.57417 0.309008 0.0382815 -0.0814912 0.0335464 0.070362 -0.221245 0.319892 0.368088 -0.130635 -0.529651 
-0.794675 0.717058 0.789386 0.678586 -0.954567 -0.428879 -0.0549722 0.222687 0.236949 0.00156335 -0.0336901 -0.869104 0.620427 -0.80349 -0.519996 0.338854 0.819247 0.318299 -0.287343 -0.604734 0.307373 0.104336 -0.0123548 0.0762064 0.0564882 -0.198759 0.320495 0.29835 -0.120346 -0.468959 
0.248931 0.879196 0.826764 0.538899 -0.542208 0.00559992 0.422223 -0.390922 0.361631 -0.0474634 -0.818669 -0.583464 0.339212 0.28674 -0.379669 0.457241 0.336521 -0.13682 0.392339 0.127052 0.662433 -0.19469 0.40296 0.272106 -0.558061 0.104234 -0.638964 0.318103 -0.43425 -0.184004 
0.691161 0.829285 0.0314532 0.0405726 -0.135571 -0.023396 0.495794 -0.43183 0.43121 -0.16173 -0.839082 -0.409066 0.0746675 0.437402 -0.231932 0.754754 0.210119 0.155099 0.602079 -0.224314 0.641841 -0.239172 0.433274 0.19289 0.528015 0.0451046 -0.822505 0.346587 -0.373993 -0.115971 
0.867528 -0.120864 0.186255 -0.192262 -0.511609 -0.141701 -0.352479 0.922007 -0.815828 -0.169212 0.565961 -0.860112 0.202549 0.125911 -0.0469896 -0.972403 0.0331364 0.326156 -0.377953 0.594108 0.748623 0.964886 0.995875 -0.64445 -0.49441 -0.590219 0.824607 -0.790637 0.843536 -0.0378606 
-1.139 0.0596906 0.352874 -0.670413 -0.885136 -0.941362 0.240463 -0.510633 -0.582846 -0.0887875 -0.105572 0.0662247 0.103342 0.756336 -0.162836 -0.392293 0.0257591 0.120124 0.0746233 0.726912 0.342302 0.844957 0.854071 0.720913 0.203419 0.511489 0.557103 -0.726976 0.414157 0.344044 
-0.793312 0.734379 0.878351 0.657055 -0.897211 -0.427121 -0.0833202 0.266081 0.219447 -0.00331729 -0.115053 -0.812476 0.56606 -0.804877 -0.54174 0.375703 0.835885 0.290233 -0.288436 -0.510961 0.379939 -0.00676762 -0.0859961 0.0535376 -0.0501832 -0.147301 0.346345 0.425665 -0.148103 -0.501171 
-0.79604 0.770088 0.836468 0.682546 -0.958416 -0.444733 -0.0260526 0.190041 0.229073 -0.0107957 -0.0780934 -0.826189 0.606785 -0.758754 -0.48689 0.324606 0.816333 0.299841 -0.301874 -0.558502 0.287279 0.0502746 -0.0790922 0.0463495 0.0252762 -0.216891 0.346393 0.338709 -0.144286 -0.526725 
-0.414191 -0.0586909 0.103236 0.503012 -0.855445 0.0996784 0.0422863 0.645102 0.393903 0.0159526 -0.286033 0.28573 0.119574 -0.402915 -0.526102 -0.541189 -0.159694 0.419926 -0.139563 -0.733741 -0.456741 -0.0607907 -0.0783775 -0.585584 0.510169 -0.379086 0.2987 0.448934 0.86172 -0.632373 
0.220511 0.951563 0.806968 0.526408 -0.582125 0.00813151 0.433891 -0.412387 0.391107 -0.015251 -0.799323 -0.616065 0.3104 0.289016 -0.36663 0.398013 0.384836 -0.101764 0.409754 0.088113 0.673152 -0.179252 0.366227 0.28805 -0.520991 0.150707 -0.654136 0.286025 -0.433188 -0.163091 
0.253824 0.908256 0.848143 0.56511 -0.536885 0.0600249 0.524675 -0.451679 0.35871 -0.0561235 -0.871813 -0.606002 0.301087 0.225432 -0.346793 0.436021 0.336488 -0.157897 0.409714 0.0537873 0.67389 -0.196933 0.351281 0.256915 -0.558605 0.191055 -0.630323 0.237879 -0.388018 -0.168222 
0.236273 0.918155 0.85652 0.555263 -0.581669 0.0250929 0.453959 -0.412134 0.35807 -0.0421455 -0.755995 -0.681283 0.315779 0.272105 -0.347456 0.417494 0.328164 -0.0983301 0.366377 0.0628649 0.675028 -0.231166 0.374433 0.275197 -0.470488 0.106941 -0.623993 0.280224 -0.435975 -0.207393 
0.67118 0.948471 0.0172337 -0.00920949 -0.0852132 0.0189801 0.428507 -0.505195 0.364406 -0.114915 -0.869207 -0.432709 0.118031 0.426886 -0.265217 0.689453 0.23916 0.159047 0.637953 -0.251067 0.674507 -0.230355 0.373841 0.269664 0.466575 0.091728 -0.826142 0.300411 -0.402631 -0.139285 
0.692731 0.892021 0.0275842 0.0370175 -0.0926751 -0.0149382 0.449964 -0.446541 0.379528 -0.133641 -0.886826 -0.41977 0.12968 0.438972 -0.273044 0.713394 0.233158 0.108645 0.617766 -0.221603 0.68383 -0.2271 0.429393 0.223782 0.483814 0.102163 -0.867469 0.30608 -0.410527 -0.109512 
0.708428 0.870482 0.0475855 0.0161566 -0.0649206 -0.0051696 0.440018 -0.461849 0.392727 -0.156035 -0.868841 -0.44955 0.113851 0.41486 -0.256788 0.687435 0.257925 0.120322 0.616665 -0.232892 0.662543 -0.202638 0.403445 0.232999 0.478067 0.128077 -0.88545 0.327106 -0.415392 -0.0931168 
0.721685 0.892574 0.0373562 0.0363202 -0.075937 -0.0181052 0.46048 -0.455637 0.374121 -0.124051 -0.89126 -0.401886 0.12722 0.410476 -0.257686 0.696245 0.25089 0.119913 0.631307 -0.209054 0.692023 -0.242837 0.458448 0.22885 0.464549 0.110827 -0.86011 0.321303 -0.381208 -0.123435 
0.289666 0.917451 0.494519 -0.224781 -0.16448 0.00234111 0.507968 -0.513975 0.410617 -0.114283 -0.783438 -0.311917 -0.25373 0.409612 -0.0212534 0.440708 -0.0696566 0.0269888 0.560058 -0.297582 0.760859 -0.238579 0.397461 0.218661 0.315911 0.167848 -0.881788 0.38457 -0.383365 -0.0840804 
0.283001 0.895421 0.516302 -0.217424 -0.154494 -0.0208606 0.523166 -0.501583 0.418036 -0.142038 -0.782275 -0.304277 -0.280438 0.436748 -0.0121626 0.43918 -0.0565991 0.0302426 0.573991 -0.295114 0.755193 -0.228248 0.398791 0.221165 0.298443 0.142404 -0.899204 0.360996 -0.373633 -0.0948301 
0.264409 0.940635 0.516649 -0.210831 -0.136602 0.011683 0.494168 -0.518749 0.401729 -0.107761 -0.813309 -0.322495 -0.281124 0.416138 -0.0454202 0.422668 -0.0405013 0.0161687 0.575167 -0.301704 0.750986 -0.255632 0.405803 0.219982 0.345815 0.173174 -0.858684 0.385604 -0.361122 -0.0929565 
-0.770869 0.758037 0.750606 0.63819 -0.989805 -0.449559 -0.0407717 0.161964 0.233328 0.0105767 -0.0746457 -0.881409 0.576721 -0.851367 -0.515141 0.326743 0.880014 0.317049 -0.311694 -0.596612 0.283932 0.0192531 -0.0784999 0.0663573 0.0191077 -0.238736 0.403252 0.337357 -0.151404 -0.503092 
-0.764368 0.732263 0.740031 0.628568 -1.01686 -0.452699 -0.0523218 0.184892 0.224707 -0.0162297 -0.0594428 -0.857553 0.584795 -0.832913 -0.50496 0.342369 0.883954 0.331873 -0.304004 -0.573921 0.263052 0.0137239 -0.106632 0.0693658 0.00683964 -0.215988 0.387143 0.326812 -0.168511 -0.507596 
-0.777188 0.787652 0.720168 0.647297 -0.973029 -0.457402 -0.0466744 0.177902 0.203797 0.00504282 -0.0742494 -0.89658 0.547 -0.871952 -0.517855 0.33063 0.864906 0.329667 -0.338592 -0.622476 0.309748 0.0167026 -0.0794345 0.0378416 0.0187156 -0.236764 0.386232 0.341742 -0.123799 -0.473381 
-0.74365 0.706495 0.767366 0.684379 -0.930893 -0.455484 -0.0571783 0.205677 0.263894 -0.00112392 -0.0274492 -0.832636 0.595865 -0.789966 -0.520911 0.34938 0.828076 0.331021 -0.298222 -0.64892 0.314223 0.134375 -0.0332795 0.0490496 0.0306885 -0.208623 0.328528 0.285319 -0.104642 -0.529294 
-0.728607 0.696914 0.748159 0.712791 -0.91628 -0.444357 -0.0735286 0.22684 0.258995 -0.0229258 -0.0180241 -0.840661 0.577219 -0.805231 -0.534544 0.347123 0.820674 0.319952 -0.278649 -0.672518 0.309431 0.163552 -0.034726 0.046023 0.00433093 -0.183287 0.302766 0.289807 -0.101884 -0.546248 
-0.768006 0.691197 0.77342 0.693186 -0.959504 -0.456965 -0.0630726 0.214368 0.237097 0.0226758 -0.00114759 -0.807918 0.585407 -0.819856 -0.541686 0.34366 0.818779 0.33862 -0.297338 -0.623361 0.317171 0.147899 -0.0217566 0.0368018 0.0104393 -0.213922 0.299538 0.297938 -0.115009 -0.517156 
0.193241 0.912996 0.797427 0.552686 -0.587012 0.0639524 0.492063 -0.417854 0.379439 -0.0505896 -0.820694 -0.600906 0.277869 0.206681 -0.415476 0.435535 0.412488 -0.0856991 0.374948 0.0928539 0.718063 -0.216531 0.344329 0.249388 -0.515766 0.186623 -0.647435 0.312245 -0.419161 -0.158523 
0.180601 0.937557 0.814124 0.536132 -0.579025 0.0913185 0.488007 -0.389136 0.384251 -0.0462567 -0.796518 -0.61478 0.280429 0.210947 -0.41982 0.431871 0.39948 -0.0581646 0.3457 0.121941 0.742322 -0.205017 0.370318 0.230637 -0.521921 0.198452 -0.651624 0.303393 -0.43491 -0.141296 
0.184778 0.939453 0.827142 0.562502 -0.608336 0.0613279 0.514452 -0.396551 0.362201 -0.0489478 -0.832694 -0.574423 0.266737 0.177817 -0.394038 0.449692 0.41098 -0.0595797 0.375513 0.0795175 0.745471 -0.194986 0.315709 0.254606 -0.529008 0.17829 -0.648068 0.294519 -0.41812 -0.163305 
-0.799509 0.723586 0.789492 0.708658 -0.987415 -0.419032 -0.0147508 0.229287 0.229807 0.00728052 -0.123023 -0.840677 0.603486 -0.818266 -0.539185 0.302266 0.83472 0.296222 -0.297569 -0.596571 0.334275 0.0566623 -0.117247 0.118812 0.0213609 -0.172728 0.342975 0.35299 -0.139546 -0.560023 
-0.80269 0.700858 0.814284 0.698814 -0.994983 -0.398472 -0.0182904 0.212974 0.211429 0.0296312 -0.144286 -0.823062 0.631997 -0.817446 -0.525574 0.30548 0.806351 0.310526 -0.3066 -0.602766 0.306638 0.0478676 -0.0953964 0.146001 0.0242929 -0.199323 0.371771 0.37008 -0.128462 -0.569861 
-0.817291 0.706786 0.783756 0.687074 -1.0103 -0.410436 -0.0309235 0.232775 0.213832 0.0374536 -0.153083 -0.821246 0.627653 -0.835142 -0.520097 0.324184 0.819829 0.302447 -0.28396 -0.588785 0.310118 0.0677049 -0.113362 0.149313 -0.00136916 -0.154227 0.331676 0.377974 -0.164813 -0.551946 
0.574714 -0.400216 0.0403186 -0.159811 -0.76842 -0.194125 -0.512756 0.868678 -0.821605 -0.0364078 0.184625 -0.210809 0.301231 -0.316573 0.150926 -0.772189 -0.092243 -0.050442 0.0399344 0.673109 0.502006 -0.263621 -0.034842 0.555538 0.091736 -0.653597 0.423556 -0.129782 -0.218463 -0.088152 
0.58113 -0.414853 0.024004 -0.146877 -0.781348 -0.179003 -0.497097 0.887642 -0.83009 -0.0572787 0.208089 -0.185821 0.324666 -0.341192 0.123574 -0.770222 -0.0750906 -0.0243705 0.0352637 0.691056 0.494173 -0.277667 -0.0195895 0.576825 0.0631446 -0.681455 0.419708 -0.122405 -0.235171 -0.0844258 
0.58762 -0.382994 0.0676466 -0.18952 -0.762502 -0.223992 -0.482634 0.888156 -0.793537 -0.0242792 0.16565 -0.188738 0.31501 -0.330257 0.153319 -0.794474 -0.0957054 -0.0520802 0.0205843 0.671537 0.475898 -0.28505 -0.0641243 0.576327 0.0916184 -0.659427 0.441433 -0.115787 -0.217958 -0.0696299 
-1.05839 0.101387 0.263746 -0.669615 -0.921706 -0.911977 0.268941 -0.508282 -0.537908 -0.215995 -0.101948 0.0277414 0.102745 0.67759 -0.168734 -0.491902 -0.0016552 0.0331204 0.0398493 0.650643 0.30102 0.895233 0.950409 0.71644 0.128001 0.45565 0.558747 -0.750894 0.427626 0.38282 
-1.05943 0.0854719 0.275438 -0.644898 -0.917033 -0.918597 0.289114 -0.488685 -0.557297 -0.240821 -0.0960254 0.0384802 0.11229 0.67927 -0.178333 -0.507615 0.0142797 0.0569106 0.0426522 0.641611 0.316679 0.883116 0.950399 0.725873 0.142971 0.436367 0.553227 -0.746604 0.431895 0.382203 
-1.07421 0.0868747 0.237352 -0.664254 -0.937768 -0.931359 0.241402 -0.532092 -0.554643 -0.206043 -0.112435 0.029902 0.112024 0.651512 -0.170936 -0.49007 -0.0225763 0.011745 0.0646129 0.626566 0.286961 0.880587 0.946312 0.737106 0.124094 0.444297 0.550107 -0.772504 0.430555 0.355295 
-1.05403 0.0894066 0.30652 -0.650815 -0.94817 -0.912534 0.202461 -0.555813 -0.570761 -0.197558 -0.1451 -0.0170715 0.15814 0.65554 -0.160942 -0.461662 0.0346455 0.00511891 0.0429259 0.681792 0.33868 0.867599 0.893212 0.645305 0.147042 0.497924 0.557263 -0.80926 0.426222 0.319325 
-1.07301 0.0762809 0.279101 -0.672966 -0.948936 -0.913533 0.17795 -0.533737 -0.577709 -0.209235 -0.143473 -0.0397667 0.173701 0.627194 -0.169374 -0.456566 0.0364269 0.032635 0.0626459 0.68504 0.34166 0.889535 0.918665 0.659597 0.149485 0.484737 0.543086 -0.810218 0.445425 0.34144 
-1.05766 0.0732705 0.306384 -0.668601 -0.923253 -0.889816 0.221102 -0.548808 -0.56481 -0.193553 -0.153898 -0.0138556 0.157266 0.654171 -0.150177 -0.478003 0.0386178 0.0100646 0.0671043 0.663859 0.325106 0.861926 0.895915 0.646331 0.123521 0.494543 0.575658 -0.835733 0.403807 0.308039 
-1.08106 0.0939842 0.273751 -0.687336 -0.927342 -0.936461 0.230822 -0.548764 -0.54075 -0.186293 -0.128146 0.0107886 0.138151 0.693989 -0.154112 -0.483303 0.0126171 0.041649 0.0686444 0.691021 0.304706 0.858906 0.912023 0.685721 0.144454 0.458815 0.557621 -0.781551 0.404494 0.348463 
-1.08648 0.0886382 0.265887 -0.677609 -0.900723 -0.917596 0.225896 -0.546713 -0.541255 -0.177617 -0.127399 0.00941719 0.148849 0.666598 -0.180566 -0.502104 0.0318446 0.0687426 0.074585 0.698517 0.315387 0.857831 0.908089 0.677559 0.171761 0.446391 0.585636 -0.798539 0.377567 0.326594 
-1.07168 0.0733836 0.289392 -0.708115 -0.925246 -0.93279 0.249065 -0.562307 -0.540746 -0.167315 -0.107523 0.032836 0.111604 0.686325 -0.126094 -0.461062 0.0113812 0.0251219 0.0624076 0.70747 0.318713 0.863184 0.885709 0.66238 0.130812 0.44469 0.584318 -0.761365 0.428322 0.343139 
-1.06752 0.100859 0.264773 -0.674236 -0.92725 -0.926196 0.25666 -0.530459 -0.539579 -0.193635 -0.112681 0.0177877 0.135934 0.681404 -0.158657 -0.490321 0.00366411 0.0383359 0.0498371 0.682492 0.301623 0.887203 0.934559 0.709806 0.136013 0.457104 0.557789 -0.763976 0.425313 0.365439 
-0.929044 0.479365 0.557862 0.00907477 -0.967555 -0.843209 0.1897 0.0979511 -0.215978 -0.108413 -0.125371 -0.823236 0.490809 0.134846 -0.420728 -0.0856473 0.360522 0.0844859 -0.140609 0.0324412 0.302189 0.284827 0.0438697 0.507427 0.108891 -0.144746 0.493334 0.0358275 -0.0764362 0.147241 
-0.769911 0.7081 0.779696 0.692955 -0.934871 -0.42638 -0.0485848 0.221208 0.232972 0.00720258 -0.0879954 -0.834681 0.601372 -0.803766 -0.537128 0.302474 0.828553 0.308711 -0.297875 -0.64141 0.323502 0.092134 -0.115614 0.0891489 0.0245795 -0.187993 0.339851 0.306376 -0.118753 -0.541039 
0.179602 0.859549 0.601596 0.442464 -0.282252 -0.246048 -0.0158403 -0.459244 0.347864 -0.0112237 -0.525966 -0.640829 -0.0860405 -0.422431 -0.20833 0.411795 0.877682 0.262655 0.290243 -0.46752 0.611477 -0.0506373 0.240846 0.191629 0.190166 -0.224263 -0.134612 0.359812 -0.352084 -0.164052 
-0.699475 0.744382 0.4218 0.296081 -0.587059 -0.440803 0.482476 -0.444673 -0.515795 -0.132936 -0.799739 -0.547442 0.169954 0.275031 -0.170235 0.428169 0.328687 0.0283779 0.0541242 0.162631 0.543039 0.154718 0.539259 0.428569 -0.110062 0.327907 0.360551 -0.418118 0.0560662 0.0640178 
0.24718 -0.311084 0.715709 0.0374697 -0.645952 -0.182129 -0.318335 0.420998 0.168377 -0.0397198 -0.225658 -0.258691 0.28747 -0.04181 0.033708 0.281623 0.282854 -0.067227 0.262683 0.597823 0.626332 -0.234507 0.150964 0.519962 -0.0574759 -0.576654 -0.363493 -0.0950294 -0.24989 -0.134111 
0.150759 0.792502 0.626271 -0.09129 -0.227618 -0.0399344 0.276515 -0.277802 0.376439 -0.0378469 -0.635815 -0.795596 0.302476 0.278135 -0.537269 0.319467 0.379892 0.187491 -0.142392 -0.591474 0.586091 -0.133983 0.207995 0.12842 0.0686201 0.065668 -0.063447 0.376451 -0.168499 -0.243344 
-0.976371 0.179008 0.386271 -0.547461 -0.945454 -0.810516 -0.0405275 0.0955727 -0.245214 -0.162232 -0.0862348 -0.381108 0.244602 -0.736789 -0.196549 0.144537 0.865948 0.257168 -0.131097 0.0915534 0.28701 0.843233 0.932985 0.389342 0.0439948 -0.155725 0.552025 -0.704831 0.239452 -0.0835166 
-0.138262 0.856178 0.54145 -0.0921127 -0.389145 -0.252279 0.429991 0.0840138 0.311495 -0.0920732 -0.599074 -0.808027 0.424902 -0.010817 -0.428341 0.406263 0.00122888 0.265415 0.113822 -0.511825 0.733224 -0.2172 0.346653 0.0563279 0.137148 -0.118513 -0.747235 0.317303 -0.306991 -0.150324 
-0.904974 0.354296 0.403596 -0.645953 -0.332376 -0.163296 0.456773 -0.526323 0.280442 -0.14468 -0.446753 -0.297443 0.0874237 0.437217 -0.0857161 0.0223472 -0.00686979 0.0302461 0.164259 0.0381558 0.440281 0.305727 0.734863 0.363642 0.20103 0.21766 0.106674 0.381713 0.0178208 0.119302 
-0.932993 0.211038 0.467291 -0.209435 -0.987028 -0.67029 0.148122 -0.0673429 -0.0562381 -0.124961 -0.126401 -0.0227704 0.543385 -0.617262 -0.201532 -0.0985655 0.693298 0.203618 -0.0265689 -0.0344175 0.330434 0.748328 0.657795 0.150042 0.0711748 0.263628 0.385768 -0.772118 0.3052 -0.148812 
-0.229014 0.781895 0.787002 0.62314 -0.624406 -0.0351207 0.331013 -0.246084 0.372307 -0.0496244 -0.602124 -0.684163 0.320996 -0.18822 -0.508011 0.328102 0.67268 0.313548 -0.275925 -0.205611 0.385988 0.00222375 0.196504 0.0956271 -0.0963719 0.0541187 0.312695 0.316745 -0.390979 -0.325872 
0.213037 -0.0690462 0.15545 0.327182 -0.812359 -0.378564 -0.501417 0.469065 -0.593995 -0.0267775 -0.00149253 -0.524564 0.565843 -0.423994 -0.132588 -0.496386 0.479573 -0.0190586 0.0179285 0.212874 0.447136 -0.085444 -0.0357901 0.541991 0.0703728 -0.596571 0.378233 0.178212 -0.16478 -0.0881666 
0.0450865 0.0850588 0.502134 0.130794 -0.853559 -0.216957 -0.410758 0.329445 -0.260358 0.00336957 -0.011767 -0.836732 0.431259 -0.720471 -0.520772 0.216961 0.178008 -0.0372332 -0.0652742 -0.570756 0.473872 -0.183661 -0.0746718 0.332433 0.0815594 -0.212706 0.39782 0.176118 -0.188996 -0.193842 
-0.80611 0.498523 0.635534 -0.0709146 -0.906718 -0.424614 0.362921 -0.514024 -0.467018 -0.130792 -0.453057 0.00114267 0.233268 0.540431 -0.38531 0.136297 0.0373023 0.0303999 0.260274 0.114414 0.584921 0.725403 0.672713 0.268904 -0.297967 0.408371 -0.121792 -0.60741 -0.183462 0.323176 
-1.06232 0.0923643 0.29277 -0.684316 -0.92821 -0.930477 0.22417 -0.548891 -0.563849 -0.195617 -0.137467 -0.0146443 0.143353 0.669873 -0.157517 -0.469637 0.0200629 0.0403794 0.0593531 0.686091 0.324533 0.86721 0.903982 0.677141 0.14668 0.463762 0.557302 -0.784194 0.420325 0.33122 
-0.945243 0.616691 0.69689 0.412447 -0.804258 -0.246945 0.370938 -0.465129 -0.084336 -0.0857569 -0.380897 -0.152428 0.172578 0.599469 -0.357856 -0.134957 0.0602741 -0.022846 0.0565061 0.363479 0.601078 0.021165 0.933104 0.628496 -0.239025 0.409792 0.425636 -0.584678 -0.219494 0.161685 
0.119243 0.789063 0.269372 -0.224739 -0.305005 -0.361619 0.437358 -0.535146 0.249893 -0.182908 -0.564213 -0.0597211 0.133896 0.665729 -0.256889 -0.174736 0.0560491 0.0911897 0.37818 0.212898 0.487901 0.103004 0.452782 0.234897 0.233887 0.305071 -0.180761 -0.226456 0.225046 -0.106028 
-0.375073 -0.333788 0.185276 -0.239467 -0.816051 -0.633389 -0.197628 0.106984 -0.657633 -0.0812906 -0.126793 -0.193333 0.17686 0.620403 0.0187708 -0.514457 0.0199644 -0.00351062 0.0414524 0.673277 0.403733 -0.258308 0.627949 0.644154 0.100378 -0.445741 0.478846 -0.770042 -0.0810186 0.0196834 
-0.0700403 0.407242 0.120827 -0.241603 -0.939631 -0.240065 0.257418 -0.486872 -0.357149 -0.147247 -0.467479 -0.166935 0.138395 0.482544 -0.210078 0.551997 0.195783 0.0774805 0.130393 0.431158 0.36381 0.565682 0.547089 0.498694 0.22094 0.157243 -0.184064 -0.396805 -0.00666968 0.0703153 
