-0.832525 -0.653827 -0.281022 -0.528315 -0.0585947 -0.698976 -0.32498 0.330047 -0.449024 0.368187 0.218932 0.0187559 -0.204742 0.554343 0.188228 -0.511068 0.0730867 -0.456898 0.487374 0.6175 0.17016 0.212755 -0.170125 0.777464 0.0828885 -0.382685 0.564877 -0.802183 0.260171 0.338978 
0.253145 0.889208 0.872326 0.55179 -0.583598 0.0311283 0.428027 -0.406403 0.388192 -0.03168 -0.733467 -0.661659 0.346275 0.255784 -0.320775 0.414863 0.344823 -0.0920903 0.380255 0.0684046 0.679356 -0.26121 0.39963 0.276504 -0.450276 0.110319 -0.641143 0.288866 -0.446138 -0.224522 
0.795357 -0.227914 0.213513 -0.306721 -0.642236 -0.26167 -0.394317 0.921457 -0.915513 -0.191466 0.500137 -0.798775 0.186239 0.100003 -0.0447077 -0.90809 0.165374 0.240007 -0.437848 0.658312 0.657249 0.956519 0.942873 -0.646647 -0.593141 -0.512188 0.909199 -0.776497 0.853557 0.0142443 
0.974179 0.87895 -0.144285 -0.419084 -0.102778 0.0653543 0.543285 -0.794216 0.461762 -0.223882 -0.963186 -0.146574 -0.314802 0.592023 0.322955 0.830545 -0.0502949 0.238218 0.956926 -0.317568 0.727462 -0.437497 0.557572 0.273406 0.284766 0.284425 -0.966538 0.523129 -0.499882 -0.197867 
0.794144 -0.142509 0.197911 -0.24344 -0.657997 -0.233863 -0.300117 0.929545 -0.920503 -0.110524 0.549132 -0.780291 0.251522 0.121541 0.0204425 -0.83818 0.0380335 0.204968 -0.442324 0.667668 0.756766 0.922438 0.90753 -0.700019 -0.55518 -0.525596 0.844622 -0.719562 0.909936 0.0262768 
0.84906 -0.159512 0.0860871 -0.295178 -0.740623 -0.145659 -0.376692 0.96899 -0.866403 -0.191308 0.531042 -0.862792 0.206937 0.0539651 -0.114271 -0.921731 0.233352 0.221024 -0.533491 0.748025 0.684115 1.05456 0.970542 -0.643804 -0.657395 -0.595517 0.862947 -0.761864 0.733903 -0.0190094 
0.915832 -0.134928 0.153875 -0.223062 -0.575028 -0.0706054 -0.384581 0.961143 -0.758567 -0.178943 0.668222 -0.892469 0.1696 0.19066 -0.0126711 -0.991439 0.136306 0.301668 -0.5125 0.591351 0.750153 0.948045 0.967796 -0.743976 -0.534758 -0.585855 0.933814 -0.808705 0.738407 -0.0187697 
0.873032 -0.128613 0.21228 -0.194942 -0.519232 -0.139079 -0.352139 0.897131 -0.820781 -0.185934 0.572623 -0.840075 0.217215 0.14951 -0.0699861 -0.979647 0.00530111 0.343544 -0.347385 0.594674 0.741845 0.941548 1.02283 -0.628639 -0.517354 -0.598757 0.81794 -0.801902 0.817316 -0.0606991 
-0.812462 -0.672811 -0.303642 -0.521483 -0.0391157 -0.735393 -0.292734 0.319212 -0.356103 0.395103 0.223345 0.0360717 -0.177448 0.551007 0.198811 -0.567719 0.10797 -0.466889 0.432473 0.550742 0.129475 0.0602778 -0.107878 0.759681 0.116116 -0.451952 0.500543 -0.768484 0.299138 0.278307 
0.059624 0.112629 0.511711 0.128765 -0.859848 -0.207941 -0.382575 0.324074 -0.290451 0.0163158 0.00363673 -0.837539 0.427383 -0.741545 -0.495363 0.20911 0.183742 -0.0562868 -0.0621193 -0.555874 0.443103 -0.198755 -0.0812704 0.337341 0.108726 -0.234579 0.384515 0.188364 -0.185284 -0.191888 
0.816396 -0.218846 0.23353 -0.285836 -0.650709 -0.203901 -0.421214 0.929634 -0.875166 -0.141719 0.509032 -0.761983 0.234213 0.0513868 -0.0726674 -0.854185 0.22664 0.222896 -0.538336 0.589308 0.631253 0.899574 0.926088 -0.69486 -0.613279 -0.443148 0.83827 -0.817988 0.922461 0.0129644 
0.784115 -0.173239 0.241638 -0.278193 -0.686725 -0.266185 -0.41993 0.956534 -0.843594 -0.14678 0.557871 -0.784303 0.184317 0.0949336 -0.0337239 -0.876112 0.0818988 0.223755 -0.405809 0.662832 0.632133 0.937518 0.986348 -0.697664 -0.6038 -0.483921 0.90691 -0.81451 0.84806 0.00220836 
0.786782 -0.140157 0.208799 -0.149699 -0.561199 -0.134697 -0.370121 0.926356 -0.774626 -0.183321 0.550923 -0.831517 0.236297 0.134491 -0.0385238 -0.966484 0.0833522 0.239555 -0.496086 0.646429 0.726844 0.934703 1.0297 -0.639592 -0.550467 -0.4939 0.94955 -0.776667 0.822728 0.00683858 
0.161868 0.848857 0.628705 0.457716 -0.270743 -0.22337 -0.021626 -0.477298 0.338255 -0.00562933 -0.503463 -0.665581 -0.0751324 -0.426609 -0.209637 0.39916 0.894323 0.233921 0.263198 -0.484563 0.637046 -0.0349961 0.262442 0.172432 0.163499 -0.226531 -0.164796 0.369889 -0.341838 -0.148599 
0.591009 -0.371486 -0.0277514 -0.225711 -0.758612 -0.203844 -0.548927 0.931571 -0.757485 -0.0814198 0.118031 -0.205193 0.32273 -0.348268 0.140748 -0.857226 -0.0591042 -0.0289136 0.00779581 0.671816 0.511048 -0.330206 -0.0386191 0.53355 0.0534115 -0.658053 0.487976 -0.0488513 -0.165182 -0.0644686 
-0.801159 0.709512 0.777534 0.658375 -0.972898 -0.422962 -0.0632834 0.243061 0.266081 0.00327962 -0.0288604 -0.88848 0.614579 -0.828885 -0.534284 0.322563 0.840272 0.347599 -0.260439 -0.594372 0.336481 0.115498 -0.0234023 0.0550209 0.0373504 -0.185313 0.328979 0.298686 -0.120259 -0.465135 
0.150835 0.894014 0.771718 0.557377 -0.573186 0.0354349 0.476062 -0.415072 0.379832 -0.0246301 -0.857876 -0.60836 0.327377 0.191924 -0.383637 0.416245 0.35045 -0.110941 0.401903 0.107325 0.724511 -0.204845 0.373935 0.263166 -0.529473 0.203177 -0.662002 0.289204 -0.384671 -0.18336 
0.171292 0.921074 0.816226 0.524356 -0.581835 0.000647284 0.468086 -0.451353 0.391224 0.00209751 -0.822302 -0.601273 0.319328 0.264384 -0.384069 0.390622 0.419003 -0.0973823 0.351174 0.0673324 0.719885 -0.173611 0.333916 0.227415 -0.499906 0.185692 -0.641362 0.31256 -0.448673 -0.167458 
0.67094 0.921561 -0.0128906 0.00688529 -0.0945087 -0.00949914 0.435846 -0.501064 0.365518 -0.105434 -0.871988 -0.413279 0.0913216 0.398026 -0.238359 0.712006 0.241381 0.14235 0.664123 -0.227791 0.64771 -0.235055 0.35337 0.28494 0.449773 0.0723866 -0.818613 0.271347 -0.372382 -0.122363 
-0.816539 -0.600768 -0.376408 -0.491784 -0.198146 -0.736613 -0.286672 0.340768 -0.412069 0.326358 0.254316 -0.00683711 -0.262013 0.625867 0.332868 -0.442881 0.127887 -0.477865 0.440814 0.700306 0.198616 0.0943042 -0.136997 0.759222 0.154249 -0.343891 0.449835 -0.77384 0.254458 0.350289 
-0.242052 0.7309 0.771 0.547965 -0.946857 -0.25362 0.368755 -0.224475 0.308689 -0.0206329 -0.101154 -0.735464 0.423683 -0.606037 -0.450683 0.374651 0.399613 0.0348979 -0.278439 -0.324827 0.36237 -0.135588 0.382544 0.120775 -0.218183 0.243687 -0.00989819 0.341132 -0.246639 -0.208836 
-0.8004 0.728399 0.849864 0.659726 -0.900479 -0.496399 -0.0242211 0.237584 0.155365 -0.0335638 -0.0296806 -0.861309 0.626002 -0.790569 -0.561737 0.323263 0.84957 0.344189 -0.313863 -0.60445 0.264619 0.0411302 -0.066825 0.131096 0.00181796 -0.213811 0.325035 0.306002 -0.115355 -0.555852 
-0.35064 -0.060453 0.0925156 0.473851 -0.842428 0.118178 -0.00339611 0.580096 0.331195 -0.148404 -0.188731 0.267918 0.158361 -0.447707 -0.619825 -0.564319 -0.0508005 0.41738 -0.16979 -0.64444 -0.485766 -0.0034133 -0.0215202 -0.662669 0.486955 -0.394771 0.446099 0.592208 0.886926 -0.564751 
0.185241 0.942594 0.838864 0.574134 -0.614818 0.104836 0.492919 -0.454784 0.396981 -0.0131451 -0.832341 -0.66516 0.27699 0.176632 -0.344539 0.388441 0.369714 -0.0670308 0.400047 0.0908496 0.774755 -0.232642 0.276384 0.264469 -0.530582 0.200558 -0.647638 0.297136 -0.352535 -0.146111 
0.909817 -0.126216 0.312505 -0.208827 -0.563485 -0.175861 -0.354266 0.950208 -0.744796 -0.230613 0.569412 -0.822544 0.220175 0.207081 -0.0703587 -0.934374 0.0963252 0.278238 -0.382335 0.547813 0.77275 0.910284 0.922672 -0.626639 -0.562341 -0.562725 0.920765 -0.80277 0.878571 -0.12057 
-0.408964 -0.0747808 0.130427 0.475568 -0.853717 0.0741484 0.0373574 0.628407 0.394569 0.00274479 -0.306437 0.285921 0.0994052 -0.422519 -0.507153 -0.566585 -0.162111 0.448426 -0.15435 -0.708904 -0.459143 -0.0306103 -0.0933048 -0.589719 0.534094 -0.354402 0.329089 0.452796 0.840747 -0.60795 
0.146142 0.984571 0.81726 0.545345 -0.577648 0.0620636 0.477193 -0.449498 0.406903 -0.0730853 -0.825149 -0.584391 0.267567 0.219165 -0.37356 0.323142 0.309564 -0.0604369 0.418291 0.0930454 0.591327 -0.234179 0.460866 0.167021 -0.573448 0.240689 -0.639946 0.298873 -0.411848 -0.21629 
0.214082 0.942517 0.804776 0.540004 -0.579492 0.0356083 0.414391 -0.392602 0.389581 -0.0100357 -0.791717 -0.623569 0.284723 0.316003 -0.379182 0.40876 0.359501 -0.116615 0.42929 0.0583968 0.649653 -0.189085 0.360755 0.266829 -0.520266 0.161359 -0.667174 0.279644 -0.461491 -0.143455 
0.249718 0.969492 0.787224 0.624122 -0.487103 0.0437521 0.44486 -0.464249 0.399358 -0.0543432 -0.760494 -0.596671 0.300181 0.239222 -0.392143 0.41768 0.393246 -0.125024 0.403402 0.136693 0.687237 -0.262191 0.395372 0.249853 -0.485167 0.155349 -0.720471 0.336747 -0.434922 -0.141971 
0.210991 1.00288 0.819757 0.585511 -0.5841 -0.0055066 0.462514 -0.407698 0.396322 -0.0608223 -0.812052 -0.632316 0.342782 0.278658 -0.405453 0.394563 0.378679 -0.142456 0.420112 0.064601 0.651574 -0.267007 0.381434 0.230132 -0.584211 0.25152 -0.707481 0.307588 -0.409455 -0.211115 
0.716816 0.869203 0.0776853 0.0166539 -0.0788393 -0.000826662 0.436266 -0.464016 0.364686 -0.156569 -0.859355 -0.471275 0.112124 0.424391 -0.255191 0.673706 0.272354 0.137475 0.616856 -0.26037 0.660414 -0.192414 0.428883 0.250146 0.472291 0.134983 -0.897496 0.331762 -0.419904 -0.1077 
0.554696 -0.42926 0.0123727 -0.250476 -0.732434 -0.234108 -0.517481 0.860842 -0.771543 -0.0238746 0.190833 -0.23858 0.296159 -0.277933 0.117361 -0.759175 -0.109164 -0.0407433 0.118697 0.667332 0.496021 -0.289802 -0.0194667 0.583333 0.0826085 -0.689742 0.450927 -0.100775 -0.219471 -0.123862 
0.595539 -0.411962 -0.00580182 -0.167021 -0.788512 -0.188961 -0.515645 0.881531 -0.799623 -0.08553 0.17819 -0.206526 0.307807 -0.332249 0.138184 -0.797579 -0.0865521 0.00321395 0.0343377 0.68551 0.513273 -0.307352 0.0010843 0.559655 0.0473562 -0.708005 0.394381 -0.105304 -0.226835 -0.0903574 
-1.10904 0.0523025 0.340791 -0.660248 -0.891567 -0.931742 0.261255 -0.510211 -0.556457 -0.118452 -0.0969044 0.0370314 0.114611 0.774115 -0.173197 -0.39099 0.0288623 0.095578 0.0636171 0.722383 0.354917 0.870303 0.877836 0.743264 0.176063 0.498493 0.583463 -0.73625 0.424225 0.356851 
-0.783972 0.815803 0.719227 0.661455 -0.943144 -0.48632 -0.0241651 0.186241 0.222742 -0.0161486 -0.0994882 -0.883264 0.56326 -0.846701 -0.511556 0.319203 0.878782 0.34561 -0.317556 -0.613589 0.317474 -0.0117567 -0.0981767 0.0142118 0.0471935 -0.21829 0.38643 0.32226 -0.141867 -0.450902 
0.758739 -0.0908038 0.218006 0.0815706 -0.651348 0.0367144 -0.18576 0.70864 -0.432956 -0.0124034 -0.136376 -0.808463 0.146135 -0.0601458 -0.470951 -0.76508 -0.0624549 0.336983 -0.382957 -0.199165 0.251924 0.347328 0.669561 -0.683019 -0.0114747 -0.492883 0.754364 -0.2768 0.874719 -0.429368 
-0.843004 -0.645467 -0.238254 -0.491448 -0.169737 -0.693395 -0.291751 0.286554 -0.358423 0.311626 0.290531 -0.0617619 -0.162393 0.558346 0.17039 -0.509296 0.181859 -0.444604 0.450214 0.636648 0.225914 0.179686 -0.207801 0.758992 0.10228 -0.340729 0.551193 -0.874252 0.235728 0.375364 
-0.811281 0.699609 0.812912 0.685304 -0.996591 -0.435592 -0.0212616 0.237321 0.221838 0.011127 -0.113278 -0.813645 0.581354 -0.846262 -0.566904 0.286779 0.864305 0.323924 -0.29069 -0.566552 0.362012 0.0556098 -0.12768 0.108939 0.0238262 -0.144356 0.317088 0.367252 -0.127123 -0.542575 
-0.818675 0.703904 0.900638 0.636681 -0.912727 -0.42183 -0.0801905 0.258576 0.214901 -0.0149105 -0.116703 -0.80887 0.575543 -0.816282 -0.567671 0.361694 0.808806 0.292947 -0.297182 -0.495747 0.393674 0.0226891 -0.10272 0.0645879 -0.0305972 -0.162465 0.356991 0.420882 -0.163025 -0.505907 
-0.78755 0.722825 0.848462 0.700474 -0.954701 -0.415008 -0.0157975 0.191232 0.26117 0.0813489 -0.103452 -0.857426 0.579892 -0.841269 -0.561319 0.339004 0.809343 0.298039 -0.315316 -0.598058 0.338206 0.055064 -0.0736163 0.0592966 0.0471502 -0.203886 0.348872 0.340251 -0.126652 -0.546605 
-0.711399 0.751006 0.828346 0.742264 -0.990001 -0.415324 -0.00592795 0.251875 0.254802 0.0381467 -0.0257092 -0.890606 0.587546 -0.825762 -0.438695 0.341442 0.832751 0.354337 -0.311707 -0.621657 0.290364 0.0942783 -0.0406187 0.0221696 -0.00226825 -0.292248 0.303883 0.318599 -0.151442 -0.524455 
0.165163 0.910332 0.804204 0.544437 -0.552057 0.0159084 0.492892 -0.48571 0.373534 -0.0315192 -0.792913 -0.658489 0.318348 0.275977 -0.360106 0.450936 0.349716 -0.0956956 0.371652 0.128139 0.735334 -0.245448 0.381311 0.289513 -0.514168 0.175647 -0.619057 0.284152 -0.46554 -0.186381 
0.198066 0.96402 0.79314 0.560859 -0.574593 0.0431834 0.431661 -0.501013 0.399822 -0.0515719 -0.836166 -0.643031 0.321106 0.223071 -0.3704 0.342818 0.413243 -0.125774 0.363889 0.0717365 0.619507 -0.217518 0.336261 0.290771 -0.536719 0.204272 -0.682475 0.282924 -0.448519 -0.169344 
0.25544 0.901118 0.837271 0.594724 -0.513224 0.0484657 0.497712 -0.424006 0.363806 -0.0373336 -0.852108 -0.596669 0.326114 0.207842 -0.369678 0.426687 0.322848 -0.172269 0.434224 0.0406417 0.660723 -0.200938 0.358806 0.255098 -0.547506 0.187275 -0.612018 0.214592 -0.366944 -0.163453 
0.663252 0.900363 0.0432427 0.0422198 -0.117483 0.00023729 0.443849 -0.417358 0.409861 -0.150535 -0.867776 -0.413109 0.137378 0.413026 -0.257016 0.701229 0.204842 0.0886148 0.603332 -0.197916 0.707905 -0.198828 0.444008 0.214322 0.502874 0.0813155 -0.897172 0.323148 -0.414126 -0.134777 
0.695974 0.893248 0.0510207 0.0224719 -0.051109 -0.0329564 0.456038 -0.434773 0.367295 -0.149253 -0.869623 -0.418701 0.155153 0.419596 -0.282067 0.684127 0.231796 0.121021 0.656765 -0.223145 0.702892 -0.231168 0.448699 0.238162 0.474696 0.103033 -0.83474 0.303489 -0.374747 -0.12041 
-0.808783 0.693032 0.786214 0.687911 -1.03047 -0.420637 -0.0121667 0.221149 0.186297 0.0365376 -0.136556 -0.848259 0.637984 -0.86387 -0.545332 0.336715 0.791892 0.327995 -0.313464 -0.566058 0.312642 0.0952997 -0.105152 0.139663 -0.0153759 -0.180131 0.322265 0.406269 -0.150833 -0.531567 
-0.778255 0.679876 0.832638 0.699078 -0.972913 -0.426231 0.005254 0.207915 0.238289 0.0531666 -0.15648 -0.85035 0.657018 -0.844481 -0.526707 0.289288 0.777128 0.280968 -0.284486 -0.603979 0.289912 0.0401592 -0.0981267 0.163735 0.044378 -0.229298 0.383878 0.379368 -0.152705 -0.573448 
0.590416 -0.357269 0.0840861 -0.214613 -0.732563 -0.20326 -0.500533 0.879625 -0.765769 -0.00786798 0.195755 -0.175443 0.290476 -0.337913 0.153888 -0.775959 -0.111998 -0.0585529 0.00867596 0.676963 0.489915 -0.255067 -0.0910344 0.597609 0.104853 -0.681869 0.462327 -0.122432 -0.241785 -0.0697425 
0.596776 -0.416926 0.0139228 -0.143207 -0.74949 -0.189078 -0.539647 0.874166 -0.795954 -0.0151701 0.189207 -0.181141 0.294256 -0.307575 0.121286 -0.750702 -0.0818519 -0.0795806 0.0686205 0.670108 0.518128 -0.277324 -0.0292373 0.57209 0.084259 -0.634286 0.430085 -0.11001 -0.192791 -0.0680449 
-1.07168 0.0733836 0.289392 -0.708115 -0.925246 -0.93279 0.249065 -0.562307 -0.540746 -0.167315 -0.107523 0.032836 0.111604 0.686325 -0.126094 -0.461062 0.0113812 0.0251219 0.0624076 0.70747 0.318713 0.863184 0.885709 0.66238 0.130812 0.44469 0.584318 -0.761365 0.428322 0.343139 
-1.06205 0.0529218 0.266841 -0.687144 -0.930424 -0.92655 0.224387 -0.540805 -0.521259 -0.160185 -0.135063 0.0601622 0.136181 0.699871 -0.141583 -0.483597 -0.00322887 -0.00259651 0.0399232 0.730916 0.306964 0.856142 0.882717 0.67621 0.122852 0.439452 0.584696 -0.767788 0.422134 0.324024 
-1.07599 0.0895531 0.314318 -0.703066 -0.913397 -0.919069 0.244474 -0.581074 -0.533045 -0.190882 -0.108381 0.0603092 0.117209 0.713813 -0.113808 -0.452025 0.0285149 0.0344117 0.0840862 0.707281 0.309954 0.851943 0.885754 0.680607 0.115422 0.446987 0.598956 -0.777355 0.456623 0.35609 
-1.05839 0.101387 0.263746 -0.669615 -0.921706 -0.911977 0.268941 -0.508282 -0.537908 -0.215995 -0.101948 0.0277414 0.102745 0.67759 -0.168734 -0.491902 -0.0016552 0.0331204 0.0398493 0.650643 0.30102 0.895233 0.950409 0.71644 0.128001 0.45565 0.558747 -0.750894 0.427626 0.38282 
-1.05276 0.0963052 0.267584 -0.674394 -0.914876 -0.918558 0.291083 -0.481791 -0.558258 -0.22744 -0.102823 0.00454551 0.076618 0.702664 -0.176562 -0.490984 -0.00958328 0.0120822 0.0298172 0.669291 0.306893 0.920684 0.930919 0.737532 0.110619 0.433815 0.571566 -0.733605 0.414383 0.362717 
-1.05784 0.0962733 0.246255 -0.68623 -0.894734 -0.890346 0.272182 -0.481524 -0.537942 -0.226068 -0.107716 0.0548915 0.117943 0.651978 -0.1413 -0.470257 0.00169774 0.0352538 0.040199 0.64106 0.324665 0.903432 0.934586 0.71712 0.119122 0.442128 0.572903 -0.725408 0.439743 0.378041 
-1.05943 0.0854719 0.275438 -0.644898 -0.917033 -0.918597 0.289114 -0.488685 -0.557297 -0.240821 -0.0960254 0.0384802 0.11229 0.67927 -0.178333 -0.507615 0.0142797 0.0569106 0.0426522 0.641611 0.316679 0.883116 0.950399 0.725873 0.142971 0.436367 0.553227 -0.746604 0.431895 0.382203 
-1.03622 0.0757186 0.279152 -0.668305 -0.931368 -0.895357 0.276456 -0.506828 -0.566207 -0.222815 -0.112806 0.049853 0.1076 0.680282 -0.194779 -0.479366 0.0285268 0.049302 0.0266067 0.656249 0.302948 0.857034 0.968692 0.719997 0.127357 0.446339 0.543608 -0.741763 0.449246 0.353558 
-1.06715 0.101114 0.294865 -0.635243 -0.902709 -0.89646 0.26907 -0.510837 -0.578671 -0.265842 -0.124553 0.0484015 0.0967183 0.671671 -0.199543 -0.52168 0.00610762 0.0413081 0.0671987 0.663128 0.321959 0.891995 0.972368 0.735559 0.122485 0.440711 0.562503 -0.738283 0.458151 0.383244 
-1.08106 0.0939842 0.273751 -0.687336 -0.927342 -0.936461 0.230822 -0.548764 -0.54075 -0.186293 -0.128146 0.0107886 0.138151 0.693989 -0.154112 -0.483303 0.0126171 0.041649 0.0686444 0.691021 0.304706 0.858906 0.912023 0.685721 0.144454 0.458815 0.557621 -0.781551 0.404494 0.348463 
-1.08206 0.115223 0.295186 -0.674665 -0.903733 -0.944673 0.223664 -0.556276 -0.536503 -0.165016 -0.15348 -0.0128238 0.154334 0.711653 -0.140337 -0.466838 0.0274903 0.0425204 0.0432777 0.678266 0.31998 0.870723 0.912986 0.707421 0.122244 0.44428 0.550126 -0.78479 0.417133 0.356132 
-1.08233 0.0841308 0.294274 -0.665366 -0.939799 -0.941008 0.221768 -0.572107 -0.527343 -0.17395 -0.104372 -0.0109603 0.150809 0.694775 -0.169634 -0.487465 0.0237229 0.059186 0.0635017 0.681928 0.330031 0.879371 0.907055 0.666768 0.144096 0.454662 0.563458 -0.796003 0.425093 0.322056 
-1.05766 0.0732705 0.306384 -0.668601 -0.923253 -0.889816 0.221102 -0.548808 -0.56481 -0.193553 -0.153898 -0.0138556 0.157266 0.654171 -0.150177 -0.478003 0.0386178 0.0100646 0.0671043 0.663859 0.325106 0.861926 0.895915 0.646331 0.123521 0.494543 0.575658 -0.835733 0.403807 0.308039 
-1.04759 0.0586744 0.302188 -0.684062 -0.950252 -0.863395 0.222471 -0.540149 -0.582835 -0.177369 -0.14673 -0.0031965 0.151139 0.644204 -0.128324 -0.480795 0.0482639 0.00180685 0.0563752 0.688441 0.312317 0.879398 0.876524 0.645142 0.0974637 0.470358 0.551187 -0.835513 0.412084 0.33183 
-1.03327 0.0564012 0.31132 -0.655471 -0.931067 -0.914802 0.248389 -0.537948 -0.556324 -0.203022 -0.177653 -0.0040192 0.155126 0.63406 -0.138272 -0.4537 0.0641018 0.0179254 0.0813352 0.647306 0.319242 0.881741 0.870896 0.634966 0.133546 0.487244 0.578421 -0.835441 0.42727 0.301562 
-1.05403 0.0894066 0.30652 -0.650815 -0.94817 -0.912534 0.202461 -0.555813 -0.570761 -0.197558 -0.1451 -0.0170715 0.15814 0.65554 -0.160942 -0.461662 0.0346455 0.00511891 0.0429259 0.681792 0.33868 0.867599 0.893212 0.645305 0.147042 0.497924 0.557263 -0.80926 0.426222 0.319325 
-1.07395 0.0780727 0.321076 -0.665135 -0.946701 -0.940845 0.187301 -0.554613 -0.579976 -0.185294 -0.120184 -0.0221477 0.168607 0.664727 -0.148287 -0.469647 0.0177472 -0.0158237 0.0315823 0.687882 0.323944 0.856674 0.879357 0.649825 0.122118 0.5122 0.539835 -0.820842 0.438902 0.328763 
-1.03659 0.0689935 0.304146 -0.64816 -0.971843 -0.904201 0.188734 -0.566006 -0.584256 -0.187309 -0.15847 -0.0428009 0.172221 0.65948 -0.161162 -0.452823 0.0195548 0.0196995 0.0323014 0.709124 0.322883 0.877868 0.917095 0.664254 0.12483 0.492235 0.564534 -0.784101 0.399352 0.332282 
-1.06232 0.0923643 0.29277 -0.684316 -0.92821 -0.930477 0.22417 -0.548891 -0.563849 -0.195617 -0.137467 -0.0146443 0.143353 0.669873 -0.157517 -0.469637 0.0200629 0.0403794 0.0593531 0.686091 0.324533 0.86721 0.903982 0.677141 0.14668 0.463762 0.557302 -0.784194 0.420325 0.33122 
-1.08388 0.0852819 0.282292 -0.696075 -0.926023 -0.926342 0.251373 -0.556162 -0.588538 -0.220816 -0.138954 -0.0117722 0.12485 0.654864 -0.133563 -0.496902 0.0288893 0.0321064 0.0821651 0.657637 0.321639 0.879911 0.92109 0.649505 0.128085 0.466172 0.551034 -0.761254 0.395825 0.304809 
-1.08759 0.104161 0.296608 -0.66177 -0.945299 -0.956231 0.222045 -0.559054 -0.579461 -0.217335 -0.139366 0.00822513 0.159788 0.675924 -0.170534 -0.476757 -0.000865652 0.0605044 0.0782323 0.708686 0.320363 0.84373 0.929385 0.653096 0.126719 0.485882 0.557792 -0.771783 0.433958 0.331617 
-1.07301 0.0762809 0.279101 -0.672966 -0.948936 -0.913533 0.17795 -0.533737 -0.577709 -0.209235 -0.143473 -0.0397667 0.173701 0.627194 -0.169374 -0.456566 0.0364269 0.032635 0.0626459 0.68504 0.34166 0.889535 0.918665 0.659597 0.149485 0.484737 0.543086 -0.810218 0.445425 0.34144 
-1.09179 0.0645181 0.284137 -0.661662 -0.954592 -0.911332 0.16535 -0.530804 -0.570691 -0.215038 -0.167393 -0.0179782 0.153349 0.62743 -0.148859 -0.484608 0.0562098 0.0576303 0.0593 0.677429 0.338033 0.907644 0.943446 0.684286 0.176599 0.498782 0.523612 -0.794268 0.457718 0.317126 
-1.0544 0.0639503 0.295696 -0.656187 -0.966286 -0.901513 0.183604 -0.54967 -0.57465 -0.233411 -0.164766 -0.0353723 0.154917 0.601149 -0.190024 -0.435626 0.048381 0.0599998 0.0756146 0.685748 0.346968 0.906861 0.92611 0.670761 0.177059 0.473664 0.525804 -0.811877 0.463652 0.322124 
-1.07421 0.0868747 0.237352 -0.664254 -0.937768 -0.931359 0.241402 -0.532092 -0.554643 -0.206043 -0.112435 0.029902 0.112024 0.651512 -0.170936 -0.49007 -0.0225763 0.011745 0.0646129 0.626566 0.286961 0.880587 0.946312 0.737106 0.124094 0.444297 0.550107 -0.772504 0.430555 0.355295 
-1.0981 0.10217 0.228423 -0.645479 -0.965069 -0.945983 0.260237 -0.540753 -0.532028 -0.227663 -0.0916246 0.034272 0.113063 0.654619 -0.170592 -0.487003 -0.0118332 0.0313501 0.0430839 0.606704 0.293466 0.889707 0.971836 0.721128 0.14272 0.471183 0.573623 -0.760562 0.452173 0.334296 
-1.10081 0.0801984 0.26361 -0.674939 -0.955193 -0.91447 0.267734 -0.530094 -0.548447 -0.192592 -0.116082 0.0359482 0.0920046 0.673345 -0.166282 -0.499371 -0.0123265 0.0179014 0.0736901 0.627801 0.272057 0.869213 0.931237 0.758976 0.126793 0.460672 0.562416 -0.770108 0.43439 0.329446 
-1.08648 0.0886382 0.265887 -0.677609 -0.900723 -0.917596 0.225896 -0.546713 -0.541255 -0.177617 -0.127399 0.00941719 0.148849 0.666598 -0.180566 -0.502104 0.0318446 0.0687426 0.074585 0.698517 0.315387 0.857831 0.908089 0.677559 0.171761 0.446391 0.585636 -0.798539 0.377567 0.326594 
-1.10171 0.101255 0.264446 -0.674001 -0.88052 -0.934785 0.230409 -0.563349 -0.558145 -0.187282 -0.116494 0.00245047 0.170832 0.666841 -0.183319 -0.527225 0.0432531 0.0614451 0.0943089 0.693147 0.325631 0.865859 0.889245 0.690945 0.180367 0.466282 0.605101 -0.777081 0.383441 0.305479 
-1.07385 0.0950807 0.267001 -0.656489 -0.876987 -0.941033 0.24832 -0.57411 -0.52167 -0.166437 -0.131798 0.00752595 0.159626 0.666063 -0.197782 -0.488175 0.0282504 0.0552107 0.0500702 0.692211 0.337133 0.860272 0.896273 0.651158 0.180125 0.441076 0.609522 -0.810017 0.361258 0.32671 
-1.08615 0.084873 0.283219 -0.701744 -0.924091 -0.921524 0.235627 -0.559706 -0.540892 -0.176908 -0.122526 0.0199433 0.118762 0.680999 -0.143637 -0.479453 0.0289596 0.0503055 0.0634106 0.69958 0.317157 0.859552 0.904173 0.674545 0.131605 0.445782 0.584482 -0.772872 0.38077 0.340502 
-1.06353 0.0836392 0.291002 -0.686814 -0.926227 -0.930607 0.231054 -0.559559 -0.541769 -0.18128 -0.123122 -0.0096828 0.129618 0.671459 -0.128601 -0.465669 0.0142442 0.0316299 0.0600708 0.692005 0.323613 0.864298 0.902615 0.66872 0.137115 0.455218 0.560662 -0.77358 0.425373 0.333908 
-1.08428 0.0896274 0.266879 -0.681917 -0.922412 -0.928096 0.224952 -0.547429 -0.560388 -0.181943 -0.130307 -0.01018 0.147203 0.667803 -0.163129 -0.498086 0.0280218 0.0603275 0.0596336 0.698241 0.315739 0.85798 0.907062 0.677293 0.153962 0.45723 0.568964 -0.796686 0.39752 0.329224 
-1.0837 0.0818667 0.265907 -0.675947 -0.926872 -0.91443 0.178453 -0.535603 -0.575139 -0.184838 -0.130557 -0.0223272 0.166799 0.654883 -0.176462 -0.46264 0.034225 0.055139 0.0720302 0.690376 0.335402 0.861374 0.916653 0.663439 0.151868 0.478899 0.576355 -0.801813 0.432699 0.330656 
-1.05688 0.0798375 0.306398 -0.661859 -0.945839 -0.909144 0.20594 -0.554488 -0.567908 -0.196195 -0.150862 -0.0144362 0.157868 0.655038 -0.15935 -0.465631 0.03736 0.00684441 0.0491713 0.666151 0.335513 0.866123 0.89528 0.646241 0.139827 0.497899 0.56826 -0.812798 0.425459 0.317519 
-1.07302 0.0740011 0.28342 -0.677312 -0.937631 -0.932194 0.241887 -0.533955 -0.552249 -0.187495 -0.109616 0.0324805 0.111733 0.677811 -0.164092 -0.483116 0.000322779 0.0167911 0.0631739 0.683475 0.304551 0.869195 0.904622 0.684895 0.125143 0.444593 0.569003 -0.765905 0.430222 0.345969 
-1.0566 0.0906451 0.305737 -0.661281 -0.92666 -0.912007 0.223184 -0.519214 -0.544229 -0.201377 -0.107346 0.000969677 0.117213 0.66594 -0.164673 -0.490609 0.0305904 0.00591254 0.0414397 0.674443 0.321236 0.870065 0.946073 0.662249 0.131292 0.482582 0.558547 -0.771941 0.427592 0.346928 
-1.0778 0.0924946 0.288299 -0.691262 -0.925463 -0.933626 0.231933 -0.550868 -0.540747 -0.174378 -0.119793 0.0290471 0.137469 0.686913 -0.127568 -0.464402 0.0118759 0.0403082 0.066766 0.705853 0.311216 0.859103 0.904534 0.675691 0.141126 0.45241 0.565726 -0.763525 0.414592 0.345993 
-1.08467 0.0899887 0.266913 -0.684038 -0.913997 -0.932831 0.226794 -0.547151 -0.540831 -0.17994 -0.12806 0.0103612 0.140101 0.68452 -0.170736 -0.498917 0.0233544 0.0577202 0.0692025 0.695348 0.308958 0.858223 0.911725 0.684886 0.150858 0.458276 0.579651 -0.783721 0.386186 0.328108 
-1.0766 0.0814198 0.288403 -0.690471 -0.926831 -0.933872 0.234316 -0.559997 -0.540746 -0.177144 -0.118738 0.0320204 0.11601 0.690668 -0.147826 -0.477557 0.0125712 0.0261204 0.0647142 0.702091 0.314372 0.861938 0.908486 0.681847 0.140369 0.44751 0.567151 -0.762816 0.410215 0.344536 
-1.07886 0.0878171 0.261648 -0.667176 -0.910061 -0.91965 0.23558 -0.543753 -0.552994 -0.199362 -0.121876 0.0115422 0.128341 0.662687 -0.172365 -0.496294 -0.0135634 0.059337 0.0718173 0.633849 0.291936 0.869683 0.938149 0.725918 0.167991 0.444545 0.575841 -0.783823 0.413337 0.341587 
-1.06233 0.0771195 0.242965 -0.667419 -0.925564 -0.89721 0.235204 -0.541027 -0.557349 -0.199451 -0.147608 0.0283765 0.122927 0.651848 -0.154607 -0.488267 -0.00608717 0.0116847 0.0658025 0.663804 0.31956 0.879971 0.92267 0.71761 0.124047 0.464541 0.561872 -0.813181 0.406073 0.346558 
-1.05888 0.0933014 0.265307 -0.654799 -0.920714 -0.915485 0.270492 -0.503229 -0.546898 -0.229311 -0.101389 0.0279688 0.107391 0.679238 -0.170213 -0.499505 0.00393989 0.0487468 0.0415482 0.650459 0.304934 0.88932 0.950402 0.717491 0.134249 0.4395 0.558585 -0.748571 0.429274 0.382387 
-1.06067 0.099184 0.264028 -0.671043 -0.92117 -0.91224 0.234934 -0.540905 -0.538678 -0.188947 -0.102623 0.0267098 0.145662 0.671494 -0.169943 -0.497473 0.0149535 0.0446696 0.0635078 0.674409 0.309942 0.889999 0.923966 0.701451 0.158191 0.448675 0.565898 -0.752361 0.411769 0.336777 
-1.06328 0.0935402 0.292741 -0.685613 -0.927888 -0.931822 0.225373 -0.548765 -0.561449 -0.186354 -0.129391 0.0088009 0.141274 0.690228 -0.154266 -0.478083 0.0154221 0.0413189 0.0659365 0.686863 0.305479 0.865122 0.911607 0.683803 0.146225 0.463381 0.557529 -0.78295 0.413659 0.337999 
-1.08063 0.0897031 0.268503 -0.682413 -0.906751 -0.929008 0.225527 -0.548312 -0.557948 -0.192972 -0.133072 0.00552744 0.146543 0.6681 -0.162317 -0.483565 0.0295342 0.0581877 0.0733292 0.694101 0.323984 0.860932 0.904968 0.677288 0.169093 0.460491 0.559904 -0.788427 0.379689 0.326916 
-1.07964 0.101319 0.26469 -0.672696 -0.911388 -0.915901 0.244276 -0.514934 -0.540067 -0.19406 -0.109445 0.0105155 0.137453 0.670209 -0.176005 -0.501191 0.0125206 0.0625359 0.0706664 0.686705 0.308823 0.877877 0.913746 0.699329 0.170021 0.453361 0.580256 -0.772852 0.403478 0.336494 
-1.06268 0.0848287 0.278511 -0.679466 -0.921577 -0.925058 0.269375 -0.502238 -0.54544 -0.199742 -0.0978023 0.0336132 0.11182 0.6793 -0.131998 -0.492195 0.0117799 0.0515162 0.0542517 0.646951 0.318705 0.866657 0.949234 0.698106 0.141896 0.443232 0.557579 -0.750078 0.429889 0.34676 
-1.05444 0.0767023 0.306405 -0.666158 -0.927052 -0.910833 0.211507 -0.553397 -0.565729 -0.19447 -0.151031 -0.0164149 0.158004 0.654671 -0.155695 -0.469187 0.0372799 0.00581946 0.0623392 0.668963 0.337915 0.865331 0.895319 0.645682 0.128293 0.497697 0.573267 -0.815106 0.420621 0.317399 
-1.06372 0.0748726 0.280317 -0.670587 -0.934249 -0.899593 0.205183 -0.545262 -0.568659 -0.207675 -0.149863 -0.0158978 0.172954 0.646722 -0.166091 -0.472979 0.0385624 0.029357 0.0668485 0.673539 0.340229 0.862358 0.898184 0.64961 0.145651 0.491428 0.544936 -0.829613 0.4234 0.311234 
