0.194531 0.995746 0.832605 0.612242 -0.586278 0.00163154 0.442633 -0.419009 0.417807 -0.0376865 -0.819652 -0.653344 0.344448 0.254388 -0.389117 0.402653 0.371004 -0.118024 0.428716 0.0523601 0.678521 -0.296588 0.400128 0.24504 -0.569917 0.252342 -0.681217 0.312365 -0.380173 -0.206014 
0.21091 0.939962 0.822922 0.542724 -0.571592 0.0368257 0.442694 -0.377377 0.39262 0.0128748 -0.789165 -0.603692 0.263115 0.315145 -0.37749 0.407739 0.352074 -0.103843 0.406001 0.0821921 0.677655 -0.190667 0.381671 0.268772 -0.496229 0.15942 -0.69133 0.268911 -0.442966 -0.120101 
0.265084 0.869546 0.845557 0.577558 -0.609491 0.0462624 0.42682 -0.426333 0.394385 -0.00798596 -0.749757 -0.63537 0.34621 0.271467 -0.343908 0.444438 0.363108 -0.115756 0.401765 0.0917767 0.702549 -0.234632 0.4172 0.267181 -0.450895 0.086001 -0.667784 0.306532 -0.432674 -0.234252 
0.78035 -0.170311 0.242465 -0.27406 -0.685941 -0.29409 -0.442643 0.978058 -0.840631 -0.119637 0.53142 -0.775873 0.185601 0.102606 -0.00425382 -0.881878 0.0828097 0.244484 -0.429114 0.687969 0.609916 0.9082 0.990475 -0.68765 -0.589566 -0.48816 0.885777 -0.821574 0.844526 0.00627991 
-1.09029 0.0684724 0.347689 -0.632769 -0.893594 -0.915861 0.27536 -0.537985 -0.531654 -0.146198 -0.110512 0.0516731 0.140392 0.772925 -0.182271 -0.37329 0.0449499 0.0732426 0.0451948 0.738435 0.369533 0.857051 0.880734 0.772867 0.178477 0.510258 0.582847 -0.741459 0.441119 0.373216 
-0.832156 0.709368 0.824128 0.658351 -1.00716 -0.435591 -0.0398504 0.242756 0.250192 0.0219699 -0.138877 -0.825392 0.602632 -0.837202 -0.551536 0.305473 0.877232 0.335978 -0.315934 -0.557248 0.364061 0.0708937 -0.120322 0.114702 0.0385984 -0.173841 0.301626 0.37655 -0.138422 -0.553239 
-0.838688 0.732323 0.919956 0.648828 -0.936942 -0.431128 -0.0725335 0.235921 0.212404 0.00168487 -0.139528 -0.795406 0.550736 -0.804832 -0.541853 0.385732 0.837276 0.288743 -0.278849 -0.499361 0.394429 0.0351605 -0.106797 0.0540821 -0.0606332 -0.142681 0.343267 0.419984 -0.182547 -0.487281 
0.26186 0.955232 0.79558 0.637451 -0.510808 0.0422891 0.465222 -0.482126 0.36977 -0.0845059 -0.732302 -0.604442 0.327958 0.235206 -0.369498 0.422412 0.386198 -0.136213 0.393336 0.128272 0.714103 -0.238752 0.366608 0.242989 -0.470035 0.177746 -0.698022 0.365134 -0.422242 -0.122454 
0.537111 -0.427358 0.0091015 -0.243544 -0.747661 -0.204281 -0.531005 0.845894 -0.784709 -0.04803 0.173256 -0.216034 0.276989 -0.295928 0.142763 -0.737639 -0.100802 -0.0173128 0.100107 0.671722 0.468722 -0.297845 -0.0272504 0.557689 0.0550783 -0.705234 0.465063 -0.101988 -0.240195 -0.147714 
0.665682 0.88883 0.0571096 0.0612619 -0.146703 0.00639387 0.436421 -0.421029 0.391794 -0.177638 -0.8754 -0.425263 0.157474 0.433424 -0.234772 0.694603 0.231639 0.104559 0.599473 -0.174715 0.730661 -0.22191 0.439724 0.239966 0.511428 0.0518595 -0.884389 0.329893 -0.387589 -0.126358 
0.138502 0.900185 0.818549 0.521481 -0.531734 0.0453558 0.520871 -0.497791 0.359248 -0.0359813 -0.765405 -0.674266 0.327336 0.285689 -0.388989 0.430287 0.358702 -0.0832623 0.378959 0.15079 0.764198 -0.225356 0.405309 0.295618 -0.486804 0.154379 -0.64901 0.313819 -0.446019 -0.193757 
0.154266 0.939565 0.799118 0.519851 -0.610837 -0.0102672 0.497268 -0.442301 0.380441 -0.0264607 -0.813179 -0.59918 0.315293 0.265661 -0.390422 0.394528 0.397766 -0.0720248 0.321525 0.0762573 0.726592 -0.19753 0.361191 0.244001 -0.50155 0.161319 -0.635163 0.3295 -0.475084 -0.186716 
0.786048 -0.0696304 0.212809 0.0868395 -0.676326 0.047461 -0.199398 0.690783 -0.411343 -0.0270546 -0.152297 -0.803557 0.171477 -0.0895443 -0.462097 -0.781378 -0.0647544 0.315417 -0.389568 -0.222607 0.223069 0.327945 0.679047 -0.678687 -0.0237887 -0.46493 0.769921 -0.294825 0.895496 -0.457825 
-1.05506 0.0984836 0.323589 -0.638809 -0.972146 -0.939287 0.207011 -0.56347 -0.584964 -0.207898 -0.149703 -0.0405213 0.155993 0.682657 -0.122939 -0.446051 0.0345611 0.00131206 0.00660745 0.692389 0.329282 0.834684 0.883847 0.677915 0.143844 0.526591 0.56457 -0.813397 0.418424 0.346671 
-1.04703 0.0943181 0.318265 -0.620332 -0.915325 -0.924336 0.281228 -0.488245 -0.553656 -0.285388 -0.125766 0.0339714 0.118276 0.674698 -0.180321 -0.505975 0.0247829 0.0682458 0.0575003 0.672602 0.292278 0.876644 0.980244 0.763639 0.108348 0.464246 0.58641 -0.768075 0.464258 0.398258 
-1.05394 0.0813896 0.30194 -0.637514 -0.927223 -0.909762 0.252848 -0.517737 -0.51779 -0.179864 -0.11668 -0.003115 0.103583 0.648497 -0.187385 -0.519552 0.0570457 0.0235899 0.0629648 0.675723 0.339762 0.878923 0.937602 0.633807 0.108347 0.506623 0.531961 -0.745861 0.415063 0.366198 
-1.05852 0.103325 0.284863 -0.658074 -0.936781 -0.906253 0.294248 -0.49752 -0.591055 -0.244818 -0.0889413 0.0472234 0.106404 0.688967 -0.209441 -0.466839 0.0382384 0.0549483 0.0152073 0.653106 0.330838 0.875961 0.991166 0.713494 0.106445 0.440771 0.543666 -0.748194 0.438 0.381509 
-1.10857 0.121748 0.312124 -0.658496 -0.969328 -0.954402 0.196602 -0.529958 -0.572257 -0.213662 -0.140987 0.00158944 0.133355 0.688557 -0.185349 -0.475299 0.00349088 0.0538339 0.106014 0.681434 0.345118 0.816207 0.908289 0.654867 0.138529 0.511919 0.579945 -0.759729 0.411842 0.359847 
-1.06025 0.0997926 0.273142 -0.66491 -0.912103 -0.923704 0.253792 -0.53113 -0.512414 -0.19876 -0.120546 0.0504101 0.13073 0.681788 -0.170698 -0.463255 -0.0105698 0.00237477 0.0785043 0.720854 0.29721 0.857852 0.895037 0.663739 0.136772 0.429748 0.544902 -0.783953 0.413767 0.350753 
-1.08433 0.101802 0.308425 -0.689196 -0.952097 -0.940496 0.230531 -0.518592 -0.570468 -0.201653 -0.1226 0.0545529 0.119758 0.681249 -0.166521 -0.45435 0.0204195 0.0383033 0.0923168 0.681345 0.333719 0.890972 0.90415 0.695299 0.149147 0.44199 0.575 -0.742435 0.434102 0.373692 
-1.08479 0.0557065 0.268137 -0.677186 -0.915174 -0.943071 0.274098 -0.504549 -0.541982 -0.208613 -0.0742239 0.0202862 0.0930375 0.676863 -0.108166 -0.509612 -0.000331369 0.0506334 0.0603625 0.666081 0.313659 0.884523 0.947731 0.703536 0.13457 0.462438 0.579794 -0.752468 0.445639 0.344261 
-1.06442 0.0868893 0.290408 -0.621593 -0.932537 -0.930259 0.26036 -0.497626 -0.573503 -0.212108 -0.120938 0.0164994 0.0960335 0.672863 -0.177476 -0.530801 0.0388139 0.049149 0.0173316 0.667894 0.295806 0.857982 0.931336 0.70759 0.115483 0.440919 0.575462 -0.742811 0.442426 0.364053 
-1.07668 0.0944032 0.322847 -0.688469 -0.90862 -0.935378 0.240009 -0.598486 -0.548338 -0.209863 -0.124221 0.0380811 0.112623 0.718503 -0.121726 -0.444794 0.0449519 0.0501949 0.0798707 0.712976 0.325747 0.82699 0.912185 0.669676 0.132488 0.468453 0.60691 -0.79084 0.469713 0.371167 
-1.12588 0.093343 0.287861 -0.679042 -0.975039 -0.885578 0.273641 -0.522717 -0.524877 -0.176128 -0.0919115 0.0455233 0.0628399 0.698991 -0.156946 -0.50175 0.0116493 -0.0063139 0.061975 0.617091 0.291586 0.878919 0.92337 0.740378 0.150551 0.450569 0.573694 -0.76628 0.425262 0.315023 
-1.05265 0.113027 0.267529 -0.70115 -0.919465 -0.921999 0.200924 -0.524237 -0.547684 -0.17004 -0.107953 -0.00303135 0.168627 0.681612 -0.175199 -0.477563 0.0240827 0.0131125 0.0573425 0.696966 0.296977 0.890242 0.918405 0.6991 0.143898 0.492507 0.548198 -0.781579 0.412362 0.342719 
-1.09241 0.075356 0.284399 -0.663406 -0.911035 -0.925915 0.259481 -0.577888 -0.525818 -0.178403 -0.130744 0.0501688 0.112117 0.697947 -0.0985832 -0.475559 -0.00781654 0.0274849 0.0830264 0.732381 0.285961 0.858649 0.89594 0.701539 0.15751 0.43937 0.564058 -0.755806 0.390761 0.343428 
-1.04302 0.0699082 0.263717 -0.683096 -0.930507 -0.946688 0.31724 -0.508471 -0.560732 -0.223239 -0.115642 0.00420789 0.0883794 0.715011 -0.190641 -0.484355 0.0178743 -0.0015287 0.0319382 0.684358 0.335291 0.894642 0.941149 0.717254 0.129284 0.434696 0.575609 -0.723458 0.439435 0.359755 
-1.04758 0.0968997 0.286629 -0.695327 -0.919353 -0.954085 0.204957 -0.522881 -0.588237 -0.196205 -0.155192 0.000710297 0.140485 0.69748 -0.151237 -0.479805 0.00563681 0.0303231 0.0364809 0.703506 0.298098 0.871406 0.928465 0.65428 0.145005 0.440811 0.529623 -0.792405 0.43714 0.34077 
-1.06625 0.057875 0.31519 -0.712208 -0.907556 -0.905338 0.252389 -0.539231 -0.511873 -0.14136 -0.109631 0.0470037 0.0881833 0.687449 -0.131561 -0.468509 -6.45939e-05 0.0451792 0.0665148 0.680751 0.334582 0.880308 0.868777 0.691134 0.131269 0.421847 0.564702 -0.748602 0.412555 0.354211 
-1.05041 0.0640028 0.284894 -0.663311 -0.958169 -0.883013 0.181753 -0.549826 -0.546999 -0.258936 -0.17318 -0.0465333 0.177272 0.627777 -0.161216 -0.46112 0.0328839 0.0453279 0.0546274 0.693759 0.34009 0.9002 0.951761 0.686575 0.187595 0.485295 0.552644 -0.836337 0.434952 0.302019 
-1.0902 0.0906136 0.292773 -0.708534 -0.937363 -0.952387 0.217038 -0.54493 -0.529685 -0.182379 -0.147762 0.00677998 0.132214 0.664514 -0.100924 -0.484774 0.0304399 0.00709546 0.0404883 0.671914 0.347777 0.868615 0.880291 0.647036 0.115008 0.477425 0.585105 -0.748358 0.429775 0.328287 
-1.0562 0.115737 0.270468 -0.663097 -0.907909 -0.891982 0.288388 -0.523873 -0.550814 -0.23097 -0.0759948 0.00456609 0.131275 0.691563 -0.15952 -0.525051 0.0232239 0.0267012 0.0328903 0.674831 0.322522 0.906364 0.959069 0.729586 0.111249 0.427247 0.550591 -0.774908 0.422412 0.399751 
-1.03905 0.0696283 0.31258 -0.645614 -0.981309 -0.915744 0.171361 -0.586775 -0.561265 -0.167117 -0.168465 -0.0412716 0.17739 0.637323 -0.150041 -0.440344 -0.00447312 0.0436075 0.00759504 0.70359 0.309064 0.90516 0.905924 0.651948 0.137118 0.506612 0.556544 -0.784096 0.400227 0.30441 
-1.09967 0.0638594 0.281472 -0.683258 -0.953835 -0.928698 0.183622 -0.557346 -0.573667 -0.235507 -0.138967 0.0098504 0.152395 0.599042 -0.136067 -0.475627 0.0504721 0.0421265 0.0773313 0.693386 0.329273 0.9229 0.926904 0.686545 0.158377 0.473002 0.545253 -0.811219 0.468935 0.328769 
-1.05357 0.0707931 0.332006 -0.625292 -0.971362 -0.913361 0.179654 -0.562113 -0.56517 -0.218299 -0.127557 -0.0296495 0.173877 0.670356 -0.174173 -0.483985 0.0122593 0.0041367 0.014328 0.653395 0.320846 0.878033 0.866485 0.618433 0.135606 0.479557 0.561095 -0.789329 0.423211 0.324449 
-1.09156 0.102127 0.31794 -0.689506 -0.95589 -0.969323 0.227428 -0.543872 -0.518775 -0.192305 -0.116317 0.00667627 0.155223 0.709863 -0.190016 -0.49737 0.00565744 0.0785383 0.0684219 0.697333 0.305957 0.858518 0.931704 0.642233 0.152653 0.467542 0.549486 -0.800047 0.413636 0.322149 
-1.03198 0.123971 0.243994 -0.652663 -0.925645 -0.939385 0.249271 -0.492282 -0.553948 -0.244004 -0.120182 0.00833522 0.0994762 0.702454 -0.190775 -0.513072 0.0152522 0.055859 0.0405483 0.651641 0.2745 0.890396 0.966909 0.70706 0.108709 0.478603 0.554924 -0.751984 0.409459 0.365909 
-1.06828 0.112069 0.282901 -0.676238 -0.917282 -0.898537 0.25667 -0.582473 -0.556046 -0.168882 -0.115308 0.0267171 0.123265 0.707058 -0.158339 -0.4865 0.0258169 0.0774273 0.0447716 0.68274 0.337072 0.831921 0.891383 0.681302 0.114815 0.444915 0.596769 -0.756575 0.380435 0.322373 
-1.04645 0.0702281 0.313494 -0.638388 -0.937239 -0.883416 0.200357 -0.543767 -0.576406 -0.189407 -0.157712 -0.0412407 0.14892 0.629451 -0.146986 -0.487268 0.0277947 -0.0200838 0.031941 0.679004 0.332442 0.846583 0.911067 0.650252 0.143327 0.494629 0.56871 -0.81672 0.433052 0.304384 
-1.09714 0.103265 0.302716 -0.654236 -0.90129 -0.965725 0.234696 -0.551101 -0.508296 -0.177609 -0.176356 0.0151416 0.16617 0.691798 -0.161704 -0.469561 0.0309924 0.0489467 0.0632032 0.683378 0.338956 0.86055 0.909946 0.723958 0.135182 0.445761 0.559376 -0.768901 0.392776 0.381827 
-1.07109 0.0895502 0.320467 -0.667152 -0.929541 -0.884029 0.210259 -0.577356 -0.560263 -0.19197 -0.142026 -0.0344303 0.176056 0.642513 -0.167199 -0.492721 0.030929 -0.00507646 0.0827933 0.678813 0.344372 0.86892 0.904718 0.652544 0.103713 0.470621 0.55274 -0.823751 0.395887 0.330146 
-1.05383 0.0500589 0.29092 -0.655492 -0.940125 -0.911701 0.23947 -0.543095 -0.572616 -0.181947 -0.151073 -0.023463 0.162932 0.628256 -0.146113 -0.50298 0.0600241 -0.0180729 0.0898599 0.641146 0.321654 0.865757 0.918117 0.650704 0.126005 0.519702 0.580521 -0.827441 0.402841 0.307385 
-1.10622 0.0824854 0.298001 -0.701533 -0.941087 -0.963396 0.242781 -0.542018 -0.515005 -0.198591 -0.130487 0.0083511 0.12706 0.681482 -0.153438 -0.481094 -0.014694 0.029696 0.0569878 0.677735 0.2877 0.846875 0.890484 0.697993 0.15 0.435455 0.557055 -0.793153 0.388569 0.340234 
-1.04592 0.0432354 0.305605 -0.667715 -0.953854 -0.932376 0.24642 -0.54364 -0.554415 -0.221442 -0.201426 -0.00924549 0.17951 0.640712 -0.140903 -0.437845 0.0516148 0.0085895 0.094873 0.629285 0.294177 0.895617 0.845162 0.654826 0.161284 0.51144 0.558666 -0.840301 0.448248 0.29973 
-1.1028 0.109714 0.230459 -0.628938 -0.9543 -0.917773 0.263042 -0.515335 -0.553179 -0.244082 -0.0906829 0.0324621 0.120696 0.675158 -0.175089 -0.514398 -0.0113488 0.0310834 0.0251458 0.632181 0.299198 0.867674 0.975394 0.729538 0.138117 0.493621 0.561116 -0.772289 0.436344 0.344828 
-1.08551 0.0921956 0.287175 -0.692546 -0.879736 -0.916392 0.225178 -0.542062 -0.568232 -0.175923 -0.138604 0.0284664 0.172419 0.67008 -0.177752 -0.484006 0.0189922 0.0778162 0.0970092 0.680327 0.321734 0.859031 0.908254 0.700046 0.144564 0.451645 0.57359 -0.780574 0.379067 0.348014 
-1.08197 0.0980248 0.279039 -0.682891 -0.934571 -0.929764 0.253368 -0.527769 -0.551548 -0.185581 -0.129596 -0.00787504 0.117591 0.661717 -0.162594 -0.511544 -0.00266113 0.0557431 0.0479429 0.625259 0.269779 0.867715 0.916507 0.711611 0.149619 0.432884 0.580459 -0.798728 0.425639 0.363765 
-1.06819 0.100201 0.248622 -0.661717 -0.94011 -0.917382 0.237274 -0.551658 -0.537771 -0.186557 -0.1036 0.0299652 0.118561 0.650264 -0.169093 -0.49801 0.00231615 0.0295625 0.0507091 0.626145 0.263685 0.888883 0.92463 0.753492 0.101824 0.449623 0.572465 -0.789131 0.431668 0.337451 
-1.04431 0.0942727 0.260253 -0.686837 -0.938678 -0.893211 0.179125 -0.540743 -0.544149 -0.22622 -0.172006 -0.0286627 0.180862 0.653863 -0.150755 -0.48237 0.0163147 0.0339791 0.0514005 0.662698 0.312735 0.866998 0.897508 0.647768 0.120656 0.490988 0.542401 -0.841951 0.444367 0.315649 
-1.06287 0.0763455 0.239533 -0.689536 -0.922265 -0.927441 0.248204 -0.54139 -0.554814 -0.192503 -0.141384 -0.00829236 0.127111 0.670808 -0.186787 -0.473408 0.0148422 0.061832 0.068044 0.673226 0.301614 0.843321 0.902816 0.652092 0.128384 0.481687 0.564874 -0.777513 0.412836 0.306944 
-1.06205 0.0529218 0.266841 -0.687144 -0.930424 -0.92655 0.224387 -0.540805 -0.521259 -0.160185 -0.135063 0.0601622 0.136181 0.699871 -0.141583 -0.483597 -0.00322887 -0.00259651 0.0399232 0.730916 0.306964 0.856142 0.882717 0.67621 0.122852 0.439452 0.584696 -0.767788 0.422134 0.324024 
-1.05199 0.0472673 0.278209 -0.714941 -0.909821 -0.94329 0.244077 -0.567307 -0.512826 -0.145674 -0.116723 0.0511296 0.139354 0.69843 -0.122613 -0.464783 -0.00467675 -0.0256382 0.0490238 0.75714 0.297824 0.847804 0.86901 0.655415 0.0969704 0.425281 0.582478 -0.741164 0.398605 0.331527 
-1.04339 0.0556325 0.264135 -0.665165 -0.935095 -0.903004 0.221433 -0.551372 -0.509867 -0.183599 -0.108943 0.0487918 0.136091 0.718611 -0.152898 -0.456554 0.023484 0.0024778 0.0375767 0.717541 0.281108 0.876416 0.88233 0.661918 0.109162 0.459381 0.591207 -0.756165 0.417897 0.308613 
-1.08648 0.0886382 0.265887 -0.677609 -0.900723 -0.917596 0.225896 -0.546713 -0.541255 -0.177617 -0.127399 0.00941719 0.148849 0.666598 -0.180566 -0.502104 0.0318446 0.0687426 0.074585 0.698517 0.315387 0.857831 0.908089 0.677559 0.171761 0.446391 0.585636 -0.798539 0.377567 0.326594 
-1.06974 0.0825509 0.258101 -0.695701 -0.928826 -0.93671 0.216491 -0.558013 -0.519832 -0.158341 -0.117981 0.0102829 0.175727 0.647 -0.162065 -0.482751 0.0575335 0.0597017 0.0805218 0.695718 0.290976 0.874647 0.922048 0.700328 0.176151 0.455025 0.571952 -0.770725 0.361382 0.306851 
-1.08941 0.0916808 0.247839 -0.667964 -0.88495 -0.904723 0.200094 -0.560724 -0.518432 -0.178326 -0.115206 -0.0078738 0.135644 0.677088 -0.167198 -0.493538 0.0365432 0.0568058 0.099155 0.711725 0.302111 0.857756 0.87993 0.698886 0.149408 0.451531 0.574585 -0.798636 0.39329 0.308005 
-1.07301 0.0762809 0.279101 -0.672966 -0.948936 -0.913533 0.17795 -0.533737 -0.577709 -0.209235 -0.143473 -0.0397667 0.173701 0.627194 -0.169374 -0.456566 0.0364269 0.032635 0.0626459 0.68504 0.34166 0.889535 0.918665 0.659597 0.149485 0.484737 0.543086 -0.810218 0.445425 0.34144 
-1.07602 0.0814065 0.283873 -0.665408 -0.967267 -0.893154 0.19476 -0.523571 -0.58248 -0.208753 -0.148629 -0.0426087 0.150173 0.6196 -0.166246 -0.472061 0.0324737 0.0592159 0.0600382 0.677428 0.3145 0.864156 0.917324 0.648613 0.12863 0.483994 0.526225 -0.819418 0.460613 0.321484 
-1.08423 0.0533143 0.259714 -0.679453 -0.936052 -0.933869 0.184903 -0.526459 -0.579815 -0.19521 -0.145922 -0.0429216 0.20077 0.604132 -0.157595 -0.469313 0.0609501 0.0599681 0.0485282 0.701461 0.355812 0.899463 0.914659 0.669251 0.132759 0.501427 0.543683 -0.838378 0.422941 0.318362 
-1.06067 0.099184 0.264028 -0.671043 -0.92117 -0.91224 0.234934 -0.540905 -0.538678 -0.188947 -0.102623 0.0267098 0.145662 0.671494 -0.169943 -0.497473 0.0149535 0.0446696 0.0635078 0.674409 0.309942 0.889999 0.923966 0.701451 0.158191 0.448675 0.565898 -0.752361 0.411769 0.336777 
-1.05471 0.102068 0.258175 -0.689681 -0.932943 -0.915938 0.260042 -0.529421 -0.512894 -0.186304 -0.0936481 0.0419654 0.17071 0.676424 -0.144844 -0.480019 0.0168813 0.0446879 0.0872944 0.687686 0.300657 0.879423 0.94077 0.718927 0.140097 0.442802 0.555747 -0.726554 0.389806 0.338719 
-1.07988 0.0779216 0.275608 -0.694508 -0.943461 -0.894148 0.251811 -0.52184 -0.529805 -0.215468 -0.0876093 0.0504442 0.154009 0.668672 -0.173117 -0.501754 0.0158313 0.027626 0.0887591 0.664271 0.310284 0.869092 0.944011 0.683108 0.175932 0.423066 0.586121 -0.74292 0.432945 0.338605 
-1.08467 0.0899887 0.266913 -0.684038 -0.913997 -0.932831 0.226794 -0.547151 -0.540831 -0.17994 -0.12806 0.0103612 0.140101 0.68452 -0.170736 -0.498917 0.0233544 0.0577202 0.0692025 0.695348 0.308958 0.858223 0.911725 0.684886 0.150858 0.458276 0.579651 -0.783721 0.386186 0.328108 
-1.08638 0.0636322 0.263366 -0.677036 -0.891057 -0.909219 0.217626 -0.562231 -0.553425 -0.194668 -0.102447 0.037625 0.154938 0.685492 -0.165105 -0.489282 0.0374475 0.0774038 0.0520471 0.698257 0.335232 0.878322 0.908325 0.686043 0.160962 0.479851 0.575226 -0.777522 0.36503 0.33846 
-1.09136 0.104611 0.282104 -0.666667 -0.897502 -0.909153 0.235062 -0.567261 -0.528565 -0.167466 -0.143079 0.012925 0.132765 0.70811 -0.196088 -0.501783 0.044053 0.0699018 0.0870199 0.686211 0.28684 0.885733 0.917689 0.698436 0.174576 0.476965 0.593911 -0.781155 0.384533 0.321854 
-1.08388 0.0852819 0.282292 -0.696075 -0.926023 -0.926342 0.251373 -0.556162 -0.588538 -0.220816 -0.138954 -0.0117722 0.12485 0.654864 -0.133563 -0.496902 0.0288893 0.0321064 0.0821651 0.657637 0.321639 0.879911 0.92109 0.649505 0.128085 0.466172 0.551034 -0.761254 0.395825 0.304809 
-1.08663 0.0834323 0.291544 -0.69193 -0.950852 -0.933635 0.236956 -0.531257 -0.568774 -0.193733 -0.121716 -0.0254818 0.097356 0.630181 -0.157021 -0.510691 0.0158856 0.052915 0.0692457 0.657878 0.332451 0.877252 0.893506 0.670304 0.105 0.471909 0.559878 -0.782313 0.392056 0.316381 
-1.07878 0.0855619 0.254737 -0.694689 -0.943668 -0.94334 0.252328 -0.55124 -0.575236 -0.208986 -0.116277 0.0125005 0.136624 0.668444 -0.128082 -0.470567 0.0170815 0.057563 0.0623343 0.648361 0.322855 0.89398 0.92072 0.631348 0.144741 0.441814 0.574386 -0.774704 0.412138 0.283326 
-1.0837 0.0818667 0.265907 -0.675947 -0.926872 -0.91443 0.178453 -0.535603 -0.575139 -0.184838 -0.130557 -0.0223272 0.166799 0.654883 -0.176462 -0.46264 0.034225 0.055139 0.0720302 0.690376 0.335402 0.861374 0.916653 0.663439 0.151868 0.478899 0.576355 -0.801813 0.432699 0.330656 
-1.05966 0.0706907 0.287502 -0.656563 -0.915375 -0.89589 0.158346 -0.533964 -0.578768 -0.181907 -0.13359 -0.0143666 0.145013 0.668523 -0.194707 -0.470048 0.0592157 0.0357192 0.0834181 0.69817 0.339875 0.854413 0.896571 0.654885 0.140771 0.451505 0.576191 -0.777452 0.446993 0.33686 
-1.06498 0.0754572 0.25931 -0.683076 -0.929105 -0.932477 0.168523 -0.556448 -0.575422 -0.181825 -0.109458 -0.0439612 0.16181 0.649547 -0.182452 -0.455053 0.0222626 0.0700146 0.0906522 0.683851 0.341589 0.845705 0.894419 0.686199 0.146689 0.456219 0.577372 -0.800439 0.43226 0.305778 
-1.05784 0.0962733 0.246255 -0.68623 -0.894734 -0.890346 0.272182 -0.481524 -0.537942 -0.226068 -0.107716 0.0548915 0.117943 0.651978 -0.1413 -0.470257 0.00169774 0.0352538 0.040199 0.64106 0.324665 0.903432 0.934586 0.71712 0.119122 0.442128 0.572903 -0.725408 0.439743 0.378041 
-1.05564 0.0896656 0.234 -0.676882 -0.888195 -0.883524 0.280464 -0.468601 -0.530805 -0.227889 -0.12318 0.0512122 0.0926419 0.625195 -0.156531 -0.488913 0.00130843 0.0385307 0.0190072 0.655313 0.344073 0.913331 0.961434 0.709572 0.126648 0.423997 0.577293 -0.750606 0.436665 0.393012 
-1.06191 0.106462 0.22183 -0.693293 -0.872043 -0.866986 0.244938 -0.470346 -0.556317 -0.233267 -0.111987 0.0767656 0.136851 0.651144 -0.155442 -0.468171 -0.016321 0.00964407 0.0650559 0.645912 0.332854 0.917824 0.940713 0.724342 0.106619 0.432091 0.555197 -0.750824 0.445822 0.39416 
-1.07385 0.0950807 0.267001 -0.656489 -0.876987 -0.941033 0.24832 -0.57411 -0.52167 -0.166437 -0.131798 0.00752595 0.159626 0.666063 -0.197782 -0.488175 0.0282504 0.0552107 0.0500702 0.692211 0.337133 0.860272 0.896273 0.651158 0.180125 0.441076 0.609522 -0.810017 0.361258 0.32671 
-1.07491 0.109949 0.265291 -0.629753 -0.900051 -0.964624 0.272182 -0.584738 -0.493905 -0.175491 -0.132865 0.0190912 0.164744 0.68781 -0.210905 -0.460835 0.0498689 0.058293 0.0265074 0.71517 0.316878 0.857963 0.918172 0.676775 0.167959 0.455222 0.591345 -0.794403 0.343648 0.354443 
-1.1009 0.111884 0.277673 -0.672425 -0.874871 -0.92566 0.244987 -0.549477 -0.537268 -0.163326 -0.15276 0.0114637 0.179987 0.678766 -0.217312 -0.496167 0.00306157 0.0487762 0.0467962 0.70538 0.313602 0.873677 0.86996 0.677819 0.193283 0.433412 0.600056 -0.801858 0.374098 0.316554 
-1.07964 0.101319 0.26469 -0.672696 -0.911388 -0.915901 0.244276 -0.514934 -0.540067 -0.19406 -0.109445 0.0105155 0.137453 0.670209 -0.176005 -0.501191 0.0125206 0.0625359 0.0706664 0.686705 0.308823 0.877877 0.913746 0.699329 0.170021 0.453361 0.580256 -0.772852 0.403478 0.336494 
-1.08783 0.111643 0.28945 -0.670073 -0.924754 -0.891963 0.264029 -0.493583 -0.548414 -0.19547 -0.0985185 -0.013577 0.118256 0.647958 -0.164194 -0.489557 0.0134254 0.0476628 0.0607636 0.68592 0.287765 0.880095 0.925455 0.703292 0.183275 0.444499 0.568035 -0.785286 0.422704 0.356194 
-1.08113 0.11873 0.28885 -0.650598 -0.900147 -0.891935 0.226007 -0.527883 -0.553628 -0.190169 -0.089738 0.0333122 0.160387 0.655575 -0.184106 -0.522962 -0.00544262 0.0809239 0.0853229 0.703687 0.300538 0.86715 0.922294 0.690532 0.154305 0.463394 0.574528 -0.772732 0.425392 0.337922 
-1.08248 0.100999 0.281968 -0.681665 -0.922856 -0.924791 0.247194 -0.520833 -0.578563 -0.217391 -0.110637 -0.011001 0.133822 0.663753 -0.160373 -0.499423 0.0280997 0.0468091 0.0813384 0.675752 0.314111 0.879784 0.916771 0.670832 0.156494 0.458297 0.572077 -0.771184 0.400041 0.323097 
-1.06965 0.0881966 0.259112 -0.685028 -0.945805 -0.894684 0.207407 -0.488672 -0.54703 -0.210188 -0.123695 0.0178664 0.140366 0.649459 -0.148465 -0.460304 0.0159869 0.0334922 0.0531903 0.678081 0.333389 0.900539 0.919977 0.678357 0.141672 0.462619 0.549644 -0.793968 0.442467 0.365501 
-1.07665 0.0927159 0.265917 -0.675569 -0.895211 -0.917772 0.228323 -0.562354 -0.536072 -0.16687 -0.128989 0.00774917 0.149838 0.666598 -0.195637 -0.494014 0.0284892 0.0670299 0.0543231 0.694007 0.320962 0.859178 0.902386 0.652409 0.17551 0.444971 0.592643 -0.807313 0.367732 0.326599 
-1.072 0.091897 0.270358 -0.67146 -0.924758 -0.912795 0.207545 -0.534336 -0.552078 -0.188991 -0.110523 0.0226874 0.156332 0.660633 -0.169873 -0.471591 0.0189318 0.0433312 0.062837 0.68167 0.320448 0.889671 0.922923 0.700054 0.153047 0.483008 0.560648 -0.788493 0.431061 0.3398 
-1.08383 0.0835568 0.276033 -0.679564 -0.926187 -0.919128 0.241658 -0.547206 -0.586174 -0.191126 -0.137683 -0.0118299 0.13574 0.654868 -0.138956 -0.480405 0.0333094 0.0513033 0.081896 0.673608 0.322025 0.875561 0.920131 0.662637 0.138606 0.468147 0.576207 -0.800456 0.398623 0.324268 
-1.06427 0.0838575 0.265966 -0.683064 -0.913248 -0.924236 0.224537 -0.545948 -0.534486 -0.161891 -0.134943 0.0532915 0.143388 0.686714 -0.179851 -0.485041 0.0308046 0.0265298 0.0718626 0.721671 0.311102 0.857236 0.887886 0.677319 0.164917 0.445362 0.584885 -0.780944 0.393076 0.325733 
-1.05811 0.0985435 0.262711 -0.67576 -0.914623 -0.891567 0.250874 -0.485358 -0.538292 -0.212999 -0.106108 0.0401832 0.144531 0.666675 -0.141564 -0.473615 0.0126997 0.0405566 0.0503998 0.650805 0.315528 0.896277 0.929475 0.704292 0.146799 0.448492 0.566971 -0.731071 0.423544 0.34766 
-1.06606 0.0909193 0.276011 -0.686908 -0.922364 -0.923653 0.249124 -0.554858 -0.574712 -0.213993 -0.1365 0.0266052 0.141984 0.663603 -0.164632 -0.497036 0.0283709 0.0328154 0.0770992 0.665891 0.320687 0.881164 0.923403 0.657536 0.13512 0.453107 0.562317 -0.753443 0.404921 0.326615 
-1.07654 0.078197 0.264789 -0.677675 -0.920674 -0.917588 0.239718 -0.525616 -0.531807 -0.162787 -0.132338 0.0292979 0.13623 0.681523 -0.151393 -0.498783 6.34592e-05 0.0371205 0.0688186 0.715926 0.307502 0.87087 0.898285 0.684812 0.152589 0.44346 0.582462 -0.770724 0.406247 0.325887 
-1.08313 0.0829958 0.266189 -0.663326 -0.911736 -0.928074 0.215734 -0.538187 -0.574458 -0.171888 -0.131125 0.00712074 0.166091 0.66181 -0.177683 -0.487026 0.0324402 0.0551594 0.0674722 0.692142 0.335724 0.860971 0.907261 0.658202 0.152281 0.452051 0.581884 -0.802884 0.380855 0.327025 
-1.08028 0.0792973 0.280874 -0.673605 -0.937899 -0.915596 0.185864 -0.538379 -0.584815 -0.211359 -0.140815 -0.034926 0.159261 0.641455 -0.167946 -0.463327 0.0355544 0.0325998 0.0650444 0.672019 0.340284 0.882179 0.920466 0.652801 0.137795 0.478509 0.550253 -0.800439 0.40392 0.313187 
-1.0671 0.0916414 0.275705 -0.693336 -0.925521 -0.914352 0.236901 -0.549719 -0.544746 -0.199843 -0.128456 0.026605 0.132361 0.658365 -0.162688 -0.497455 0.0186525 0.0381638 0.0725758 0.657667 0.319121 0.888317 0.923121 0.684809 0.154264 0.453362 0.560682 -0.757718 0.396701 0.329906 
-1.07125 0.0910315 0.266996 -0.664357 -0.911756 -0.936079 0.234177 -0.573488 -0.521308 -0.160452 -0.134447 0.0101548 0.143201 0.69355 -0.172689 -0.487163 0.0219986 0.0348494 0.0480768 0.709025 0.310021 0.859027 0.893128 0.659456 0.163456 0.440315 0.585732 -0.802134 0.395577 0.324247 
-1.07444 0.0814912 0.275391 -0.675857 -0.944409 -0.913997 0.178252 -0.534904 -0.577518 -0.203168 -0.136646 -0.0385576 0.169902 0.646987 -0.176122 -0.45703 0.0354863 0.046039 0.0648635 0.685266 0.33709 0.875316 0.917391 0.660256 0.151158 0.483125 0.57032 -0.808992 0.439411 0.333048 
-1.08052 0.0922631 0.278384 -0.665385 -0.903367 -0.939243 0.251104 -0.567348 -0.581057 -0.218172 -0.132738 -0.00106385 0.136393 0.656205 -0.142912 -0.491227 0.0283959 0.0528973 0.0722919 0.66804 0.330604 0.86846 0.898076 0.651063 0.173745 0.464865 0.606859 -0.785876 0.378438 0.320439 
-1.08437 0.0885943 0.269307 -0.692657 -0.923534 -0.919699 0.24151 -0.550614 -0.560006 -0.192909 -0.129947 -0.00654357 0.136566 0.65958 -0.167094 -0.501506 0.0316059 0.0380528 0.081615 0.68809 0.316573 0.878865 0.911051 0.666346 0.135515 0.447896 0.581251 -0.796184 0.389948 0.320456 
-1.08477 0.0874456 0.277622 -0.690359 -0.914372 -0.918453 0.236046 -0.550929 -0.567203 -0.193972 -0.133609 -0.00944184 0.139856 0.662864 -0.136137 -0.500268 0.0295716 0.0645448 0.0817905 0.658317 0.318354 0.863464 0.920445 0.668251 0.152479 0.462395 0.556801 -0.79405 0.393232 0.309957 
-1.07285 0.0857837 0.266895 -0.671523 -0.901393 -0.935268 0.238108 -0.560292 -0.521318 -0.162387 -0.132391 0.0139053 0.147766 0.681034 -0.155222 -0.484558 0.02688 0.0373786 0.047687 0.705306 0.33464 0.856243 0.895556 0.661352 0.17162 0.440521 0.596721 -0.76803 0.367907 0.326475 
-1.08211 0.0869833 0.269821 -0.679755 -0.920502 -0.924507 0.245755 -0.549324 -0.540787 -0.206655 -0.113712 -0.0102406 0.126427 0.657535 -0.172386 -0.500074 0.0251227 0.0541846 0.0742215 0.667301 0.316486 0.879044 0.91613 0.653322 0.131306 0.457977 0.569011 -0.763324 0.399788 0.333568 
-1.06256 0.0988549 0.259517 -0.683945 -0.903754 -0.908469 0.271096 -0.490123 -0.538649 -0.215961 -0.108739 0.0546487 0.127311 0.665399 -0.163969 -0.499838 0.00720381 0.0480662 0.0496524 0.674535 0.311315 0.902911 0.932924 0.713903 0.127019 0.445236 0.573903 -0.749957 0.413221 0.371349 
