-1.06229 0.0999991 0.325573 -0.672697 -0.966997 -0.948889 0.221171 -0.544911 -0.582758 -0.229867 -0.119729 0.0569102 0.122151 0.701374 -0.14438 -0.469879 0.0107732 0.0610563 0.0706994 0.702781 0.351595 0.892004 0.880704 0.684672 0.129256 0.463008 0.600999 -0.767342 0.457877 0.376105 
-1.10333 0.101398 0.319397 -0.663377 -0.951402 -0.944741 0.235013 -0.515239 -0.550848 -0.176221 -0.0953568 -0.00130296 0.0732785 0.653992 -0.172446 -0.499715 0.038483 0.0689882 0.0613985 0.658638 0.303956 0.850703 0.914069 0.660721 0.12106 0.488578 0.54969 -0.78177 0.370429 0.298449 
-1.07901 0.0988805 0.299293 -0.715611 -0.883953 -0.934808 0.227821 -0.59143 -0.574181 -0.201381 -0.0999126 0.0252365 0.137322 0.738871 -0.126734 -0.471536 0.0314751 0.0666895 0.0632364 0.690375 0.339486 0.800187 0.923138 0.688915 0.140394 0.494544 0.582654 -0.80622 0.481998 0.37291 
-1.05133 0.120216 0.270798 -0.678372 -0.963659 -0.895396 0.303346 -0.485104 -0.59438 -0.221289 -0.102612 0.0639984 0.120036 0.68643 -0.207045 -0.495862 0.0421918 0.0772188 0.0441799 0.625508 0.330267 0.89959 0.99769 0.726961 0.0883514 0.466873 0.536524 -0.740398 0.409261 0.367526 
-1.03077 0.102594 0.313249 -0.644284 -0.995144 -0.917328 0.179435 -0.56083 -0.55775 -0.234729 -0.167754 -0.0110501 0.154614 0.652777 -0.130194 -0.431005 0.0573658 0.0269641 -0.021419 0.688867 0.351235 0.805786 0.878838 0.691391 0.117165 0.550498 0.570354 -0.814373 0.38877 0.336038 
-1.12644 0.110838 0.287715 -0.69797 -0.979091 -0.874882 0.303159 -0.518149 -0.511392 -0.166546 -0.109771 0.0409555 0.0564089 0.724826 -0.182165 -0.52158 0.0101217 0.0145444 0.0568805 0.6003 0.318449 0.86667 0.919011 0.768684 0.148974 0.467766 0.588787 -0.758201 0.412325 0.318371 
-1.05727 0.0423284 0.308386 -0.59704 -0.983788 -0.932478 0.204319 -0.550166 -0.546733 -0.240767 -0.109778 -0.0156175 0.175492 0.699132 -0.158919 -0.509169 0.0336198 -0.00943314 0.0153797 0.669005 0.307839 0.868391 0.846765 0.597905 0.144425 0.483436 0.542434 -0.763259 0.396408 0.299421 
-1.03556 0.124262 0.252116 -0.657776 -0.944968 -0.926775 0.248483 -0.509469 -0.545525 -0.251386 -0.113091 -0.00330051 0.0780139 0.681299 -0.210984 -0.506381 0.0231399 0.0698405 0.062372 0.67179 0.253604 0.894447 0.954423 0.689035 0.0853597 0.450545 0.578835 -0.753445 0.422267 0.360564 
-1.01889 0.0655384 0.299897 -0.632788 -0.998303 -0.92435 0.172416 -0.612949 -0.535825 -0.144244 -0.143718 -0.0524719 0.149182 0.647256 -0.138126 -0.440609 0.0120386 0.0462441 -0.00834255 0.713825 0.300534 0.92499 0.913543 0.650253 0.129554 0.519526 0.532692 -0.755236 0.390228 0.330405 
-1.02845 0.124008 0.302934 -0.695823 -0.923917 -0.94541 0.211717 -0.546633 -0.585461 -0.213907 -0.139471 -0.00446977 0.121618 0.722881 -0.127592 -0.467696 -0.0185486 0.0528218 0.0584009 0.676989 0.306689 0.881319 0.951165 0.634206 0.116057 0.445944 0.517506 -0.795506 0.421925 0.351192 
-1.07198 0.0719272 0.305408 -0.651282 -0.887113 -0.882743 0.149806 -0.559224 -0.570923 -0.180485 -0.131816 -0.00894605 0.123517 0.652068 -0.208304 -0.460498 0.0642666 0.0590346 0.0596368 0.706099 0.317742 0.870316 0.924693 0.632937 0.13648 0.452564 0.575919 -0.794012 0.42564 0.352809 
-1.11 0.058725 0.241307 -0.669332 -0.94102 -0.923108 0.251238 -0.490124 -0.514096 -0.196712 -0.0555612 0.00467577 0.103462 0.696677 -0.118461 -0.490136 -0.00750977 0.037402 0.0438623 0.665626 0.316133 0.878426 0.963479 0.726546 0.123714 0.47564 0.566603 -0.775004 0.438729 0.35475 
-1.05959 0.0700418 0.279031 -0.690788 -0.918145 -0.905798 0.275857 -0.533252 -0.527814 -0.16206 -0.131378 0.00359286 0.1016 0.683234 -0.175829 -0.507582 0.00939359 0.074013 0.0688704 0.628691 0.248936 0.894102 0.898556 0.731462 0.129593 0.437402 0.585241 -0.798144 0.399537 0.3517 
-1.0808 0.108587 0.295147 -0.675089 -0.939044 -0.888031 0.168993 -0.512657 -0.587699 -0.214143 -0.128779 -0.0426042 0.157261 0.594075 -0.150783 -0.457893 0.0502555 0.0823825 0.0503176 0.663713 0.338874 0.851663 0.926916 0.644427 0.130493 0.503434 0.546772 -0.835221 0.454158 0.325942 
-1.1066 0.0930849 0.287442 -0.721273 -0.941548 -0.915371 0.275651 -0.544684 -0.592889 -0.2054 -0.149017 -0.0228033 0.107056 0.653032 -0.146252 -0.480116 0.0122606 0.00719473 0.0771072 0.683587 0.321335 0.87466 0.942882 0.624292 0.128961 0.463051 0.538966 -0.789846 0.406216 0.310595 
-1.11645 0.11894 0.302074 -0.681921 -0.903898 -0.887034 0.263215 -0.587018 -0.541609 -0.17 -0.138347 -0.00257228 0.153469 0.725579 -0.206499 -0.525446 0.038216 0.0438989 0.0988945 0.700002 0.292076 0.880858 0.889676 0.707785 0.172798 0.470153 0.61173 -0.798124 0.389887 0.303273 
-1.10579 0.122077 0.300718 -0.666544 -0.880023 -0.896832 0.217454 -0.50138 -0.539302 -0.208521 -0.0815979 0.0517005 0.185009 0.676305 -0.189925 -0.551157 0.00775613 0.0887233 0.110154 0.726413 0.321421 0.888838 0.93526 0.665646 0.168334 0.488469 0.575179 -0.779478 0.4208 0.344084 
-1.09681 0.103214 0.2906 -0.704857 -0.884013 -0.925662 0.233957 -0.553068 -0.560895 -0.160712 -0.132429 0.0171884 0.167523 0.645234 -0.185663 -0.487327 0.0321759 0.104231 0.0796601 0.704681 0.314283 0.868007 0.910599 0.717759 0.155134 0.428107 0.578755 -0.775903 0.379349 0.372133 
-1.07257 0.0703252 0.28129 -0.643592 -0.898784 -0.911545 0.244358 -0.567303 -0.561881 -0.220987 -0.119083 -0.0158957 0.142573 0.670992 -0.166157 -0.483739 0.00222778 0.064734 0.0913288 0.658511 0.317188 0.893549 0.871227 0.644322 0.157268 0.459486 0.593192 -0.776074 0.361823 0.316376 
-1.07982 0.0577088 0.230798 -0.68884 -0.9222 -0.910198 0.264055 -0.53296 -0.567048 -0.215871 -0.142254 -0.00855539 0.108157 0.672044 -0.175335 -0.463716 0.035774 0.0837226 0.0539709 0.685392 0.313472 0.829459 0.885994 0.657252 0.11775 0.477293 0.547018 -0.768626 0.420741 0.312179 
-1.08607 0.107232 0.272471 -0.65198 -0.916656 -0.940702 0.24619 -0.535828 -0.54202 -0.16455 -0.111634 0.010084 0.140447 0.650374 -0.200126 -0.485961 0.0257566 0.060018 0.0578793 0.704758 0.321592 0.875818 0.936401 0.685472 0.169975 0.467987 0.60887 -0.811044 0.370458 0.311522 
-1.07206 0.0766857 0.257457 -0.679559 -0.936182 -0.910304 0.242986 -0.538101 -0.564637 -0.19278 -0.103832 0.0139851 0.13043 0.658744 -0.149885 -0.499679 0.0445931 0.0653703 0.0547729 0.719529 0.295004 0.845217 0.911184 0.677018 0.12447 0.453982 0.592051 -0.771341 0.390901 0.329132 
-1.07042 0.0776068 0.236231 -0.669461 -0.962662 -0.931368 0.245311 -0.524083 -0.561418 -0.191307 -0.113473 0.0287863 0.120345 0.692966 -0.118719 -0.460659 0.0032319 0.0500294 0.0544987 0.643011 0.337242 0.87567 0.928797 0.610195 0.150856 0.417046 0.557223 -0.776605 0.438209 0.301923 
-1.10995 0.106605 0.315366 -0.642961 -0.91182 -0.870497 0.292088 -0.482105 -0.572612 -0.211076 -0.115276 0.00876285 0.101908 0.66351 -0.178975 -0.483977 0.016092 0.025634 0.0597013 0.681184 0.290075 0.866472 0.904165 0.699042 0.167641 0.42218 0.55154 -0.780101 0.401475 0.348112 
-1.08824 0.112207 0.322579 -0.657409 -0.92606 -0.977127 0.260174 -0.52744 -0.501759 -0.200285 -0.200874 0.0179249 0.161469 0.697287 -0.164734 -0.479896 0.036354 0.0432871 0.0450546 0.706153 0.366345 0.85666 0.910107 0.721029 0.12011 0.460971 0.542103 -0.76368 0.37873 0.40034 
-1.02935 0.0338145 0.318467 -0.685295 -0.948918 -0.914411 0.230526 -0.562769 -0.568488 -0.218988 -0.211088 -0.0193414 0.169245 0.637638 -0.154759 -0.417444 0.0367094 -0.0191519 0.119689 0.648552 0.300864 0.910257 0.827685 0.637983 0.152646 0.493249 0.570708 -0.844259 0.444907 0.300465 
-1.07456 0.0864761 0.289194 -0.669765 -0.922916 -0.928112 0.283273 -0.579808 -0.534112 -0.180531 -0.141936 0.052413 0.117602 0.704731 -0.120291 -0.486468 -0.0351852 0.0518672 0.0740086 0.712859 0.293692 0.846199 0.895489 0.700654 0.133881 0.464292 0.548256 -0.782003 0.380631 0.369151 
-1.0799 0.0894927 0.290414 -0.66999 -0.915585 -0.923058 0.221888 -0.526841 -0.566803 -0.194879 -0.142997 -0.0282371 0.11164 0.687214 -0.146883 -0.501255 0.00466099 0.0625382 0.101612 0.634193 0.330922 0.891537 0.90781 0.662254 0.155535 0.46576 0.570277 -0.79844 0.36925 0.284334 
-1.0434 0.11739 0.263138 -0.708896 -0.950585 -0.94242 0.252065 -0.550802 -0.550787 -0.192739 -0.125629 0.0497471 0.152785 0.665341 -0.155977 -0.516573 0.0392822 0.017539 0.0696516 0.639309 0.342011 0.889887 0.926864 0.633781 0.108706 0.470218 0.546015 -0.730071 0.401814 0.337759 
-1.07225 0.0966569 0.275336 -0.692685 -0.899844 -0.916072 0.256134 -0.523605 -0.569244 -0.178082 -0.158172 -0.0313661 0.123307 0.671777 -0.1358 -0.482337 0.049972 0.0326501 0.0780792 0.658456 0.311281 0.871824 0.948055 0.687672 0.162247 0.468692 0.594941 -0.807781 0.417419 0.303615 
-1.12192 0.0965092 0.275918 -0.724524 -0.914656 -0.936309 0.246573 -0.526788 -0.497765 -0.183996 -0.138624 0.0198035 0.140193 0.682069 -0.12788 -0.456078 -0.0257292 0.0226263 0.0499556 0.677637 0.263098 0.824842 0.899388 0.706188 0.141081 0.432457 0.563303 -0.820791 0.395688 0.344661 
-1.03444 0.107426 0.275841 -0.677812 -0.901482 -0.923866 0.188894 -0.510406 -0.520911 -0.186415 -0.119312 -0.0205931 0.163291 0.66696 -0.19484 -0.483553 0.0334909 0.0195849 0.0304333 0.669518 0.269172 0.887268 0.92508 0.692671 0.132185 0.483945 0.543119 -0.795492 0.39482 0.325632 
-1.10994 0.12034 0.308203 -0.679787 -0.946574 -0.932911 0.224734 -0.517325 -0.595649 -0.218498 -0.11848 0.00731443 0.155817 0.677739 -0.188323 -0.494755 0.00300015 0.0631423 0.0969222 0.660204 0.323268 0.883625 0.905794 0.686532 0.167857 0.451555 0.594431 -0.787977 0.406824 0.30063 
-1.07096 0.0466512 0.273359 -0.667769 -0.939651 -0.888214 0.201097 -0.554055 -0.499516 -0.162114 -0.100666 0.0304999 0.152448 0.740733 -0.175921 -0.446367 0.0100087 0.0266158 0.0206173 0.711868 0.277871 0.869251 0.871893 0.638502 0.116996 0.478752 0.580811 -0.741133 0.41237 0.311575 
-1.05348 0.0913887 0.271121 -0.683462 -0.896545 -0.891992 0.299418 -0.501886 -0.543529 -0.236296 -0.132343 0.0702147 0.106827 0.674775 -0.139878 -0.470422 -0.0161166 0.0452738 0.0368444 0.658237 0.321803 0.89353 0.93912 0.743712 0.0919542 0.436555 0.570242 -0.725881 0.438195 0.368402 
-1.09429 0.0963039 0.242637 -0.659954 -0.898173 -0.897187 0.220293 -0.518227 -0.566929 -0.190845 -0.129942 0.0129125 0.113431 0.664595 -0.159677 -0.504845 -0.0140291 0.0712291 0.0879141 0.662235 0.28784 0.896183 0.935928 0.720133 0.171385 0.46016 0.556 -0.781352 0.383906 0.358472 
-1.06823 0.0600294 0.28562 -0.703193 -0.909447 -0.947332 0.223773 -0.522043 -0.558217 -0.223743 -0.0957381 -0.00695489 0.142564 0.667074 -0.160584 -0.483859 0.00689559 0.0635889 0.0711513 0.682883 0.308854 0.891954 0.917876 0.642022 0.105419 0.457538 0.585303 -0.788736 0.418665 0.339623 
-1.04229 0.123349 0.258893 -0.665683 -0.901809 -0.920483 0.280115 -0.560845 -0.564596 -0.164937 -0.140542 0.0430059 0.134169 0.700823 -0.151917 -0.496259 0.00678315 0.0723469 0.0551279 0.690483 0.332935 0.830967 0.908791 0.655013 0.13692 0.452576 0.595762 -0.767909 0.352577 0.315833 
-1.04744 0.089361 0.244304 -0.66391 -0.919769 -0.877746 0.22403 -0.48068 -0.539063 -0.207943 -0.122437 0.0625913 0.129434 0.678597 -0.127668 -0.493323 0.0394776 0.0637477 0.0757469 0.662387 0.293357 0.909287 0.901524 0.711512 0.153263 0.421852 0.576531 -0.71769 0.41476 0.326251 
-1.05354 0.10979 0.256988 -0.688827 -0.909689 -0.930025 0.238192 -0.547031 -0.546698 -0.152928 -0.154092 0.0784839 0.148301 0.66961 -0.203534 -0.507944 0.0107365 0.0237383 0.0604292 0.700379 0.285264 0.875459 0.868104 0.662914 0.180902 0.426586 0.583138 -0.758567 0.366483 0.322325 
-1.04222 0.064448 0.291953 -0.702787 -0.940349 -0.904804 0.239074 -0.55017 -0.497699 -0.186341 -0.137544 0.0764789 0.125568 0.675582 -0.128434 -0.487674 -0.0295459 0.0224158 0.0393315 0.749677 0.333964 0.881059 0.870401 0.697762 0.148854 0.449829 0.606196 -0.768055 0.395634 0.30246 
-1.05494 0.0678774 0.273082 -0.684804 -0.876296 -0.9148 0.232777 -0.576233 -0.519825 -0.13775 -0.120173 0.00815557 0.127461 0.679141 -0.154329 -0.488971 0.0260148 0.0166111 0.0318675 0.684352 0.343458 0.836697 0.886905 0.639518 0.154442 0.462767 0.588215 -0.754315 0.380455 0.338213 
-1.05422 0.0992903 0.297549 -0.636295 -0.889479 -0.864506 0.278232 -0.548464 -0.538046 -0.222025 -0.0813021 0.0249206 0.11325 0.683083 -0.18444 -0.520295 0.0130995 0.00352494 0.0452459 0.69185 0.318654 0.91004 0.95604 0.705176 0.0970623 0.413587 0.551477 -0.749987 0.434749 0.415489 
-1.09318 0.11323 0.273002 -0.682039 -0.902102 -0.925981 0.214914 -0.561417 -0.537978 -0.171282 -0.125895 0.0176579 0.162327 0.670284 -0.150547 -0.467192 0.0131386 0.0585308 0.0636044 0.669306 0.32326 0.902089 0.941762 0.720002 0.162477 0.505804 0.549902 -0.794272 0.418591 0.35378 
-1.08873 0.0742266 0.279752 -0.66515 -0.95495 -0.892229 0.183881 -0.497377 -0.534866 -0.189341 -0.132193 0.0216586 0.117308 0.624095 -0.163093 -0.454395 0.0203638 0.0458041 0.0750835 0.700568 0.321685 0.88612 0.94584 0.670744 0.147786 0.471263 0.52997 -0.788349 0.424332 0.347376 
-1.07571 0.0697338 0.268773 -0.667327 -0.915024 -0.960259 0.163631 -0.509443 -0.561251 -0.207743 -0.147691 -0.0389642 0.184892 0.621334 -0.130117 -0.466272 0.0349988 0.0423462 0.0755747 0.720275 0.360232 0.893576 0.934949 0.680448 0.106388 0.50261 0.518069 -0.858805 0.406407 0.290335 
-1.07955 0.105424 0.260034 -0.677415 -0.875102 -0.879408 0.254423 -0.458996 -0.549776 -0.244575 -0.146254 0.0647059 0.0722093 0.610436 -0.146951 -0.489819 -0.00645072 0.0467812 -0.00759668 0.65238 0.34929 0.94057 0.936915 0.697508 0.10964 0.450025 0.597791 -0.777482 0.43917 0.380416 
-1.10337 0.0769775 0.272512 -0.663141 -0.918742 -0.894306 0.156945 -0.559306 -0.573735 -0.164206 -0.152905 0.00249351 0.14651 0.658101 -0.186817 -0.488052 0.0334987 0.0327147 0.0481062 0.677857 0.349056 0.855386 0.925314 0.68574 0.152311 0.485779 0.580722 -0.778935 0.455184 0.329993 
-1.07989 0.0732621 0.262719 -0.65194 -0.915636 -0.923414 0.221024 -0.551432 -0.536886 -0.185115 -0.141411 0.020046 0.143982 0.660368 -0.175727 -0.495243 0.0398873 0.0716344 0.0736217 0.717186 0.316108 0.879465 0.919843 0.663862 0.151801 0.431413 0.577986 -0.810288 0.394725 0.304034 
-1.07942 0.0676582 0.261016 -0.654644 -0.930414 -0.93717 0.231383 -0.535532 -0.513006 -0.189457 -0.128391 0.0111938 0.123237 0.681312 -0.178519 -0.524906 -0.027004 0.0617587 0.0881005 0.734445 0.300344 0.851895 0.88977 0.685065 0.136947 0.415998 0.601533 -0.757884 0.430164 0.325092 
-1.06025 0.0997926 0.273142 -0.66491 -0.912103 -0.923704 0.253792 -0.53113 -0.512414 -0.19876 -0.120546 0.0504101 0.13073 0.681788 -0.170698 -0.463255 -0.0105698 0.00237477 0.0785043 0.720854 0.29721 0.857852 0.895037 0.663739 0.136772 0.429748 0.544902 -0.783953 0.413767 0.350753 
-1.03758 0.0814032 0.248353 -0.682703 -0.932959 -0.924065 0.226494 -0.55116 -0.510633 -0.204716 -0.126255 0.0235293 0.117409 0.661682 -0.159551 -0.478973 0.00607712 -0.000935395 0.0510706 0.728553 0.293974 0.86369 0.888989 0.674534 0.157113 0.449871 0.567225 -0.800907 0.424301 0.355659 
-1.07763 0.11248 0.283143 -0.663121 -0.887665 -0.925981 0.273208 -0.530714 -0.494445 -0.187468 -0.143089 0.0284086 0.13961 0.705591 -0.178734 -0.47377 -0.00886293 0.0195556 0.0970259 0.705453 0.319584 0.860294 0.87517 0.660215 0.158639 0.422277 0.54074 -0.776029 0.434523 0.36342 
-1.07491 0.109949 0.265291 -0.629753 -0.900051 -0.964624 0.272182 -0.584738 -0.493905 -0.175491 -0.132865 0.0190912 0.164744 0.68781 -0.210905 -0.460835 0.0498689 0.058293 0.0265074 0.71517 0.316878 0.857963 0.918172 0.676775 0.167959 0.455222 0.591345 -0.794403 0.343648 0.354443 
-1.07368 0.0906859 0.255136 -0.626386 -0.914239 -0.950165 0.286927 -0.60094 -0.51328 -0.173557 -0.130241 0.0449864 0.186332 0.671562 -0.198673 -0.444177 0.0275875 0.065041 0.0437184 0.740655 0.318117 0.841511 0.918554 0.681467 0.185893 0.475206 0.573816 -0.797493 0.347925 0.32946 
-1.07708 0.125616 0.270974 -0.642875 -0.885329 -0.947167 0.282286 -0.559665 -0.48736 -0.189331 -0.152848 0.00619916 0.146702 0.697378 -0.2178 -0.447593 0.0463466 0.0454257 0.037281 0.723284 0.312096 0.868416 0.94158 0.683557 0.157447 0.452669 0.615367 -0.786456 0.370951 0.376467 
-1.05199 0.0472673 0.278209 -0.714941 -0.909821 -0.94329 0.244077 -0.567307 -0.512826 -0.145674 -0.116723 0.0511296 0.139354 0.69843 -0.122613 -0.464783 -0.00467675 -0.0256382 0.0490238 0.75714 0.297824 0.847804 0.86901 0.655415 0.0969704 0.425281 0.582478 -0.741164 0.398605 0.331527 
-1.06734 0.0666302 0.25894 -0.711129 -0.909807 -0.916089 0.262525 -0.55404 -0.487737 -0.171607 -0.114983 0.0558627 0.15152 0.706158 -0.124793 -0.44154 -0.0143669 -0.0229945 0.0538175 0.746131 0.299384 0.872888 0.87746 0.628991 0.103484 0.449373 0.57504 -0.724967 0.416074 0.358973 
-1.03755 0.0291787 0.284082 -0.693945 -0.912264 -0.941401 0.2296 -0.588457 -0.51571 -0.142941 -0.105337 0.0651791 0.161276 0.699758 -0.124454 -0.445211 0.0166679 -0.00721635 0.0281406 0.733632 0.30977 0.845501 0.863528 0.682288 0.101897 0.418691 0.597282 -0.741103 0.392703 0.350124 
-1.07385 0.0950807 0.267001 -0.656489 -0.876987 -0.941033 0.24832 -0.57411 -0.52167 -0.166437 -0.131798 0.00752595 0.159626 0.666063 -0.197782 -0.488175 0.0282504 0.0552107 0.0500702 0.692211 0.337133 0.860272 0.896273 0.651158 0.180125 0.441076 0.609522 -0.810017 0.361258 0.32671 
-1.07769 0.08941 0.268836 -0.670984 -0.870989 -0.949886 0.233014 -0.568521 -0.504812 -0.142794 -0.123087 0.0183191 0.143199 0.659284 -0.220001 -0.47115 0.0447772 0.0343165 0.0357975 0.71947 0.354577 0.851027 0.875698 0.629188 0.154224 0.447529 0.595226 -0.795192 0.353099 0.31844 
-1.07026 0.119502 0.262564 -0.664174 -0.864888 -0.920425 0.248054 -0.547947 -0.526218 -0.13951 -0.134159 0.0113234 0.172362 0.680955 -0.216084 -0.509444 0.0370402 0.0714489 0.0670716 0.677736 0.317307 0.832249 0.920037 0.673079 0.159895 0.426265 0.623057 -0.821694 0.384112 0.329583 
-1.07301 0.0762809 0.279101 -0.672966 -0.948936 -0.913533 0.17795 -0.533737 -0.577709 -0.209235 -0.143473 -0.0397667 0.173701 0.627194 -0.169374 -0.456566 0.0364269 0.032635 0.0626459 0.68504 0.34166 0.889535 0.918665 0.659597 0.149485 0.484737 0.543086 -0.810218 0.445425 0.34144 
-1.08371 0.0983492 0.257197 -0.684028 -0.97433 -0.889686 0.164108 -0.521757 -0.553087 -0.231873 -0.136 -0.0137894 0.147182 0.637572 -0.184815 -0.445156 0.0461678 0.052721 0.0891331 0.690817 0.34619 0.88166 0.929483 0.687169 0.15355 0.511072 0.550979 -0.784134 0.436076 0.368472 
-1.05746 0.102745 0.26927 -0.676568 -0.965853 -0.917239 0.172875 -0.509375 -0.587184 -0.215501 -0.169262 -0.0460948 0.147495 0.601557 -0.195868 -0.445205 0.0135747 0.0142812 0.0568156 0.685266 0.361408 0.870212 0.928477 0.646785 0.174261 0.465029 0.525186 -0.826063 0.434388 0.339354 
-1.06819 0.100201 0.248622 -0.661717 -0.94011 -0.917382 0.237274 -0.551658 -0.537771 -0.186557 -0.1036 0.0299652 0.118561 0.650264 -0.169093 -0.49801 0.00231615 0.0295625 0.0507091 0.626145 0.263685 0.888883 0.92463 0.753492 0.101824 0.449623 0.572465 -0.789131 0.431668 0.337451 
-1.05271 0.0871101 0.25835 -0.662059 -0.932829 -0.908134 0.239589 -0.575548 -0.523086 -0.161151 -0.112849 0.0148095 0.119853 0.655988 -0.164802 -0.47788 0.0273509 0.0229719 0.0547729 0.61451 0.279488 0.895292 0.903275 0.7293 0.106727 0.429833 0.584347 -0.808449 0.448448 0.337067 
-1.06625 0.117668 0.25309 -0.664247 -0.914698 -0.912621 0.264184 -0.543738 -0.564609 -0.199008 -0.120998 0.04129 0.111654 0.652578 -0.181107 -0.490704 -0.0237605 0.0571607 0.0781058 0.617412 0.277966 0.865956 0.915264 0.749935 0.0803851 0.441836 0.549722 -0.815808 0.40623 0.363972 
-1.07988 0.0779216 0.275608 -0.694508 -0.943461 -0.894148 0.251811 -0.52184 -0.529805 -0.215468 -0.0876093 0.0504442 0.154009 0.668672 -0.173117 -0.501754 0.0158313 0.027626 0.0887591 0.664271 0.310284 0.869092 0.944011 0.683108 0.175932 0.423066 0.586121 -0.74292 0.432945 0.338605 
-1.07242 0.0623637 0.260974 -0.692778 -0.930913 -0.887068 0.227568 -0.527046 -0.524737 -0.228478 -0.0830702 0.060582 0.149354 0.676379 -0.170096 -0.488577 0.0431871 0.00997126 0.104716 0.661225 0.331475 0.887995 0.960054 0.67767 0.174589 0.442325 0.564524 -0.742081 0.460445 0.363532 
-1.09991 0.0812711 0.270531 -0.699574 -0.953236 -0.90436 0.269432 -0.541716 -0.506601 -0.198042 -0.0729185 0.0352178 0.164823 0.647457 -0.200586 -0.515641 0.0400612 0.0423992 0.0813655 0.643507 0.289977 0.871225 0.943326 0.692736 0.201415 0.439436 0.573678 -0.734794 0.409161 0.333987 
-1.06067 0.099184 0.264028 -0.671043 -0.92117 -0.91224 0.234934 -0.540905 -0.538678 -0.188947 -0.102623 0.0267098 0.145662 0.671494 -0.169943 -0.497473 0.0149535 0.0446696 0.0635078 0.674409 0.309942 0.889999 0.923966 0.701451 0.158191 0.448675 0.565898 -0.752361 0.411769 0.336777 
-1.07388 0.0950262 0.270273 -0.696511 -0.947405 -0.885994 0.212812 -0.542308 -0.518526 -0.191097 -0.0860383 0.0121308 0.160245 0.657748 -0.143811 -0.511446 0.00468837 0.0210388 0.0440223 0.656029 0.28288 0.89719 0.946777 0.678631 0.156206 0.434546 0.583153 -0.754605 0.385551 0.351262 
-1.05828 0.0954592 0.23935 -0.682758 -0.939913 -0.930595 0.213464 -0.561566 -0.554482 -0.165097 -0.119152 0.0259411 0.154359 0.66756 -0.193602 -0.486583 0.00776767 0.0570163 0.0450659 0.699307 0.327204 0.9102 0.927203 0.690251 0.161854 0.437391 0.566898 -0.761113 0.434749 0.315555 
-1.04431 0.0942727 0.260253 -0.686837 -0.938678 -0.893211 0.179125 -0.540743 -0.544149 -0.22622 -0.172006 -0.0286627 0.180862 0.653863 -0.150755 -0.48237 0.0163147 0.0339791 0.0514005 0.662698 0.312735 0.866998 0.897508 0.647768 0.120656 0.490988 0.542401 -0.841951 0.444367 0.315649 
-1.03339 0.0895044 0.241346 -0.693298 -0.919344 -0.890164 0.194434 -0.537279 -0.568083 -0.216733 -0.156184 -0.0227113 0.163582 0.63139 -0.144748 -0.493932 0.00469975 0.0143113 0.0563095 0.645236 0.333729 0.867066 0.920831 0.633111 0.144562 0.464671 0.52806 -0.815202 0.438315 0.321884 
-1.01756 0.0757207 0.259807 -0.696328 -0.931952 -0.884691 0.202582 -0.523503 -0.528014 -0.204196 -0.174661 -0.0161844 0.166265 0.641818 -0.168905 -0.455683 0.0282492 0.0550763 0.0776773 0.657053 0.31133 0.844559 0.894904 0.629078 0.13499 0.483776 0.516747 -0.864595 0.471936 0.341133 
-1.06191 0.106462 0.22183 -0.693293 -0.872043 -0.866986 0.244938 -0.470346 -0.556317 -0.233267 -0.111987 0.0767656 0.136851 0.651144 -0.155442 -0.468171 -0.016321 0.00964407 0.0650559 0.645912 0.332854 0.917824 0.940713 0.724342 0.106619 0.432091 0.555197 -0.750824 0.445822 0.39416 
-1.04415 0.0861512 0.230958 -0.714749 -0.884425 -0.870443 0.218229 -0.481981 -0.574877 -0.230074 -0.086134 0.103237 0.116525 0.670927 -0.155494 -0.484074 -0.0246897 0.015609 0.0707809 0.62106 0.353003 0.893188 0.922217 0.713703 0.122472 0.420349 0.543159 -0.761972 0.46719 0.392162 
-1.04686 0.125719 0.215071 -0.720732 -0.847837 -0.842869 0.222019 -0.465825 -0.574787 -0.215943 -0.116877 0.0557949 0.152906 0.636594 -0.181941 -0.482227 -0.0175376 0.0230129 0.0594899 0.667141 0.312433 0.928937 0.928083 0.704623 0.0908564 0.406481 0.578732 -0.741407 0.421742 0.377529 
-1.06828 0.0683795 0.278605 -0.686717 -0.928391 -0.930704 0.186839 -0.55381 -0.553005 -0.168984 -0.138009 -0.0269012 0.143096 0.679644 -0.153908 -0.459822 0.0106013 -0.0105525 0.0525481 0.691371 0.310024 0.871926 0.914586 0.659296 0.11705 0.48137 0.564658 -0.787342 0.410541 0.333315 
-1.07422 0.102334 0.264806 -0.667086 -0.90347 -0.934339 0.251353 -0.552628 -0.510232 -0.183337 -0.128724 0.0193345 0.156357 0.674761 -0.191533 -0.463907 0.0167272 0.0576729 0.0554815 0.683897 0.312036 0.87847 0.918344 0.697131 0.167308 0.449253 0.582141 -0.775933 0.393432 0.341193 
-1.07931 0.104429 0.266435 -0.656359 -0.90756 -0.905759 0.270366 -0.524964 -0.523238 -0.183983 -0.102613 0.0232507 0.157938 0.669057 -0.210015 -0.472394 0.0214679 0.034518 0.0480864 0.670852 0.312925 0.864127 0.93597 0.676926 0.171791 0.435587 0.590572 -0.760307 0.381254 0.350445 
-1.06258 0.0988067 0.275258 -0.671008 -0.938322 -0.918896 0.211702 -0.531597 -0.557781 -0.203351 -0.133041 -0.0142568 0.156222 0.634846 -0.169775 -0.458743 0.00691831 0.0309705 0.0635493 0.712399 0.300639 0.870497 0.895841 0.663352 0.137359 0.480818 0.544514 -0.799411 0.419894 0.341458 
-1.04571 0.0937045 0.268037 -0.709209 -0.91256 -0.918896 0.211015 -0.544579 -0.526154 -0.158918 -0.128921 0.0372562 0.175495 0.690202 -0.145009 -0.480452 0.00586236 0.02972 0.0510794 0.692718 0.302269 0.862853 0.881642 0.651987 0.0995438 0.437421 0.543056 -0.754066 0.404221 0.322471 
-1.06399 0.103592 0.264549 -0.663529 -0.924251 -0.93522 0.250903 -0.580067 -0.49735 -0.214124 -0.142042 -0.0285625 0.171781 0.655077 -0.167054 -0.461654 0.0363737 0.0540929 0.0398021 0.676607 0.3163 0.861371 0.906301 0.662584 0.166125 0.473722 0.58752 -0.830162 0.372633 0.347603 
-1.06888 0.0967939 0.278751 -0.671397 -0.925513 -0.915448 0.194216 -0.531257 -0.537314 -0.206286 -0.134899 -0.0202013 0.157292 0.672854 -0.169408 -0.460092 0.0219083 0.0280727 0.0765231 0.698529 0.313103 0.886799 0.906357 0.662351 0.14896 0.460986 0.544202 -0.791439 0.427357 0.347874 
-1.05053 0.096819 0.2639 -0.679728 -0.930745 -0.90578 0.198636 -0.540775 -0.541925 -0.214624 -0.166483 0.00838693 0.171907 0.655496 -0.166267 -0.492989 0.0159416 0.0365987 0.0567896 0.670755 0.310743 0.887687 0.901221 0.687628 0.142405 0.473226 0.549054 -0.759776 0.437847 0.325034 
-1.0719 0.099157 0.267682 -0.659923 -0.886182 -0.927595 0.24998 -0.562114 -0.517343 -0.170293 -0.124063 0.0428864 0.154408 0.666343 -0.178599 -0.487251 0.00744239 0.0496289 0.0675921 0.716068 0.31437 0.859478 0.895571 0.656503 0.167332 0.433496 0.604891 -0.789906 0.403191 0.330438 
-1.07298 0.0803659 0.278941 -0.670995 -0.947184 -0.914807 0.204887 -0.54104 -0.539566 -0.194782 -0.13087 -0.011567 0.121763 0.64357 -0.169215 -0.494981 0.0238982 0.0321375 0.0608536 0.657154 0.275195 0.88943 0.922258 0.687944 0.120443 0.456565 0.560909 -0.803497 0.44231 0.340005 
-1.07334 0.0851395 0.275886 -0.662581 -0.943125 -0.938582 0.230243 -0.565888 -0.524692 -0.195984 -0.13852 -0.0252828 0.16987 0.637212 -0.170571 -0.472492 0.0363752 0.0532867 0.0613759 0.690766 0.338588 0.868161 0.913643 0.657081 0.17718 0.474426 0.565768 -0.810067 0.390059 0.328393 
-1.05706 0.0741889 0.278589 -0.693687 -0.913331 -0.939591 0.227214 -0.547356 -0.544102 -0.181395 -0.128603 -0.0265951 0.160014 0.646305 -0.151108 -0.460669 0.000460781 0.0195216 0.0618504 0.715425 0.333176 0.860319 0.881182 0.655668 0.139763 0.457486 0.561834 -0.742229 0.422385 0.34076 
-1.07653 0.0974178 0.275079 -0.658987 -0.926481 -0.940191 0.268432 -0.553824 -0.506762 -0.208283 -0.10783 0.0482594 0.163358 0.684411 -0.200419 -0.482152 0.0262274 0.0432687 0.0496301 0.711356 0.313226 0.862385 0.943275 0.680619 0.1754 0.424919 0.589636 -0.764662 0.348123 0.351327 
-1.06359 0.0782653 0.27398 -0.68567 -0.942054 -0.900101 0.243031 -0.536744 -0.5377 -0.194367 -0.0959834 0.0478745 0.146872 0.670176 -0.170213 -0.500355 0.0156908 0.0393035 0.064651 0.665598 0.310002 0.86921 0.942155 0.699284 0.162011 0.426265 0.568088 -0.750709 0.417138 0.33857 
-1.05895 0.0951296 0.249243 -0.678305 -0.939198 -0.914717 0.221341 -0.545579 -0.543648 -0.193958 -0.126558 -0.0210652 0.144016 0.65279 -0.166394 -0.485168 0.00538683 0.0321139 0.0510772 0.638748 0.291664 0.881312 0.915282 0.689847 0.102757 0.450616 0.546212 -0.821616 0.433396 0.321593 
-1.07414 0.109579 0.229222 -0.669964 -0.892787 -0.881426 0.268138 -0.486458 -0.495181 -0.212237 -0.130045 0.024289 0.1589 0.654936 -0.177889 -0.463603 -0.0100775 0.0119357 0.0267403 0.698395 0.326887 0.874251 0.93786 0.707616 0.137544 0.446814 0.566767 -0.784499 0.444928 0.367505 
-1.06246 0.104381 0.241214 -0.665971 -0.919095 -0.878357 0.238564 -0.511707 -0.545523 -0.207057 -0.111523 0.0489285 0.128903 0.650683 -0.159909 -0.470644 -0.0126186 0.0275374 0.0521703 0.634412 0.30895 0.914908 0.936386 0.729143 0.105463 0.442821 0.566337 -0.754704 0.431922 0.367185 
-1.06123 0.106059 0.257046 -0.684194 -0.907044 -0.877004 0.244653 -0.490715 -0.553456 -0.200433 -0.104418 0.0675154 0.14492 0.658936 -0.156682 -0.479196 -0.00804502 0.0296302 0.0638841 0.655953 0.326689 0.906037 0.940436 0.715004 0.133389 0.434676 0.559996 -0.752271 0.431056 0.36994 
-1.07764 0.0831863 0.267806 -0.639316 -0.90302 -0.912098 0.265749 -0.564703 -0.501198 -0.207677 -0.125646 0.0480446 0.157659 0.682781 -0.209727 -0.488805 0.0333652 0.0332377 0.0816631 0.664444 0.312181 0.867633 0.92465 0.67997 0.17145 0.427396 0.588567 -0.789776 0.413678 0.351381 
-1.05328 0.0672727 0.259761 -0.695711 -0.908409 -0.936917 0.244253 -0.478468 -0.545482 -0.150976 -0.113452 0.066721 0.139037 0.688949 -0.131596 -0.466049 -0.00812612 0.0010734 0.0627581 0.737795 0.303712 0.857971 0.934256 0.664866 0.104438 0.425802 0.58238 -0.744417 0.441248 0.338047 
