-1.06698 0.0804873 0.242241 -0.645424 -0.896141 -0.911734 0.237294 -0.578866 -0.489657 -0.14366 -0.125738 0.0650967 0.177475 0.687736 -0.164671 -0.509607 0.0133521 0.0686152 0.0394769 0.711462 0.341301 0.833515 0.910497 0.672725 0.187449 0.42017 0.584309 -0.789437 0.387432 0.315061 
-1.06758 0.0696395 0.270141 -0.696695 -0.958018 -0.915812 0.230596 -0.530075 -0.503784 -0.175566 -0.13616 0.0989739 0.11939 0.683149 -0.107997 -0.483872 -0.0226327 0.0284792 0.0191274 0.754052 0.347194 0.863468 0.861974 0.711477 0.165682 0.452581 0.627844 -0.747481 0.379211 0.330267 
-1.06325 0.0558034 0.242231 -0.656333 -0.919689 -0.926485 0.246939 -0.569826 -0.558316 -0.176195 -0.122757 -0.00711774 0.168103 0.675359 -0.173004 -0.466774 0.0281484 0.0448721 0.0506679 0.714787 0.3385 0.875158 0.933404 0.640261 0.148756 0.439601 0.561581 -0.816342 0.393673 0.291071 
-1.06631 0.0873157 0.269788 -0.685581 -0.891993 -0.950402 0.293202 -0.505837 -0.466096 -0.188987 -0.146745 0.0263641 0.131433 0.690327 -0.167076 -0.46375 0.0141004 -0.00121613 0.0805696 0.681818 0.347228 0.877493 0.883702 0.66763 0.181411 0.446919 0.565172 -0.781048 0.450504 0.389707 
-1.07658 0.0999961 0.298527 -0.667281 -0.935779 -0.917401 0.192972 -0.510936 -0.541024 -0.218596 -0.11025 0.0016835 0.148541 0.659465 -0.164406 -0.437852 -0.000133845 0.0397942 0.0838663 0.713627 0.285648 0.880026 0.870605 0.682301 0.143032 0.507728 0.56763 -0.771807 0.442445 0.35756 
-1.06541 0.0917866 0.297976 -0.618046 -0.869952 -0.837118 0.302423 -0.564283 -0.511794 -0.196789 -0.0730821 0.0235708 0.101148 0.6679 -0.173603 -0.525785 0.0307547 0.0243112 0.0477268 0.702475 0.295976 0.892861 0.939012 0.684285 0.0728881 0.441783 0.52564 -0.745346 0.460417 0.387142 
-1.0868 0.110253 0.280699 -0.678647 -0.915593 -0.895895 0.260938 -0.549208 -0.550215 -0.149768 -0.139533 -0.0592662 0.11261 0.674778 -0.147538 -0.501537 0.0720718 0.0244066 0.102095 0.676188 0.306472 0.845727 0.949365 0.67898 0.153391 0.467685 0.610007 -0.791314 0.442582 0.277044 
-1.08874 0.0851318 0.251154 -0.657739 -0.942096 -0.953328 0.25606 -0.55141 -0.56336 -0.191033 -0.115446 0.0323206 0.134536 0.68297 -0.111821 -0.436802 -0.00405622 0.0418495 0.0265071 0.635172 0.340975 0.903781 0.908094 0.584778 0.133579 0.388864 0.55835 -0.793218 0.423309 0.317219 
-1.05718 0.0850459 0.276277 -0.675431 -0.919811 -0.909366 0.241204 -0.551104 -0.520734 -0.159956 -0.145939 0.0454657 0.167473 0.674348 -0.188693 -0.48591 0.0106599 0.0755539 0.0330595 0.663142 0.308607 0.881899 0.944261 0.682168 0.141057 0.429803 0.576187 -0.751657 0.396224 0.346833 
-1.05061 0.0949018 0.258362 -0.695768 -0.949285 -0.901343 0.24506 -0.564943 -0.586429 -0.213894 -0.0967057 0.000780844 0.125754 0.670899 -0.161917 -0.519732 0.020714 0.0770347 0.0477775 0.723394 0.304232 0.823116 0.934792 0.674101 0.114832 0.42824 0.574237 -0.798244 0.373389 0.349371 
-1.09369 0.091403 0.258161 -0.687025 -0.873243 -0.913032 0.234334 -0.524931 -0.54812 -0.2137 -0.114569 0.0278327 0.138279 0.690976 -0.177671 -0.519578 0.00258061 0.0875831 0.109345 0.671046 0.31613 0.890723 0.951836 0.697987 0.180137 0.483138 0.528871 -0.787236 0.400086 0.371371 
-1.10644 0.134874 0.272233 -0.649703 -0.948358 -0.878716 0.181083 -0.520235 -0.591294 -0.238649 -0.118831 -0.0634086 0.129886 0.619652 -0.145059 -0.436266 0.0775398 0.0818316 0.035966 0.666686 0.320952 0.874651 0.921737 0.645095 0.114323 0.480967 0.539376 -0.852161 0.427304 0.335194 
-1.05741 0.120359 0.272911 -0.662853 -0.901692 -0.896232 0.245466 -0.547497 -0.486379 -0.226901 -0.125748 0.0551345 0.14608 0.687289 -0.197689 -0.438071 -0.0359042 -0.00288368 0.10133 0.716883 0.305891 0.843043 0.917575 0.65838 0.123011 0.427664 0.560909 -0.796488 0.411348 0.34734 
-1.03075 0.0577602 0.251362 -0.695325 -0.924243 -0.901178 0.203081 -0.525455 -0.521829 -0.186483 -0.152418 0.0105311 0.109146 0.65364 -0.180465 -0.487261 0.0269164 0.022917 0.0508725 0.751178 0.320764 0.887466 0.892172 0.658647 0.163689 0.435064 0.58458 -0.804663 0.402469 0.346869 
-1.09401 0.0915753 0.259269 -0.69365 -0.951529 -0.88454 0.168743 -0.547627 -0.529665 -0.222518 -0.133157 -0.00801906 0.135269 0.614235 -0.196591 -0.428692 0.0502609 0.074836 0.0749997 0.712692 0.319584 0.89645 0.93825 0.682297 0.148116 0.511218 0.569556 -0.756066 0.446584 0.387866 
-1.03446 0.0801657 0.25367 -0.677316 -0.930279 -0.90608 0.170982 -0.553731 -0.564597 -0.225628 -0.173037 -0.014924 0.151038 0.644876 -0.141407 -0.471024 0.0150125 0.0269633 0.0691237 0.680909 0.323134 0.871862 0.879806 0.690322 0.15691 0.478973 0.534177 -0.749271 0.420716 0.320631 
-1.06653 0.106242 0.263012 -0.65799 -0.90086 -0.920267 0.285957 -0.573914 -0.481898 -0.191462 -0.162829 0.0303485 0.119571 0.709026 -0.219639 -0.459898 0.0654423 0.0329389 0.0590508 0.701309 0.306791 0.892663 0.96045 0.695731 0.151694 0.480423 0.640148 -0.810195 0.372232 0.388857 
-1.04692 0.0484326 0.312533 -0.683159 -0.904829 -0.950625 0.220783 -0.499689 -0.543966 -0.206904 -0.102667 -0.0109809 0.155645 0.646286 -0.169624 -0.490616 -0.00750556 0.0638427 0.0883603 0.687912 0.308946 0.875652 0.897328 0.649932 0.0957599 0.45804 0.570587 -0.788684 0.419455 0.319304 
-1.05993 0.0645568 0.300527 -0.667836 -0.933946 -0.933859 0.226134 -0.566316 -0.540664 -0.200304 -0.129953 -0.0417075 0.164845 0.627538 -0.146434 -0.454463 0.0238236 -0.00322165 0.0413978 0.704406 0.320853 0.879253 0.886765 0.683729 0.145026 0.450974 0.554376 -0.715799 0.421733 0.352399 
-1.07483 0.090725 0.260329 -0.649317 -0.930494 -0.942724 0.248997 -0.529958 -0.515864 -0.180199 -0.115524 0.0336087 0.155578 0.659417 -0.200414 -0.473754 0.0441415 0.0513053 0.062746 0.731499 0.296401 0.849359 0.909595 0.692808 0.174196 0.455045 0.587526 -0.824893 0.391268 0.326648 
-1.07474 0.0574052 0.259166 -0.658882 -0.955437 -0.902858 0.161289 -0.530615 -0.532889 -0.171805 -0.122672 -0.0162244 0.115737 0.672645 -0.152187 -0.462376 -0.00224077 -0.0363026 0.0740487 0.675865 0.304818 0.88961 0.924147 0.665329 0.113315 0.458783 0.58038 -0.774806 0.400273 0.307634 
-1.1202 0.10373 0.299723 -0.671948 -0.917613 -0.93757 0.190106 -0.540849 -0.556154 -0.191575 -0.11568 0.0424087 0.160216 0.655227 -0.158055 -0.447268 0.0267967 0.0690947 0.0617062 0.645895 0.300769 0.928204 0.969418 0.736101 0.14439 0.533376 0.565968 -0.784987 0.432261 0.333457 
-1.08104 0.0660203 0.21195 -0.682125 -0.905326 -0.88693 0.287634 -0.511373 -0.567899 -0.199158 -0.151089 0.00314924 0.121896 0.680772 -0.184004 -0.472374 0.0251316 0.0688335 0.0532694 0.698778 0.312159 0.830028 0.861843 0.659578 0.129656 0.485645 0.546371 -0.781898 0.439521 0.325751 
-1.10106 0.127899 0.28302 -0.625363 -0.904978 -0.970162 0.267906 -0.592589 -0.500936 -0.153266 -0.121064 0.024773 0.137248 0.66834 -0.199754 -0.458163 0.0721894 0.0354259 0.017061 0.717298 0.317917 0.848919 0.93084 0.681159 0.175485 0.445782 0.584706 -0.80383 0.366539 0.371834 
-1.08266 0.0694701 0.225133 -0.682732 -0.944614 -0.9318 0.224255 -0.581976 -0.529016 -0.180973 -0.141805 0.0197733 0.134479 0.671812 -0.175627 -0.46094 0.026681 0.0800274 0.029764 0.677823 0.345944 0.897393 0.91764 0.707977 0.181218 0.425461 0.548116 -0.774953 0.422286 0.29512 
-1.07407 0.0883765 0.278554 -0.669786 -0.906308 -0.926557 0.21916 -0.550039 -0.572239 -0.237569 -0.106911 -0.0225191 0.150598 0.670319 -0.141857 -0.478817 -0.011099 0.0796179 0.0819077 0.649972 0.337436 0.913248 0.843596 0.663082 0.155374 0.460126 0.576469 -0.793005 0.384634 0.33721 
-1.0538 0.0948981 0.252069 -0.661248 -0.919629 -0.943806 0.224395 -0.53957 -0.512931 -0.207136 -0.142965 0.0355314 0.132199 0.701967 -0.196839 -0.520414 -0.0463931 0.042532 0.0810188 0.754498 0.279413 0.8448 0.875948 0.664252 0.122426 0.392911 0.584482 -0.730563 0.443133 0.344286 
-1.11161 0.0954255 0.316357 -0.714152 -0.880862 -0.923381 0.212177 -0.535674 -0.56619 -0.141704 -0.126534 -0.00689766 0.166828 0.664582 -0.191106 -0.48396 0.053044 0.119534 0.0895624 0.724348 0.287348 0.892487 0.926064 0.718718 0.155573 0.444342 0.595182 -0.749659 0.356927 0.397864 
-1.06493 0.117116 0.232525 -0.672768 -0.934395 -0.942409 0.250973 -0.535079 -0.561743 -0.179879 -0.145471 0.105003 0.161296 0.669742 -0.199263 -0.506355 -0.00137573 -0.000374772 0.0583941 0.718433 0.287394 0.870726 0.839903 0.638692 0.196754 0.441807 0.557274 -0.773985 0.384123 0.31207 
-1.06727 0.148014 0.236624 -0.644222 -0.928408 -0.930125 0.265195 -0.542365 -0.589413 -0.156931 -0.15232 0.0587585 0.14575 0.705882 -0.142112 -0.492973 0.0169802 0.083421 0.0464589 0.680929 0.336371 0.828817 0.901697 0.645842 0.131771 0.453261 0.619999 -0.752241 0.338026 0.311834 
-1.08373 0.102967 0.251884 -0.68563 -0.963759 -0.912665 0.199179 -0.511054 -0.566161 -0.216752 -0.182607 -0.0360183 0.154125 0.594388 -0.200519 -0.417184 0.0258599 0.0287628 0.0603596 0.694012 0.366728 0.850184 0.902072 0.626656 0.176424 0.490997 0.543471 -0.811147 0.414971 0.335027 
-1.07434 0.14292 0.275907 -0.686642 -0.934049 -0.895037 0.286396 -0.553185 -0.578982 -0.181789 -0.103573 0.0241813 0.125197 0.653031 -0.160286 -0.469221 -0.0420621 0.0730857 0.100985 0.635878 0.279002 0.892059 0.901559 0.755568 0.0892643 0.456081 0.574274 -0.808598 0.404969 0.38763 
-1.02648 0.0926154 0.254989 -0.696782 -0.884895 -0.87238 0.301916 -0.485631 -0.551367 -0.232403 -0.152956 0.0737484 0.0865289 0.684773 -0.132681 -0.448773 -0.0405617 0.0600604 0.0362577 0.678307 0.304752 0.897486 0.937062 0.760178 0.0744476 0.453085 0.544267 -0.703496 0.43631 0.349402 
-1.03303 0.107325 0.282566 -0.677848 -0.87737 -0.923295 0.201822 -0.494527 -0.493182 -0.167499 -0.113805 -0.0485035 0.158076 0.664365 -0.219348 -0.49281 0.0436292 0.0138805 0.0154753 0.687873 0.277809 0.880038 0.925044 0.715884 0.147584 0.497489 0.554424 -0.782298 0.376569 0.314773 
-1.07138 0.0733002 0.291936 -0.676774 -0.93033 -0.920821 0.183314 -0.535306 -0.515054 -0.182429 -0.13183 -0.0119451 0.134885 0.654863 -0.194094 -0.443628 0.0174754 0.024701 0.0695156 0.723435 0.290711 0.898013 0.93358 0.669842 0.162472 0.471222 0.557658 -0.780123 0.434096 0.373394 
-1.05954 0.0498953 0.256146 -0.693998 -0.946075 -0.872609 0.262975 -0.516058 -0.546285 -0.203061 -0.110434 0.0435125 0.167589 0.692006 -0.181092 -0.502607 0.0423094 0.0417459 0.0938404 0.63935 0.331542 0.843594 0.949775 0.672612 0.200747 0.420087 0.602012 -0.749009 0.425293 0.365409 
-1.07925 0.101352 0.270546 -0.657781 -0.847589 -0.894145 0.250167 -0.565035 -0.527373 -0.167514 -0.116682 0.0164094 0.182001 0.688341 -0.211702 -0.503362 0.0276092 0.0547479 0.0722059 0.678249 0.305536 0.82897 0.892866 0.696897 0.143716 0.423408 0.633337 -0.794754 0.359326 0.341313 
-1.0448 0.0560729 0.271317 -0.707246 -0.935966 -0.932896 0.24273 -0.472121 -0.549272 -0.154815 -0.0886533 0.0665327 0.155896 0.683402 -0.155235 -0.449796 -0.025931 -0.00484509 0.0371213 0.748718 0.276224 0.876155 0.925953 0.639144 0.0785848 0.406597 0.602129 -0.717204 0.420439 0.333319 
-1.08628 0.0503268 0.244746 -0.644652 -0.954321 -0.936246 0.238213 -0.511598 -0.522194 -0.16893 -0.0669 -0.0190968 0.104032 0.696022 -0.137857 -0.501915 0.0204947 0.0652539 0.0479866 0.675658 0.328642 0.887702 0.971071 0.71019 0.115375 0.498987 0.573824 -0.801284 0.447925 0.354667 
-1.08743 0.0639668 0.282996 -0.674241 -0.932537 -0.888458 0.234638 -0.558721 -0.529635 -0.217041 -0.0778032 0.0485809 0.174195 0.643391 -0.157214 -0.51005 0.0307781 0.0131504 0.0744741 0.670846 0.296664 0.845294 0.952182 0.696029 0.187499 0.44022 0.576444 -0.758953 0.425392 0.344201 
-1.07152 0.094548 0.241185 -0.652102 -0.897234 -0.907921 0.251968 -0.55558 -0.563975 -0.167363 -0.101088 0.0454786 0.135091 0.682964 -0.182917 -0.501457 0.00811065 0.0550328 0.0522526 0.679816 0.304497 0.869755 0.936285 0.728122 0.144374 0.45947 0.587899 -0.775419 0.396912 0.309753 
-1.05744 0.0683069 0.276398 -0.651077 -0.862078 -0.963241 0.209784 -0.585409 -0.515225 -0.156496 -0.15032 -0.00372119 0.117184 0.641744 -0.21793 -0.494795 0.0515343 0.026154 0.0437685 0.741993 0.327553 0.859201 0.860952 0.641251 0.135802 0.430761 0.598387 -0.793592 0.345436 0.323882 
-1.05263 0.080074 0.252215 -0.667848 -0.860474 -0.91757 0.246084 -0.548125 -0.49665 -0.178025 -0.154584 0.0300834 0.186022 0.688925 -0.212054 -0.500113 0.000195151 0.0673047 0.0291386 0.708533 0.311057 0.86666 0.90988 0.645251 0.183706 0.46399 0.625977 -0.79252 0.374516 0.335109 
-1.00284 0.054323 0.252999 -0.668926 -0.928371 -0.911386 0.177638 -0.515198 -0.55096 -0.19175 -0.152308 -0.00729787 0.172046 0.644372 -0.185141 -0.472777 0.0470634 0.081376 0.0981766 0.679933 0.329003 0.859935 0.92049 0.649169 0.114232 0.499276 0.517979 -0.87526 0.467573 0.365871 
-1.11629 0.0538602 0.295665 -0.720831 -0.960361 -0.912749 0.28167 -0.543401 -0.495157 -0.204909 -0.0899464 0.0395409 0.163349 0.672194 -0.209841 -0.489442 0.0262816 0.0164491 0.0840061 0.638834 0.296151 0.881458 0.922904 0.714773 0.192182 0.413142 0.58281 -0.724214 0.415252 0.332176 
-1.10497 0.111687 0.297649 -0.726077 -0.887629 -0.942561 0.253423 -0.5337 -0.513249 -0.206027 -0.137855 0.0187171 0.124076 0.685187 -0.11063 -0.472849 -0.0350216 0.0362392 0.0542742 0.69532 0.244742 0.822228 0.914499 0.681994 0.164575 0.409016 0.546571 -0.796138 0.414221 0.346482 
-1.07037 0.0603623 0.267226 -0.648453 -0.970766 -0.932784 0.190022 -0.533509 -0.572424 -0.206322 -0.158779 -0.0336374 0.182413 0.636367 -0.178387 -0.482371 0.0530824 0.0248517 0.075853 0.689615 0.315745 0.898803 0.926598 0.676786 0.155481 0.512379 0.51527 -0.810116 0.425337 0.345163 
-1.07401 0.0856424 0.244822 -0.66696 -0.926351 -0.882051 0.270067 -0.465139 -0.571782 -0.195634 -0.0941816 0.0521625 0.148791 0.662702 -0.181164 -0.49741 0.0134952 0.0311036 0.0451189 0.645616 0.322891 0.917774 0.914255 0.722108 0.11566 0.415027 0.559109 -0.772505 0.415504 0.370729 
-1.07029 0.041048 0.276596 -0.71008 -0.925474 -0.890022 0.269465 -0.578745 -0.467029 -0.157805 -0.123345 0.0595344 0.14976 0.715825 -0.135647 -0.434124 -0.0299594 -0.0343481 0.0549636 0.730934 0.320202 0.873901 0.879706 0.651084 0.101362 0.468477 0.583452 -0.737325 0.422927 0.350368 
-1.03644 0.121975 0.232543 -0.684512 -0.920019 -0.867864 0.201211 -0.533261 -0.529537 -0.23309 -0.144915 -0.0103534 0.169482 0.661263 -0.150431 -0.478034 0.0170653 0.0300888 0.0258504 0.673074 0.299972 0.893421 0.912413 0.667999 0.141175 0.504779 0.540956 -0.818875 0.443558 0.33738 
-1.07764 0.0831863 0.267806 -0.639316 -0.90302 -0.912098 0.265749 -0.564703 -0.501198 -0.207677 -0.125646 0.0480446 0.157659 0.682781 -0.209727 -0.488805 0.0333652 0.0332377 0.0816631 0.664444 0.312181 0.867633 0.92465 0.67997 0.17145 0.427396 0.588567 -0.789776 0.413678 0.351381 
-1.07469 0.0730497 0.26769 -0.64961 -0.91069 -0.917799 0.271677 -0.565514 -0.498166 -0.231317 -0.149155 0.044544 0.139119 0.664631 -0.195883 -0.485634 0.0573559 0.0161583 0.0619935 0.67345 0.289717 0.868527 0.910988 0.69967 0.156592 0.432806 0.574902 -0.768572 0.408955 0.372388 
-1.094 0.097963 0.285589 -0.617874 -0.89743 -0.885001 0.239108 -0.556841 -0.505245 -0.186871 -0.150069 0.0514115 0.184163 0.696869 -0.185158 -0.479119 0.0598023 0.0562978 0.087528 0.638298 0.331445 0.854832 0.914524 0.701396 0.162073 0.415186 0.604788 -0.807866 0.394719 0.372038 
-1.04744 0.089361 0.244304 -0.66391 -0.919769 -0.877746 0.22403 -0.48068 -0.539063 -0.207943 -0.122437 0.0625913 0.129434 0.678597 -0.127668 -0.493323 0.0394776 0.0637477 0.0757469 0.662387 0.293357 0.909287 0.901524 0.711512 0.153263 0.421852 0.576531 -0.71769 0.41476 0.326251 
-1.04771 0.0911905 0.243758 -0.673669 -0.92616 -0.862354 0.20582 -0.493538 -0.527996 -0.234615 -0.110929 0.0449643 0.151969 0.679274 -0.106644 -0.49207 0.0279573 0.0461959 0.062905 0.64158 0.304254 0.919217 0.907962 0.715105 0.151087 0.439947 0.566014 -0.72938 0.406939 0.32201 
-1.05778 0.108315 0.239998 -0.680876 -0.909087 -0.867918 0.217642 -0.45648 -0.547536 -0.21293 -0.113726 0.0836968 0.133864 0.685116 -0.124253 -0.471166 0.0484264 0.0893445 0.0633303 0.684743 0.30255 0.933179 0.927105 0.736224 0.151119 0.413619 0.597399 -0.725103 0.429058 0.348887 
-1.07931 0.104429 0.266435 -0.656359 -0.90756 -0.905759 0.270366 -0.524964 -0.523238 -0.183983 -0.102613 0.0232507 0.157938 0.669057 -0.210015 -0.472394 0.0214679 0.034518 0.0480864 0.670852 0.312925 0.864127 0.93597 0.676926 0.171791 0.435587 0.590572 -0.760307 0.381254 0.350445 
-1.10261 0.114013 0.243757 -0.630635 -0.91468 -0.886986 0.264914 -0.500642 -0.501715 -0.171249 -0.0919339 0.0411236 0.149451 0.673373 -0.236987 -0.457714 0.0213253 0.034416 0.04859 0.675682 0.29988 0.836795 0.93042 0.700991 0.16702 0.407975 0.587854 -0.762399 0.372276 0.341888 
-1.08766 0.122382 0.281332 -0.629224 -0.916226 -0.929323 0.29529 -0.511967 -0.541149 -0.172179 -0.105726 0.0223568 0.144946 0.685777 -0.212129 -0.449483 0.0401853 0.0595158 0.0387863 0.6449 0.308326 0.84814 0.957999 0.693338 0.186025 0.453286 0.596288 -0.762581 0.378209 0.350129 
-1.05895 0.0951296 0.249243 -0.678305 -0.939198 -0.914717 0.221341 -0.545579 -0.543648 -0.193958 -0.126558 -0.0210652 0.144016 0.65279 -0.166394 -0.485168 0.00538683 0.0321139 0.0510772 0.638748 0.291664 0.881312 0.915282 0.689847 0.102757 0.450616 0.546212 -0.821616 0.433396 0.321593 
-1.07197 0.0821811 0.233166 -0.699493 -0.931575 -0.920629 0.220059 -0.560117 -0.559175 -0.201207 -0.136893 -0.0128791 0.125718 0.669876 -0.153987 -0.459371 -0.0011315 0.033823 0.0785245 0.630984 0.272855 0.901184 0.920009 0.689983 0.0844114 0.473804 0.542795 -0.821161 0.441071 0.299017 
-1.04846 0.0904091 0.252956 -0.689276 -0.953149 -0.921948 0.222516 -0.557005 -0.521681 -0.188265 -0.120521 -0.047397 0.144311 0.659146 -0.166968 -0.484149 -0.00560928 0.0445228 0.0449477 0.665902 0.309548 0.896284 0.939049 0.672214 0.113835 0.457193 0.522539 -0.821251 0.448776 0.295021 
-1.07368 0.0906859 0.255136 -0.626386 -0.914239 -0.950165 0.286927 -0.60094 -0.51328 -0.173557 -0.130241 0.0449864 0.186332 0.671562 -0.198673 -0.444177 0.0275875 0.065041 0.0437184 0.740655 0.318117 0.841511 0.918554 0.681467 0.185893 0.475206 0.573816 -0.797493 0.347925 0.32946 
-1.06549 0.0694567 0.244078 -0.623237 -0.906879 -0.94728 0.311219 -0.620279 -0.534312 -0.190929 -0.136155 0.0178456 0.164725 0.648722 -0.20082 -0.442881 0.046237 0.0909639 0.0173704 0.739966 0.332917 0.83423 0.939199 0.691792 0.168009 0.460378 0.586305 -0.771769 0.363987 0.332542 
-1.0987 0.0828373 0.245941 -0.610545 -0.941397 -0.971716 0.305177 -0.595744 -0.52974 -0.167243 -0.143772 0.0208909 0.197531 0.650995 -0.170851 -0.464398 0.0348948 0.0700796 0.0322045 0.752609 0.292307 0.818931 0.900835 0.705737 0.158128 0.45998 0.566605 -0.78793 0.333384 0.341829 
-1.06246 0.104381 0.241214 -0.665971 -0.919095 -0.878357 0.238564 -0.511707 -0.545523 -0.207057 -0.111523 0.0489285 0.128903 0.650683 -0.159909 -0.470644 -0.0126186 0.0275374 0.0521703 0.634412 0.30895 0.914908 0.936386 0.729143 0.105463 0.442821 0.566337 -0.754704 0.431922 0.367185 
-1.04413 0.126749 0.216702 -0.658842 -0.906292 -0.864622 0.258567 -0.524882 -0.529252 -0.18681 -0.104245 0.0442606 0.110144 0.675815 -0.148231 -0.463455 -0.0254043 0.0125648 0.0477452 0.619342 0.323477 0.932994 0.957311 0.736014 0.120511 0.449002 0.57198 -0.738551 0.407634 0.390231 
-1.05547 0.119935 0.251325 -0.693564 -0.902388 -0.888115 0.25772 -0.519408 -0.546699 -0.228582 -0.0997109 0.0639888 0.15167 0.650851 -0.155442 -0.442992 -0.00142852 0.00466055 0.045376 0.614808 0.296572 0.904193 0.912249 0.718928 0.131234 0.436248 0.586457 -0.738089 0.432304 0.350583 
-1.06191 0.106462 0.22183 -0.693293 -0.872043 -0.866986 0.244938 -0.470346 -0.556317 -0.233267 -0.111987 0.0767656 0.136851 0.651144 -0.155442 -0.468171 -0.016321 0.00964407 0.0650559 0.645912 0.332854 0.917824 0.940713 0.724342 0.106619 0.432091 0.555197 -0.750824 0.445822 0.39416 
-1.03481 0.103117 0.227933 -0.713954 -0.864162 -0.867944 0.230241 -0.488614 -0.531041 -0.218465 -0.129888 0.103625 0.135606 0.650034 -0.174182 -0.492639 -0.0350249 -0.0101772 0.0524487 0.64142 0.314565 0.912115 0.924112 0.715616 0.131842 0.430904 0.545845 -0.763331 0.457385 0.391344 
-1.04112 0.12171 0.206553 -0.665908 -0.851411 -0.852065 0.24446 -0.486043 -0.583531 -0.228247 -0.0847632 0.0911049 0.135969 0.659527 -0.149961 -0.443261 -0.0126414 0.00486957 0.0399554 0.661426 0.359732 0.899949 0.917763 0.700054 0.131248 0.419346 0.542923 -0.765022 0.44972 0.409524 
-1.07242 0.0623637 0.260974 -0.692778 -0.930913 -0.887068 0.227568 -0.527046 -0.524737 -0.228478 -0.0830702 0.060582 0.149354 0.676379 -0.170096 -0.488577 0.0431871 0.00997126 0.104716 0.661225 0.331475 0.887995 0.960054 0.67767 0.174589 0.442325 0.564524 -0.742081 0.460445 0.363532 
-1.08284 0.0617984 0.239281 -0.685178 -0.94818 -0.862321 0.248868 -0.543792 -0.527276 -0.20173 -0.104481 0.0507189 0.170867 0.656193 -0.185463 -0.507323 0.0474225 0.0226242 0.0879927 0.657424 0.345184 0.905048 0.975485 0.700731 0.167556 0.458098 0.551848 -0.73663 0.433654 0.344209 
-1.06141 0.0761854 0.270258 -0.715513 -0.933311 -0.912436 0.250343 -0.523916 -0.518156 -0.223551 -0.0945133 0.0334697 0.151566 0.693465 -0.186173 -0.510463 0.0466273 0.0276571 0.121591 0.658745 0.328134 0.88052 0.937381 0.653373 0.192848 0.447963 0.537376 -0.747398 0.470028 0.339567 
-1.04415 0.0861512 0.230958 -0.714749 -0.884425 -0.870443 0.218229 -0.481981 -0.574877 -0.230074 -0.086134 0.103237 0.116525 0.670927 -0.155494 -0.484074 -0.0246897 0.015609 0.0707809 0.62106 0.353003 0.893188 0.922217 0.713703 0.122472 0.420349 0.543159 -0.761972 0.46719 0.392162 
-1.06863 0.0600838 0.255426 -0.699855 -0.872002 -0.885436 0.193941 -0.493348 -0.552087 -0.229191 -0.1108 0.109082 0.105253 0.654935 -0.13275 -0.496152 -0.035253 0.0407521 0.0597305 0.601808 0.366394 0.906935 0.911919 0.72632 0.146287 0.410752 0.521515 -0.774759 0.480053 0.40376 
-1.0467 0.0655116 0.220048 -0.704614 -0.881955 -0.853061 0.221691 -0.467617 -0.548694 -0.210828 -0.103727 0.118892 0.0916741 0.68092 -0.131525 -0.508528 -0.0474656 -0.011246 0.0447821 0.594736 0.332168 0.869111 0.903411 0.705717 0.128251 0.407361 0.519948 -0.78859 0.473547 0.400433 
-1.04686 0.125719 0.215071 -0.720732 -0.847837 -0.842869 0.222019 -0.465825 -0.574787 -0.215943 -0.116877 0.0557949 0.152906 0.636594 -0.181941 -0.482227 -0.0175376 0.0230129 0.0594899 0.667141 0.312433 0.928937 0.928083 0.704623 0.0908564 0.406481 0.578732 -0.741407 0.421742 0.377529 
-1.03702 0.109213 0.225755 -0.746994 -0.836175 -0.859328 0.208247 -0.451534 -0.566305 -0.220129 -0.112542 0.057963 0.17163 0.618053 -0.188372 -0.495557 -0.026272 -0.000211967 0.0757811 0.649833 0.334177 0.932985 0.92982 0.704526 0.0801042 0.415968 0.577791 -0.721522 0.40162 0.387052 
-1.03328 0.114016 0.198802 -0.706561 -0.842379 -0.826212 0.203809 -0.471981 -0.551805 -0.227935 -0.136873 0.0563584 0.146586 0.632724 -0.183865 -0.469567 -0.0288872 0.030918 0.0852939 0.680468 0.325757 0.941728 0.939074 0.727092 0.0991761 0.396937 0.601162 -0.734604 0.403483 0.359819 
-1.06901 0.0912862 0.217407 -0.668284 -0.861303 -0.843145 0.282655 -0.536163 -0.538173 -0.18328 -0.116974 0.0466629 0.172348 0.666462 -0.191474 -0.44722 -0.000449122 0.0463051 0.0543944 0.729975 0.316125 0.862066 0.926251 0.69622 0.15557 0.434041 0.576239 -0.797039 0.416181 0.369631 
-1.05444 0.105146 0.234294 -0.668617 -0.899531 -0.872496 0.243023 -0.476 -0.55004 -0.224563 -0.119245 0.0674311 0.134169 0.652781 -0.139081 -0.484838 0.0234787 0.0190728 0.0729221 0.659293 0.29664 0.914655 0.903151 0.721582 0.146702 0.430133 0.565161 -0.73638 0.445074 0.393796 
-1.04583 0.0890199 0.233513 -0.694929 -0.899355 -0.877666 0.218919 -0.481913 -0.553261 -0.215953 -0.116601 0.0844524 0.128037 0.675605 -0.154284 -0.490155 -0.0120459 0.0328577 0.0710567 0.658967 0.337371 0.896663 0.917965 0.713096 0.149209 0.421781 0.573372 -0.749049 0.441853 0.372373 
-1.05674 0.0942121 0.2465 -0.670141 -0.938679 -0.879967 0.223271 -0.507786 -0.540368 -0.196579 -0.123496 -0.00372527 0.141137 0.669824 -0.128633 -0.490465 0.0221711 0.0380556 0.0662863 0.657071 0.292917 0.903613 0.902302 0.69772 0.111265 0.445437 0.558061 -0.793072 0.419969 0.32551 
-1.06217 0.102257 0.233428 -0.693146 -0.903508 -0.872234 0.242693 -0.519923 -0.535666 -0.228534 -0.101108 0.0634165 0.137047 0.667683 -0.169056 -0.475017 0.0416356 0.0099424 0.0782244 0.655572 0.332136 0.896331 0.953192 0.69085 0.134267 0.432614 0.557037 -0.749442 0.457121 0.374415 
-1.073 0.0787768 0.259551 -0.678547 -0.92744 -0.923884 0.241066 -0.582026 -0.513915 -0.214342 -0.105569 0.045839 0.18484 0.672404 -0.197305 -0.468223 0.0413384 0.0575499 0.103148 0.710961 0.324185 0.864056 0.928615 0.67909 0.177544 0.444963 0.569055 -0.743862 0.374691 0.35838 
-1.06647 0.101005 0.241595 -0.639643 -0.915702 -0.898293 0.256394 -0.539037 -0.532917 -0.20547 -0.1301 0.047687 0.133204 0.661107 -0.166476 -0.456171 0.0246812 0.0312148 0.0448491 0.711614 0.316579 0.9023 0.920175 0.688726 0.148156 0.467015 0.570871 -0.755365 0.391707 0.344706 
-1.07769 0.0994043 0.264094 -0.666438 -0.916625 -0.887855 0.230065 -0.526465 -0.524385 -0.200248 -0.102181 0.0339723 0.152943 0.674441 -0.207163 -0.474092 0.037234 0.0211304 0.0811188 0.664387 0.318243 0.887797 0.953786 0.677664 0.173701 0.438778 0.584205 -0.750139 0.39647 0.35738 
-1.04777 0.0998984 0.228492 -0.710775 -0.878225 -0.867078 0.219543 -0.481619 -0.56569 -0.23326 -0.105107 0.0868064 0.117751 0.662743 -0.155453 -0.468389 -0.0241193 0.0119679 0.0686794 0.637825 0.339045 0.897897 0.924488 0.722001 0.111142 0.420698 0.555092 -0.758289 0.449393 0.393231 
-1.05951 0.104301 0.248714 -0.669866 -0.920022 -0.893919 0.231731 -0.526042 -0.545462 -0.200484 -0.125692 0.0355568 0.142497 0.652327 -0.162051 -0.472503 -0.00676775 0.032004 0.0513978 0.636645 0.301697 0.8982 0.923836 0.70441 0.104526 0.44562 0.554228 -0.817315 0.431933 0.360367 
-1.04901 0.0909733 0.237305 -0.697636 -0.937992 -0.881391 0.220655 -0.509044 -0.566774 -0.212472 -0.0959865 0.0444683 0.14033 0.65604 -0.15869 -0.484806 -0.018838 0.0170734 0.0573053 0.62691 0.303765 0.887682 0.915726 0.70681 0.112356 0.435317 0.544763 -0.799156 0.456476 0.369078 
-1.05038 0.0904362 0.223156 -0.706608 -0.875579 -0.86867 0.221784 -0.477406 -0.561508 -0.232957 -0.0939813 0.092682 0.136251 0.663429 -0.155472 -0.47071 -0.0213427 0.0113792 0.0658606 0.639075 0.347156 0.913768 0.925697 0.72203 0.117792 0.42222 0.552349 -0.757371 0.463725 0.392629 
-1.07592 0.097072 0.264021 -0.644221 -0.913451 -0.936536 0.280258 -0.586258 -0.514097 -0.17972 -0.126854 0.0353851 0.162177 0.670626 -0.200854 -0.452283 0.0221282 0.0455156 0.0438784 0.713143 0.312957 0.851949 0.920284 0.678002 0.183216 0.455084 0.583989 -0.775115 0.377092 0.345599 
-1.06815 0.0831991 0.263852 -0.65479 -0.920101 -0.914068 0.247934 -0.564359 -0.513739 -0.200308 -0.126513 0.0432117 0.149534 0.661984 -0.17943 -0.488785 0.0102559 0.0324408 0.0663844 0.645649 0.297676 0.877808 0.923863 0.687893 0.114566 0.434163 0.585582 -0.799341 0.428633 0.338638 
-1.06886 0.105038 0.229876 -0.663552 -0.889546 -0.869286 0.267842 -0.49472 -0.555426 -0.217612 -0.104215 0.0521379 0.138797 0.652167 -0.177948 -0.469604 0.0135871 0.013788 0.0570649 0.666741 0.313437 0.878735 0.937822 0.719523 0.138928 0.432806 0.580816 -0.754317 0.409094 0.356098 
-1.06501 0.0989523 0.253407 -0.636865 -0.917493 -0.896294 0.245046 -0.594623 -0.543913 -0.179902 -0.113877 0.0481977 0.164755 0.653658 -0.191711 -0.465747 0.0255305 0.0454141 0.0486871 0.718621 0.313276 0.867771 0.933075 0.703111 0.132988 0.460081 0.573248 -0.770768 0.364853 0.359292 
-1.04704 0.125602 0.219687 -0.682654 -0.884252 -0.847572 0.223244 -0.473577 -0.542094 -0.212346 -0.121894 0.0565516 0.144372 0.642068 -0.152226 -0.486072 0.0383697 0.0237834 0.0741435 0.664844 0.311644 0.92266 0.925615 0.71091 0.150634 0.41704 0.577319 -0.718942 0.419673 0.346295 
-1.0664 0.105529 0.263066 -0.659932 -0.902528 -0.870354 0.257383 -0.481532 -0.528218 -0.218389 -0.109737 0.0336103 0.151576 0.657677 -0.155496 -0.471992 0.00855337 0.0210034 0.0554631 0.650188 0.323466 0.908247 0.936349 0.697588 0.124033 0.433563 0.559447 -0.752642 0.443972 0.363372 
-1.0761 0.0957163 0.25585 -0.676164 -0.894026 -0.890627 0.25434 -0.50795 -0.529154 -0.207786 -0.113118 0.0750629 0.140233 0.667438 -0.163175 -0.472286 0.0226985 0.0199909 0.0774087 0.657505 0.322381 0.91525 0.929822 0.705043 0.13013 0.429608 0.579908 -0.767418 0.428219 0.359914 
-1.06504 0.0996723 0.247348 -0.629485 -0.917789 -0.949995 0.263184 -0.529861 -0.544374 -0.185372 -0.11319 0.0487352 0.149007 0.652324 -0.187636 -0.446388 0.00927143 0.0464094 0.0457076 0.638561 0.310177 0.887581 0.929342 0.718947 0.183652 0.452402 0.569338 -0.780077 0.426322 0.332225 
