0.835992 0.742673 0.128673 0.51638 -0.253523 1.73563 0.654097 -0.323027 1.24527 -0.690524 0.327511 -0.158325 -1.5458 0.540608 1.05624 0.0278569 -0.0778618 -0.301746 0.26252 0.995015 -1.81577 -0.212279 0.465893 -0.964499 0.199847 -0.458855 0.219801 -1.03196 -1.24982 -1.50281 
-1.84814 -0.607999 0.667566 -0.212909 -0.621984 -0.416781 -0.777897 -0.637245 -1.70417 0.778693 2.00231 -0.427835 -0.135162 -0.563899 0.644021 -0.976952 0.572385 1.05208 0.71928 -0.790937 0.254212 -1.38462 1.43925 0.293773 0.182336 1.27453 0.58069 -0.805012 0.356411 1.49492 
-1.62764 -0.886658 1.46412 -0.931042 -0.101979 0.729231 -0.950486 0.164097 0.184209 -0.83714 0.809461 -1.65181 -2.00487 0.4125 -0.275609 -0.207773 -0.294131 -0.986055 0.0706202 1.08788 0.707746 1.79991 0.379636 -0.557757 0.891943 -0.0357219 -1.28502 0.831599 0.539575 -1.19298 
-0.601228 0.352404 -0.459666 -0.35948 0.663603 -0.252712 0.439732 -0.095761 -0.628663 -0.24834 -0.125385 -0.545685 1.43766 0.553076 -0.0211652 -1.46909 -1.3215 0.265229 -0.118862 1.05438 -0.338653 -0.566297 0.744467 0.713707 0.644964 -0.74922 1.63467 1.35347 -0.686465 -0.555227 
1.3849 0.000390314 -0.249498 1.3142 0.210069 -1.38224 0.519287 -0.199216 0.0453783 0.730764 0.666616 1.04037 -0.295361 -0.322785 -0.915696 0.13162 -0.171519 1.45955 -0.749772 0.535456 0.85767 0.079879 0.501871 -0.4933 0.834713 1.19438 -0.686622 2.15506 0.531065 -1.12106 
-0.532177 -0.663506 -0.468525 1.04672 0.799149 -0.0252675 0.801997 0.115554 -0.347877 -0.350342 -0.504275 -0.891236 0.122198 0.314123 0.112066 -0.099883 -0.145348 1.0873 -0.524558 -1.05798 0.175347 0.0990314 0.525266 1.00207 -0.334553 0.532199 0.341546 0.475941 0.561478 0.049887 
-0.743685 0.480721 1.51246 0.77389 1.51958 -0.492878 0.437531 0.338096 1.00943 0.515763 -0.633021 -0.265882 -0.356136 1.45812 -0.959595 -1.03146 0.227061 0.431816 1.33484 1.51695 -0.862002 0.788683 -0.51172 0.775737 -0.131885 -0.860137 -0.132274 -1.04453 0.678254 0.514336 
-0.0281872 0.111329 -0.880355 -0.199265 -1.43229 -0.0813913 -0.735498 0.184811 -1.08359 0.0291706 -0.409286 -0.140953 -1.26486 0.963441 1.65626 1.39106 0.22277 -0.723583 -1.40069 1.45277 0.35281 -0.809607 1.47384 -1.68246 1.01549 1.164 1.07396 0.173926 1.14775 -1.08837 
0.518468 1.34979 -0.558245 0.231093 0.790792 0.145476 -0.0747339 0.154681 0.406083 -0.726491 0.765418 -0.179507 1.25443 -0.0110607 -0.238597 -1.57943 -0.426235 0.128931 -0.15176 0.0801634 0.250759 0.503632 -0.0153131 0.292587 0.929433 0.0576259 0.180949 0.210469 -0.616086 -1.70407 
1.03858 0.0373494 0.939128 -0.335144 1.14046 0.897818 -0.80777 1.72553 -0.49549 0.702467 -0.348269 -1.51589 -0.593811 0.92648 -0.333524 0.50464 0.178538 0.916484 1.3338 -1.59083 -1.48644 1.16926 -1.33103 0.221665 0.288414 0.73913 0.473843 -0.176225 0.961392 -1.49406 
-0.155174 -0.686481 0.357786 1.05242 0.681114 -0.758423 0.542016 -0.367509 -0.0778539 0.952924 -0.172028 0.159677 -0.653712 -1.19248 0.510659 0.14314 2.01469 -1.18913 0.644979 -0.345524 -0.0594744 -1.11526 0.938145 -1.05166 -0.593815 -0.137564 0.917455 0.652771 0.727225 -0.293393 
-2.00884 -0.249835 -0.154613 -0.231795 -0.0509478 0.370949 1.83677 0.464278 -0.813832 1.12591 0.968152 -0.340866 -1.40242 0.731296 1.13412 0.432725 -0.195776 0.561212 0.190802 -0.509207 0.893357 0.0457713 -0.848318 -1.47398 0.15821 0.683994 1.25402 0.524124 -0.0542841 -0.211122 
-0.759522 -0.930973 0.62667 1.43133 -0.181173 1.13232 -0.206253 -0.0798723 1.72457 -0.745871 0.209751 -0.0392798 -0.405461 -0.310588 1.90941 0.583251 -0.544884 -1.70118 0.538001 -0.663178 1.801 -0.135978 -0.342285 -1.20004 0.421129 -1.27687 0.316202 1.21465 -0.930445 -0.421676 
-0.371295 1.04183 1.28147 0.655417 0.805339 -1.03873 -0.353639 0.638377 -0.290482 -0.0867686 -1.61708 -1.89945 0.357733 -0.110253 0.157071 -0.426626 -0.0988992 -0.176455 1.40858 -0.4936 -1.09086 -0.367171 -0.729224 -1.11153 0.597689 -0.874049 -0.723293 -0.724265 -0.489042 1.6719 
-0.331045 -0.223269 -0.949064 -0.909228 0.644831 -0.931424 -0.0222678 -0.28989 -1.35733 -0.0975779 0.377277 1.73234 -0.763476 0.342759 1.02042 -0.0768595 1.19741 0.604108 -0.968793 -0.755899 -0.052804 0.768764 -0.534361 -0.958819 0.568778 1.388 -0.478943 -0.408919 0.858521 0.686722 
-0.427492 2.19892 0.00405619 0.6592 1.38215 -0.0630269 -1.03517 0.481676 1.96548 -0.140369 0.196674 0.90937 -0.240373 -0.327953 -0.0587753 0.31722 -0.926484 -0.412327 -1.35856 -1.20592 0.103669 0.0822361 -1.64735 -1.45279 1.55195 0.569392 -0.217444 0.284044 0.954782 0.140959 
-0.0177592 -1.32843 -1.06543 1.85384 0.586462 -0.648179 0.788757 -0.694193 -0.0526984 0.680292 0.0710396 1.14529 -0.954217 0.601084 0.88865 0.59554 0.432517 0.348359 -0.996251 -0.820277 -1.08671 -0.533462 -0.0446122 1.20137 0.028692 -0.618642 -0.43675 0.3142 -0.732746 0.600212 
0.563689 -1.45496 -0.39621 0.234295 -0.0348622 0.111169 -1.08843 -0.625038 -0.789524 0.760885 0.594544 0.636094 0.9618 1.17841 0.501124 0.98707 -0.522606 0.644631 1.00956 1.33803 0.077718 0.209449 -0.524741 1.51101 0.226333 -0.703266 0.272587 0.0854669 -0.879099 -0.429065 
0.672819 0.86523 1.02186 0.423641 -1.68015 0.0349199 0.567762 -0.805356 0.618544 -0.153849 0.735835 -0.0338904 -0.543182 0.415209 -0.649506 -0.650915 -1.0228 0.340636 -0.129151 -0.910926 1.82066 -0.490815 0.717849 1.80738 -1.4196 -0.957615 -0.423029 1.29886 -1.11695 -1.35478 
0.218999 0.578099 1.05188 0.515586 1.06926 -0.193031 0.139557 -0.473316 -1.0367 1.98382 -0.260719 1.91457 0.58473 -0.0179776 -1.67877 -0.545201 -0.0210706 -0.58544 0.931538 -0.848208 -0.290522 1.03342 -0.273172 -0.0574087 -0.566198 0.409436 1.64028 0.1151 0.917474 0.289419 
-0.544585 0.987842 -1.00775 1.49513 0.707541 1.52632 0.139435 -0.0322257 -1.32874 0.750565 -0.507586 -0.985264 0.489842 -0.354423 -0.616557 0.489708 -0.277322 -1.1901 0.0846351 0.645874 0.565413 0.00115919 0.192878 0.220121 0.470997 -0.9221 1.97152 0.490945 -0.609048 0.81941 
0.814003 -0.347128 1.20885 0.60829 0.927847 -0.983209 0.88922 0.0271419 0.36613 0.617825 -0.248904 0.30095 -0.0253271 -1.08975 -0.508728 1.94543 1.03352 0.97074 1.03888 -0.404919 0.837189 0.107145 0.806516 -1.24928 -1.18485 -1.13489 -1.01537 0.701007 0.463978 -0.0361851 
0.885283 -0.812951 -2.05424 0.630247 -1.78206 0.827732 1.15524 0.956851 0.533413 0.441819 0.463245 0.0569179 -1.34287 -0.661574 0.122227 0.299481 -0.0893978 -0.905413 0.452253 -0.425938 0.32662 0.784178 0.592878 0.384849 1.00415 0.254041 -0.443501 0.493819 -0.698086 0.896708 
0.175848 -0.38898 -0.158952 0.607061 0.166821 -0.57559 1.09225 0.533416 0.388196 1.2911 -0.181781 -0.829259 -0.176599 1.47454 1.81241 0.513839 1.00199 0.455495 0.359954 0.524478 0.2854 -0.649553 1.16348 0.750935 -0.966228 -0.183204 -0.0189016 -0.527217 -0.991249 -0.858934 
-0.40319 0.973181 0.266985 -0.0732063 0.670846 -1.0794 1.65786 0.209144 0.23862 1.28272 -0.840557 -0.13292 -1.30623 0.95355 0.407222 -0.367606 0.0775728 -1.12294 0.0661371 0.793131 -1.54699 0.987262 1.64439 -0.390403 1.37066 -0.149529 -1.11933 -1.31526 -0.12537 -1.19575 
-0.382952 -0.213005 1.67063 0.609199 -0.280627 0.0011056 0.636264 0.539213 1.59423 0.827237 0.537891 0.244395 -0.503161 0.237207 0.238446 -0.669258 -0.168365 1.41082 0.396496 1.33653 0.770125 -1.81554 -0.561439 -0.306307 -0.443568 0.428413 -0.966859 0.41054 -1.4905 1.81887 
1.51538 -0.217985 1.42962 -1.40164 -0.448812 -0.471282 -0.551759 -0.127233 -0.0267807 0.828768 0.97655 0.0813722 0.0349065 -0.0186211 0.899514 -0.979482 0.0167284 -0.388432 0.540257 0.713482 0.00475023 -1.27009 0.184747 0.0979218 -1.08304 0.567614 -0.0778006 0.0366112 0.314461 -0.0880454 
0.635919 -0.657017 0.850048 0.0543973 -0.115499 -0.540382 0.621269 1.066 0.76207 0.214492 1.25685 0.122188 0.460156 -0.52625 0.568739 0.358235 0.333071 1.30993 0.793794 1.03647 0.364292 -0.23151 0.851824 -0.825975 -0.227878 -0.142187 0.0328061 -0.843264 -0.471427 1.28396 
0.342499 -0.558274 -0.223682 -0.958741 -0.301245 1.15848 -0.28219 -0.0247461 0.336889 0.225381 0.446199 0.841215 1.73921 -0.375672 -0.566797 1.3905 0.333964 -0.42713 -0.418796 -0.69424 0.939272 0.719899 -1.08006 0.98431 -0.255293 0.381546 -0.86505 -0.201501 -0.313933 0.378944 
1.43921 0.888942 0.733596 -2.15563 -0.210116 1.55261 0.00653724 0.402972 -0.59255 -0.614493 -1.49676 1.79472 0.140815 -0.627809 -1.62548 -0.618953 -0.0656459 0.811369 -0.519868 -0.909662 0.731815 -0.183937 0.00570965 0.144493 0.71121 0.0926052 -0.625733 0.0135681 0.766699 -1.29789 
1.36695 -0.219626 1.08711 -0.699999 -0.263636 -1.01766 -1.50037 0.391076 -0.699492 -0.139442 -0.282811 -0.428056 -0.558009 -1.13742 -0.78892 -0.537758 -0.192158 1.0085 -1.3173 -0.989003 -1.70883 0.476025 1.5181 -0.658486 0.816844 -2.23187 0.730172 2.00733 -1.59739 0.475232 
-0.482946 -0.296034 0.108982 -1.78548 -0.0340745 1.95359 -1.03039 -0.535417 -0.177524 1.72285 -1.87045 0.990986 1.49133 1.93191 -0.770289 0.116295 -1.02912 0.947556 -0.890015 -0.457789 -0.164797 0.756654 0.323297 -0.281589 -0.673809 1.23863 1.10838 0.963404 -0.397403 0.926985 
-0.0937254 -0.703845 -0.219516 0.481725 -0.686925 0.112003 -0.513735 -0.0561712 -1.10702 1.02542 -0.430282 0.402827 0.721851 -0.976091 0.0949779 -0.507017 1.38456 0.484097 0.790988 -1.63617 -1.76691 -0.960288 -0.0707091 0.024503 1.2432 -0.776861 1.06085 0.646749 -0.779407 0.135837 
0.0458401 -0.287072 -0.43224 -1.12033 0.369708 0.0861426 -0.562915 0.790051 -0.857997 -0.905083 -0.138541 -1.42377 0.144768 0.739962 0.618041 1.31042 0.45236 -0.390046 1.34479 -0.984779 -1.46673 -0.104205 -0.121663 -0.11417 1.75292 0.253768 0.689767 -0.875993 -1.51747 -1.02554 
0.197678 -0.982064 -1.18539 -1.59245 0.957848 0.771061 0.437599 -1.11199 0.767208 0.754738 0.135542 0.253396 -1.03794 0.839767 -1.05089 0.242142 0.447481 -0.108815 -1.32113 0.39628 -0.496413 -0.827466 -1.90396 -1.15449 0.312909 -0.0271988 -0.567963 -1.28986 1.94117 0.38062 
0.30487 0.826419 0.315776 1.31 -0.638662 -0.037451 0.158969 1.06662 1.84922 -0.588599 0.944146 -0.431992 0.909902 0.745604 -0.345789 0.0203898 1.20426 0.571584 0.48252 -0.193064 0.702072 -0.408621 0.771058 -0.655268 0.577417 -1.27945 -0.082845 -1.06276 -0.539447 1.39684 
-0.607299 1.98332 0.112319 1.96927 0.661953 -0.824845 -0.449891 0.101458 -1.17544 0.18006 0.293518 0.579094 -0.138892 -0.806865 1.7931 -0.240988 -0.998269 -0.290967 0.0750245 -1.50864 0.720416 1.29245 -0.83328 0.233491 1.92867 0.0819221 0.406777 1.39462 -0.676799 -1.05193 
-0.464696 -0.680365 0.614608 0.879295 0.869041 0.613742 1.38215 -0.323763 -0.911691 0.848708 0.610625 0.00668201 0.494503 1.55919 0.494143 1.1168 1.03137 -0.00659839 -1.06112 -0.207078 0.527064 -0.203846 -0.294941 0.077996 -0.215797 -0.789636 -0.57034 -1.2285 -0.0357994 1.09952 
-0.0641313 -0.956401 0.772037 -0.241708 -1.84102 -1.37824 0.131378 0.356139 -0.75018 1.0011 -1.03769 0.38886 -0.24863 0.212003 -0.570211 -0.365156 -0.335066 -0.670998 -0.122998 -1.10541 0.97793 0.509341 1.26794 -0.501703 1.62953 -0.545619 1.31997 -0.466828 1.17533 -0.481712 
-0.579295 0.643815 -0.838083 -0.759237 0.683298 -0.0517823 -0.82195 -1.49726 -1.2452 -0.165869 -0.88273 -0.045561 -0.851359 -0.841206 -2.29985 -1.93725 0.380186 -0.942868 0.336647 -1.02348 -0.663795 0.124795 0.0665308 -0.781177 -0.00455718 0.0612556 1.74233 0.728827 -0.106481 1.23096 
-1.44244 -0.147442 -0.915125 0.316318 0.297676 -0.140949 0.82897 -0.446153 0.520007 0.795204 -0.69623 0.446076 -0.240936 -0.159015 -0.878007 0.398041 -0.109982 -0.712974 0.236076 1.05393 -0.107031 1.58521 1.82099 0.676239 0.540553 -0.521944 -1.44857 -0.492782 -1.36111 -1.11148 
-0.0865809 -1.09353 1.34525 -0.48837 -0.527649 0.197274 -0.286782 0.012647 -1.18759 1.65977 0.235744 0.0470296 0.317544 0.626063 0.346189 0.342377 0.745848 0.263555 0.227371 -0.818893 -1.50631 0.314506 0.295985 0.531161 1.13813 0.886196 0.98028 0.171205 -0.54126 -0.0549655 
0.385796 -1.60797 -1.14235 -1.40449 1.00172 -0.467962 -0.126034 -0.182929 -0.478844 -0.834603 0.756561 -0.52971 -0.278614 0.351657 1.22139 -0.722681 -0.508136 0.240477 -0.00726667 -0.138868 1.30124 0.81263 0.461583 0.561883 -0.462097 0.119874 -1.28325 -0.247934 0.281414 -0.709347 
1.80071 0.310053 -0.0255652 2.06852 1.39712 -0.674716 0.908054 0.0636627 1.4291 0.32212 0.18128 0.236433 1.29337 -0.153978 -1.70445 -0.817102 -0.128571 -0.679559 -0.471755 -0.302904 -0.636021 0.624529 1.92775 0.22383 0.147207 -0.385194 -0.510678 -1.59376 -1.60886 0.749719 
-0.767423 1.82064 -0.934808 1.00329 -0.184013 -0.302289 0.306611 -0.305496 0.431232 0.348248 -0.684485 -0.371614 1.43803 -1.05874 0.473225 -0.632886 0.656046 0.270922 0.379437 0.550654 1.66366 -0.0662788 -0.0430597 1.25004 -0.358251 -1.73493 -1.15065 -0.0668956 -0.718945 -0.238496 
1.33965 -0.8764 0.108329 -1.6285 0.08297 -1.16912 0.364614 -0.711684 0.904023 1.15204 0.719233 0.301793 -0.703777 -0.316561 0.524768 -1.08135 0.603683 0.718255 -0.197686 -0.446672 1.26416 0.810937 0.608048 -0.808077 -0.610586 1.13116 0.0543152 -1.46751 0.800262 -0.159553 
-0.122524 -0.236301 -0.746015 -0.797615 -0.171042 0.247566 -0.359659 -0.0653361 -1.22341 -0.187142 -1.16951 0.615025 0.703757 -0.646709 0.891576 -0.0495826 -0.584011 -0.327545 0.455658 0.0461954 -1.28054 0.214272 -1.24534 0.0530186 1.60248 0.813304 1.3495 1.4182 0.831404 0.215207 
1.10508 0.914851 0.361383 0.230987 -0.626756 0.78315 -0.435416 -0.63777 0.731136 0.847114 -0.150019 0.5524 0.485178 0.807083 -0.351951 0.371398 0.303484 -0.251182 -0.152952 -0.738856 0.572869 -0.801458 0.905238 0.178797 0.889768 -0.05831 0.536494 -0.663208 0.27789 0.260512 
-0.0955542 0.682634 0.948636 0.360258 0.323645 0.446739 0.255928 -0.690727 -0.848317 0.0876769 -0.0744183 -0.931537 1.05253 -0.332327 -0.493758 -1.64104 0.284803 -0.613433 0.469462 -1.14487 0.153421 -0.831692 -0.182963 -1.22629 -0.638768 -0.440063 0.379233 0.462752 -0.463317 0.171799 
-0.645578 0.599139 0.533896 -0.0566032 0.656253 0.106868 -0.444931 -0.657006 -0.924366 0.63282 -0.709027 -0.480422 0.846731 -0.451752 -0.599344 -1.1759 0.480358 -0.918322 0.418611 -0.657596 -0.0176543 0.0223881 -0.348596 -0.979533 -1.05033 -0.0933957 0.849256 1.08496 0.372324 0.329109 
-0.438223 -0.228532 1.35325 -0.0423503 0.165656 0.294668 -0.0103088 -0.143619 1.0274 -0.546293 -0.225509 -1.38016 -1.62331 -0.247224 -0.079965 -0.188697 -0.820119 -1.37793 -0.557199 -0.786591 0.230077 1.54451 0.588924 0.392242 -0.217459 0.516355 -1.37779 1.49008 -1.08851 0.00881375 
0.260816 -1.12712 0.428532 -0.677505 -1.27082 -1.79795 0.436686 0.621158 -0.445188 0.645348 -0.244862 0.650932 0.236707 0.498649 -0.652578 0.0816669 -0.516751 -0.42896 0.06658 -0.720245 0.878452 0.100098 0.884684 -0.134232 0.994737 0.249076 1.59313 0.134943 1.12328 0.370522 
-1.09242 -1.08097 -0.0565745 0.342457 -0.468561 0.198092 -0.0382475 -0.56432 0.59761 -0.00664941 -1.80081 -0.464876 0.274023 0.552036 1.31132 1.21624 1.18779 -0.880226 1.54747 -0.00399709 0.6231 -0.351841 -0.950913 -0.234262 -0.985745 0.490425 -1.48911 0.0120987 -1.35254 0.781577 
-0.973155 -0.787831 -0.970126 0.389288 1.16358 0.231428 0.739493 -0.029698 -0.779052 -0.652896 -1.11362 -1.90894 -0.487914 -0.534494 -0.97169 0.0670798 -0.140342 -0.00225289 -0.741703 -1.16447 -0.501265 -0.815226 0.59954 0.336961 0.394623 -0.148586 0.347705 0.699056 0.460605 -0.119516 
-0.0610428 -0.0727229 0.392964 -0.36045 -0.914165 0.759369 -0.405721 -0.793622 0.0867008 -0.684685 -0.705364 -1.53014 -0.718162 -0.555642 -0.200413 0.911883 -0.0961298 -0.825652 -0.298851 0.958425 0.0306887 0.118597 0.304053 0.205664 0.15348 1.59814 -0.44476 1.45057 0.179226 -0.613502 
0.110237 -0.483067 0.945088 -0.277699 -0.562994 0.916233 -0.307849 -0.436934 0.77455 0.0781118 -0.535614 -1.24144 -0.468003 -0.179022 -0.216213 0.518377 -0.399305 -1.05868 -0.717208 0.584918 0.22457 0.773803 0.865497 0.359944 0.28152 0.902294 -0.812261 0.968828 -0.0824351 -0.756847 
0.681828 0.0615889 0.404258 -0.223895 -0.117276 1.79827 0.858245 0.62259 0.049778 0.366518 -0.528031 1.46686 -1.16257 -0.592487 1.13623 -0.546323 -0.338025 -0.918668 0.867342 0.575783 -0.308449 1.55274 0.0595205 -1.12454 -0.802125 -0.155698 -1.46898 0.32435 1.23198 0.791182 
-1.63754 0.316996 -1.07918 0.450465 0.131035 0.490876 0.209241 1.16357 -0.273587 -1.2355 -0.0279082 -0.742566 -0.0956743 -0.213986 0.894506 -0.519649 -1.5865 0.0105639 -1.77704 -1.25579 -0.664842 -0.403758 -0.234239 0.617877 0.307317 -0.272422 -0.124744 0.372261 1.58549 1.38035 
-0.518165 1.33855 -0.505621 1.14328 0.21212 1.17091 -0.328575 1.15369 -0.0149691 0.0585608 -0.0901145 -1.14168 -1.40809 0.53207 1.57311 1.6948 0.142115 -0.202918 0.252723 -1.47614 0.380614 0.774945 0.527609 0.210986 -0.271579 -0.425522 0.315152 0.0781694 -0.335663 -1.5396 
-0.875285 0.726629 0.332348 1.32917 -0.0334 1.41399 -0.222583 1.38552 0.594492 0.109409 -0.340019 -0.496717 -0.860882 0.158817 2.21177 1.73472 0.00433921 -0.332998 0.208196 -0.984276 0.535113 0.389514 0.0462505 -0.196643 -0.149539 -0.714935 -0.0204827 -0.23484 -0.7952 -1.97225 
1.16161 -0.392785 0.637043 -1.50565 0.217354 -0.212033 -0.730494 -1.14032 0.205108 -0.811196 -0.212737 1.22308 1.58162 -0.103976 -0.805106 2.29082 -0.348699 -0.775634 -0.162847 0.215065 1.38284 2.09393 -1.05635 0.189086 -0.0751199 0.245296 -0.359903 -0.107457 -0.445937 -0.611217 
1.03357 -0.395677 -0.786901 -0.142001 0.022411 0.0193334 -0.773846 -0.066883 1.04688 0.583824 0.0699989 1.91973 -0.678702 1.62778 -0.785362 -0.554335 0.162426 0.0497487 0.248907 -0.39186 0.946868 -0.0499003 -0.634863 -0.916586 -0.254577 -0.240484 0.74989 -1.07704 0.168193 -0.292404 
-0.940074 1.09087 0.754328 -0.00784523 1.50084 -0.0190966 -0.346909 -0.300465 -0.626681 0.65897 -0.503161 -0.00675025 0.0763182 0.0460854 -0.434504 -0.377424 0.223187 -1.21513 -0.306029 -0.880873 -0.415099 0.204977 0.390096 -0.746674 -1.01944 -0.0863267 0.412085 1.07875 0.576083 -0.206541 
-1.52926 -1.63384 -1.50022 1.1696 0.559223 0.644065 -0.298767 0.0644173 -0.504651 -0.975491 -0.631812 -1.16394 -0.257212 0.234299 -0.340125 -0.059275 -0.0322486 0.595462 -0.548364 -0.697102 -0.264141 -0.629109 0.456513 0.425453 0.502231 0.264849 -0.343202 0.129795 0.680507 -0.456167 
-0.894723 0.0987996 0.750155 -0.29215 -0.690622 -1.41435 -0.649597 0.00239914 -1.3746 0.653446 0.0876879 -0.807716 -0.580739 0.966396 -1.52701 0.84739 0.216099 -1.26229 0.349194 -0.604971 -0.84611 -0.278618 -1.05048 -0.835117 1.24627 -0.548358 -0.311059 0.15872 -1.0367 -0.205667 
-0.387794 -0.597881 1.73274 -0.442859 -0.0154332 0.399416 -0.137381 -1.0817 1.1 -1.03813 -0.263767 -0.961968 -1.24441 -0.338669 0.0239528 -0.457652 -0.20164 -1.72686 -1.08194 -0.0966117 -0.59447 1.57793 0.4372 0.908152 0.225343 0.0228453 -1.08774 1.98132 -0.66065 -0.0362494 
-2.34787 -1.5542 1.25927 -0.160543 -0.685242 -0.0441018 -0.525767 -1.2482 -1.71463 0.740106 1.49035 0.631936 -0.26811 -0.472732 1.25185 -0.404693 0.765274 0.889743 1.56977 -0.532884 -0.107145 -0.808747 1.19652 -0.382832 -0.595892 0.713279 0.172593 -0.751375 0.421159 1.04163 
1.13423 0.586405 -0.116846 0.838901 0.0699964 0.12765 0.304937 -0.48467 0.177692 -1.0678 -0.459201 0.0117524 0.944096 0.462958 2.07164 -0.0739433 -0.731464 0.385151 -0.383678 -0.0573043 0.336934 -0.364921 0.613542 -0.0239769 1.13239 -0.259661 -1.42452 -0.301852 1.90372 1.25966 
-1.21477 0.216518 -0.0128721 -0.211171 0.522907 -0.545133 0.308231 -0.298934 -0.795864 0.737843 0.143064 0.614292 -0.801731 0.94924 -0.245174 0.187749 0.881611 -0.891448 0.55932 0.0612688 -0.960092 0.987463 0.272148 0.098807 0.869815 0.343636 -0.57206 -0.788567 -0.629446 -0.626639 
0.486483 -1.65461 -0.52803 0.260601 -1.09935 0.567013 -0.415997 0.460888 1.42131 0.346688 0.511767 -0.836783 -0.370045 -0.596254 -1.33818 1.05644 1.03438 0.023028 -0.446875 0.372487 -0.741128 1.07574 0.0935452 -0.191704 0.82845 0.696252 -0.823978 -0.967004 -0.54092 -0.497144 
-1.25999 0.934956 0.471316 0.721984 0.714605 -0.472887 -0.140291 0.895103 0.327365 0.44599 -0.677861 0.135572 -1.25187 -0.547454 0.0990232 -0.303286 -0.890274 0.032637 0.325335 -1.07791 1.0623 0.399653 0.373229 0.0426472 1.16445 -0.253613 0.479587 0.955304 0.566034 -0.110121 
-1.22464 0.992659 0.599941 0.965029 0.734943 -0.156063 -0.0596302 1.212 0.140369 0.75408 -0.986105 0.314985 -1.16184 -0.253238 -0.0268183 0.00136162 -0.772366 0.125635 0.112732 -1.13851 1.34727 0.249412 0.363947 -0.1522 1.00941 -0.385746 0.559728 0.89213 0.872682 -0.114634 
-1.16756 0.892245 0.473206 1.00451 0.679353 -0.566697 0.0886678 0.897897 0.230821 0.172824 -0.916331 0.147396 -1.18005 -0.748136 0.416602 -0.147731 -0.774648 0.28316 0.368624 -1.00008 1.0673 0.0717811 0.215286 0.369008 0.840482 0.0679063 0.311385 1.19008 0.715087 -0.222754 
-0.165982 -0.492368 1.85304 0.279786 -0.308008 0.327033 0.263657 -0.476493 0.766294 -1.02059 -0.453965 -1.01235 -1.65663 -0.397035 -0.143643 -0.609444 -0.483025 -2.08433 -0.82899 0.127288 -0.0643141 1.73871 0.46153 1.05997 0.0308334 -0.298994 -0.872539 2.38231 -0.654776 0.657499 
-0.0706714 -0.545678 1.72079 0.241645 -0.183574 0.284681 0.0820896 -0.183372 0.527981 -1.14229 -0.778788 -1.14327 -1.73697 -0.433825 -0.19516 -0.754251 -0.224313 -1.8742 -1.09164 0.404161 0.191927 1.64301 0.714559 1.32007 0.31087 -0.32717 -1.20096 2.46532 -0.775287 0.646288 
-0.117951 -0.711046 1.63563 0.484367 -0.495655 0.00769196 0.519651 -0.752341 0.99211 -1.09709 -0.302549 -1.22332 -1.6596 -0.251383 -0.445531 -0.387396 -0.224475 -1.82281 -1.14525 0.0289491 -0.376567 1.74002 0.570787 1.32622 0.0235205 -0.1668 -0.901086 2.05321 -0.684295 0.326066 
-0.546891 -0.853927 0.570395 0.326162 -0.796485 1.17255 -0.422049 -0.274532 1.05447 -0.322633 -0.0297984 -1.13956 -0.335326 -0.146264 -0.766107 -0.130831 -0.690623 -1.12953 -0.36984 1.1053 0.105034 1.22127 1.08714 -0.200309 0.269237 1.448 -0.810045 1.39852 0.416288 -0.340137 
-0.511363 -0.644574 0.860555 0.231711 -0.510579 0.85905 -0.22363 -0.124577 1.11974 -0.195817 -0.260537 -1.27203 -0.180409 -0.475301 -0.716846 0.0779109 -0.430328 -1.14808 -0.517981 1.15883 0.286138 0.946479 0.77308 -0.23236 0.575279 1.3121 -0.832008 1.68746 0.51073 -0.13213 
-0.214428 -0.688287 0.650589 0.493235 -0.888963 1.44765 -0.28145 -0.0833912 0.913099 -0.266112 0.023105 -1.14111 -0.175719 0.0412315 -0.993674 0.1508 -0.953385 -1.32064 -0.321346 0.855483 -0.18433 1.34778 1.3115 -0.188788 0.434324 1.11904 -0.609547 1.30168 0.564589 -0.240272 
-0.723069 -1.8218 1.39788 -0.374874 0.0821209 1.54957 -0.847006 0.394694 0.281751 -0.912457 0.347326 -1.63885 -1.75738 0.782 -0.160269 0.412774 0.0678791 -1.46378 -0.0641004 1.02329 0.553065 1.76788 -0.0650049 0.0846724 0.289772 0.0203106 -1.5296 0.130146 0.0406661 -1.49886 
-0.795142 -2.03643 1.23094 -0.0707416 0.225699 1.80213 -0.856856 0.20826 0.576626 -1.11055 0.143072 -1.66991 -1.56763 1.08106 -0.391934 0.693069 -0.0627123 -1.21253 -0.229554 1.30784 0.788014 1.62864 0.232013 0.408915 0.0644119 0.103932 -1.8609 -0.0450042 -0.0713789 -1.50492 
-0.452089 -2.09502 1.4676 -0.0585699 0.353305 1.36398 -1.09831 0.452819 0.323821 -0.621211 0.397713 -1.59983 -1.79957 0.454949 -0.159804 0.25894 0.341813 -1.37499 0.105457 1.14834 0.731082 1.4813 0.0449718 -0.0602482 0.124412 0.122295 -1.58435 0.392658 0.0562004 -1.7079 
-1.22488 -1.15891 -0.932332 1.18627 0.628931 0.373671 0.0575654 0.349678 -0.438746 -0.513956 -1.24124 -1.55427 -0.46303 -0.139927 -0.470302 0.332572 0.230557 0.142966 -0.628971 -0.966433 -0.0900111 -0.614031 0.862225 0.369469 0.121567 0.0441632 -0.197001 0.707187 0.380436 -0.0467525 
-1.47337 -1.25779 -1.14938 1.51918 0.328873 0.585942 0.371182 0.0414248 -0.688036 -0.529336 -1.27422 -1.7868 -0.793956 -0.189888 -0.768297 0.408096 0.377284 0.0875768 -0.92467 -1.02783 -0.0306088 -0.8009 1.19157 0.270174 0.0206812 -0.287295 -0.033575 0.702871 0.0825224 -0.351173 
-1.04449 -1.41094 -1.1773 1.02318 0.738722 0.704626 0.353383 0.357211 -0.252611 -0.501692 -1.04977 -1.43506 -0.551285 -0.386465 -0.295757 0.168067 0.395891 -0.130063 -0.858591 -1.10987 -0.281297 -0.826782 0.580877 0.0831151 0.277842 -0.167643 -0.468342 0.705045 0.671754 0.139202 
-1.86375 -0.838431 0.766894 -0.166941 -0.205635 -0.116347 -0.468119 -0.823885 -1.83838 0.325774 1.40218 0.0134132 0.317129 -0.262677 0.797348 -0.53698 0.755292 1.43956 0.766258 -0.689415 -0.0149332 -0.938273 0.899822 0.0556611 -0.403908 1.03018 0.548638 -0.427113 0.340469 1.13198 
-1.57457 -0.528857 0.929975 -0.0949797 0.0279679 -0.400932 -0.594074 -1.06735 -1.5991 0.554226 1.63692 0.0190521 0.0267124 -0.513867 0.60695 -0.454187 0.534006 1.16324 1.08365 -0.831691 -0.260117 -1.17423 0.593152 -0.208067 -0.640621 1.20201 0.352577 -0.618821 0.521493 0.891314 
-2.19513 -1.05849 0.94477 -0.0721275 -0.425592 -0.21932 -0.706054 -1.02197 -1.98561 0.262825 1.67323 -0.22903 0.185859 -0.349928 0.591187 -0.539334 0.73993 1.50911 1.00286 -0.819408 -0.21945 -0.825321 0.585927 0.216042 -0.459101 1.05714 0.842914 -0.651087 0.308018 1.38953 
-0.877566 -1.34901 1.52292 -0.597803 0.292218 1.08492 -0.357626 -0.0992335 0.261727 -0.564964 0.0840732 -1.85679 -1.26781 0.6051 -0.300725 0.0405138 -0.161269 -1.17109 0.166186 0.821527 0.141503 1.52426 0.219928 -0.0337485 0.512468 0.0527579 -1.08392 0.184402 0.24868 -1.12452 
-1.02167 -1.39333 1.60092 -0.470414 0.115749 1.38412 -0.0781508 -0.0477629 -0.0666833 -0.614719 0.0532085 -2.0475 -1.13025 0.829474 -0.350428 -0.204515 0.0581711 -1.18413 -0.10651 0.693875 -0.173032 1.75937 -0.0278355 -0.0790508 0.421274 -0.25358 -1.33375 -0.0744351 0.236822 -1.32974 
-1.06301 -1.3949 1.31549 -0.595249 0.184094 1.10372 -0.163872 -0.418226 0.143249 -0.861652 -0.208244 -1.878 -1.34961 0.370065 -0.0613988 0.130672 -0.428694 -1.32228 -0.0239828 0.627112 0.359546 1.66749 0.476751 -0.276695 0.486412 0.025199 -1.16561 0.456768 0.560327 -1.4543 
-0.36766 0.927105 -0.135501 0.765133 -0.0253771 1.23766 -0.598173 0.962265 0.739214 -0.296679 -0.859663 -0.557159 -0.871798 0.0855233 1.6704 1.37937 0.0912309 -0.0828424 0.206975 -0.836988 0.691959 0.303613 0.445417 -0.0936793 -0.411498 -0.373257 0.136803 -0.169373 -0.426179 -1.8497 
-0.186537 1.19558 -0.38665 0.84791 -0.155153 1.54198 -0.452062 1.17469 0.614846 -0.559421 -1.15639 -0.322031 -0.70735 -0.114917 1.85102 1.43943 -0.187579 -0.149569 0.492468 -0.629507 0.826034 0.303328 0.187628 -0.184852 -0.494701 -0.367871 0.213845 -0.0129116 -0.317431 -1.59996 
-0.5243 0.67887 0.126319 0.841445 -0.0821994 1.44148 -0.423183 0.850636 1.03463 -0.387855 -0.902324 -0.76565 -0.821029 -0.207998 1.4881 1.5918 -0.240404 -0.358358 0.118623 -0.923449 0.647759 0.3904 0.23708 -0.186857 -0.698168 -0.419248 -0.138219 -0.456485 -0.610694 -1.65443 
-1.06256 -0.23462 -0.60476 -0.042802 -1.17182 -0.799594 -0.545418 -1.17257 0.39901 -1.05721 0.566691 0.363291 -0.722396 0.417052 0.645941 0.660577 1.2955 0.569937 -0.363517 -1.72794 0.205406 0.372509 -0.330638 -1.09124 0.742997 0.442372 0.83617 -0.926245 -0.266999 0.172874 
-1.0208 -0.268218 -0.504707 -0.203848 -1.2203 -0.497385 -0.492194 -1.27836 0.0765395 -1.31467 0.845837 0.562644 -0.838582 0.101967 0.34731 0.44641 1.1332 0.571875 -0.280441 -1.63194 0.026283 0.308148 -0.0376043 -1.40574 0.749095 0.444152 0.653294 -0.697667 -0.0790033 -0.0731705 
-1.35314 -0.355284 -0.542101 0.00415325 -0.910576 -0.796288 -0.353052 -0.9892 0.49488 -1.21957 0.533624 0.075839 -0.727172 0.0907606 0.323049 0.97888 1.08649 0.859845 -0.63593 -1.92446 0.408881 0.493502 -0.32618 -1.30721 0.660232 0.526256 0.997886 -0.817051 -0.508507 0.366023 
0.021401 -0.853319 0.389086 -0.263134 -1.47223 -1.53951 0.193318 0.383285 -0.0530165 1.26786 -0.762914 -0.0291435 -0.0455992 0.318947 -0.546012 0.0320342 -0.590756 -0.575636 0.00681463 -1.09151 1.01593 0.842621 0.892138 -0.830192 0.983667 -0.266079 1.6771 -0.381934 1.02303 -0.0128811 
0.323839 -0.927644 0.408422 -0.296635 -1.70508 -1.79607 0.126923 0.349944 -0.110704 1.29284 -0.726382 0.101317 -0.35312 0.257356 -0.442264 0.0775302 -0.338378 -0.859538 -0.0902499 -1.07764 1.07263 0.539364 0.690998 -1.15509 0.983355 -0.215447 1.34584 -0.249227 0.71542 -0.24894 
0.107035 -1.1212 0.165329 -0.352712 -1.39303 -1.21577 0.0984841 0.531059 0.0496626 1.25729 -0.947601 -0.211698 0.114271 0.142796 -0.438842 -0.240247 -0.574222 -0.250594 0.0888461 -1.09852 1.16398 0.881308 1.21638 -1.15626 1.27879 -0.46186 1.5176 -0.351908 0.928843 0.0569244 
