-0.337689 -1.34028 1.76642 0.576114 0.00367965 0.262845 0.424796 -0.25905 0.786321 -1.09577 0.145483 -1.5395 -1.73221 0.347502 -0.316658 0.0704835 -0.128501 -1.53936 -0.459679 0.384544 0.697994 1.66874 0.256239 0.0233088 -0.0155752 -0.0270024 -0.904098 0.450554 -0.0688369 0.137882 
-0.0259807 -1.44583 0.381926 -1.00372 -1.41153 -1.85841 0.255989 0.654611 -0.338011 0.561677 -0.396181 0.699803 0.30725 0.474666 -0.678798 -0.0727625 -0.428362 -0.38017 -0.172773 -0.695447 0.884975 0.212025 1.05896 -0.0691252 1.04753 0.13321 1.54631 0.237496 1.07131 0.234923 
-1.40674 0.723211 0.546647 0.828335 0.44591 -0.399255 0.107653 0.924897 0.234455 0.249231 -0.584116 -0.012183 -1.41812 -0.412135 0.128757 -0.481061 -0.784564 0.0446114 0.296966 -1.31361 1.10884 0.198707 0.439913 -0.0395236 1.11955 -0.322517 0.564575 0.767706 0.251759 -0.431534 
0.369463 -0.467861 1.18763 -0.227516 -0.419368 0.983819 -0.500847 -0.548193 0.420871 0.165384 -0.462844 -1.049 -0.47422 -0.571826 -0.198387 0.614964 -0.424223 -0.681213 -0.733886 0.574023 0.412313 0.917921 1.00092 0.660234 0.0914809 0.879893 -0.825247 1.30661 -0.284209 -0.370333 
0.109697 -0.979357 0.450772 -0.252507 -1.5756 -1.8142 0.275072 0.610968 0.0172305 1.07175 -1.00044 -0.127769 0.236413 0.630547 -0.466888 0.188113 -0.578079 -0.2441 0.24893 -1.35108 0.718676 0.58616 0.809624 -0.710951 1.03349 -0.176038 1.77862 -0.52223 0.729254 0.247571 
-1.14727 -1.2785 -0.994659 1.15108 0.448603 0.193835 0.321072 0.364244 -0.21444 -0.662514 -0.883653 -1.39571 -0.260301 -0.151854 -0.46542 0.455907 0.0695596 0.18549 -0.865127 -1.05235 -0.174669 -0.32422 0.81646 0.23015 0.0586824 -0.00691372 0.146028 0.978452 0.508335 -0.0698092 
-0.42864 -0.10087 0.687674 0.207999 -1.13308 0.630504 -0.370817 -0.789764 0.143625 -0.224448 -0.817635 -1.3153 -0.788306 -0.479449 -0.545392 1.08048 -0.0915573 -0.999872 -0.23375 0.654161 0.0740981 -0.259219 0.494848 0.268736 -0.318063 1.16215 -0.119089 1.22245 0.419978 -0.270741 
-0.162711 -2.00709 1.36387 -0.275788 0.115505 1.06652 -0.896905 0.377832 0.52349 -0.605015 0.729225 -1.52997 -1.64816 0.5582 0.0255662 0.0542267 0.0917934 -1.16582 -0.116145 1.00891 0.806897 1.64997 -0.00602176 -0.000499009 -0.29061 0.202302 -1.80795 0.152637 0.517368 -1.80859 
-0.198833 0.694785 -0.484296 0.624397 -0.077157 1.38405 -0.62906 1.19768 1.04843 -0.147569 -0.757857 -0.771286 -0.801127 -0.208358 1.69364 1.43316 -0.101092 -0.159282 0.522593 -0.862769 0.459438 0.350643 0.486174 0.0909241 -0.504534 -0.251269 0.396711 -0.124303 -0.343939 -2.20569 
-0.206949 -0.722408 1.65606 0.635693 -0.624402 -0.145575 0.752475 -0.654012 0.920593 -0.811069 -0.232519 -1.56227 -1.6571 -0.328009 -0.372489 -0.685365 -0.0447928 -2.01344 -1.09903 -0.0855389 -0.299405 1.93504 0.706908 1.29676 0.196731 -0.419366 -0.89043 1.90771 -0.917439 0.466734 
-0.265279 -0.351924 1.96736 0.354354 -0.589013 0.283116 0.176053 -0.709394 0.630184 -0.685858 -0.444605 -1.2722 -1.44097 -0.734557 -0.351723 -0.51846 -0.62457 -1.97368 -0.773051 -0.191524 -0.118174 1.77946 0.473345 1.09854 0.214899 -0.14454 -0.708498 2.65662 -0.45877 0.545843 
-1.25238 -1.33348 -0.991166 1.01479 0.519764 0.34906 -0.041309 0.593755 -0.514686 -0.397637 -1.14789 -1.42602 -0.589393 -0.177237 -0.676841 0.193842 -0.0720708 -0.0199491 -0.774438 -1.15751 0.0015258 -0.721475 0.965982 0.28826 0.5296 0.0283148 -0.0122341 0.760071 0.534131 -0.116128 
-0.473447 1.26532 -0.386163 1.42933 0.445467 1.14538 -0.470719 1.6784 0.181538 0.334014 -0.0141388 -1.06365 -1.24147 0.508184 1.4849 1.92471 0.0712453 0.052421 0.276424 -1.43755 0.398174 0.813434 0.254003 0.220742 -0.506584 -0.447442 0.533912 0.0757574 -0.673802 -1.51319 
-0.492499 -0.80008 0.624449 0.160791 -0.948876 1.49996 -0.424388 -0.180032 1.11211 -0.1923 -0.0514217 -1.39625 -0.351441 -0.514511 -0.656045 -0.206002 -0.866514 -1.09094 -0.199638 1.31797 0.0987088 1.36979 1.14633 -0.166579 0.311745 1.17504 -0.689412 1.46558 0.185963 -0.265639 
-0.249375 -0.194799 2.12124 -0.403253 -0.363085 0.17312 0.0732951 -1.1901 0.92142 -1.05542 -0.310024 -1.11008 -1.58783 -0.325041 0.255311 -0.473269 0.077092 -1.35824 -1.10815 -0.217578 -0.702463 1.48909 0.308704 0.939474 0.300893 0.0233781 -1.2711 2.33875 -0.736128 -0.0933528 
-1.24933 -0.27521 -0.53025 -0.135099 -1.41019 -0.735029 -0.591431 -1.05002 0.207405 -1.35525 0.272023 0.15617 -0.710031 0.278973 0.669815 0.916597 1.52924 0.304357 -0.256661 -1.73362 0.445208 0.269746 -0.153669 -1.10696 0.795381 0.829861 0.865735 -0.646953 -0.142908 0.627501 
-1.63685 -1.48245 -1.65975 1.28153 0.515865 0.493875 -0.450304 -0.0530773 -0.463265 -0.875543 -0.559439 -1.24525 -0.334482 0.110993 -0.435954 0.0544125 0.0501919 0.758093 -0.470435 -0.561336 -0.427883 -0.756565 0.610407 0.579857 0.435743 0.245819 -0.202897 0.287799 0.680231 -0.517432 
-0.534008 -1.93219 1.79233 0.0177676 0.255236 1.57288 -1.04575 0.407755 0.261128 -0.616277 0.483278 -1.79546 -2.03986 0.343172 -0.516487 0.25414 0.397009 -1.4528 0.171002 1.26083 1.055 1.4121 0.014538 -0.246277 0.27935 0.0409658 -1.57275 0.348503 0.0619606 -1.69679 
-1.92715 -1.16594 0.714015 -0.0404631 -0.253416 -0.365543 -0.0937734 -0.984451 -1.78069 0.394903 1.3077 -0.149451 -0.0867782 0.0588825 0.922609 -0.273544 0.320013 0.975279 0.931733 -0.859256 0.0139728 -0.937297 0.680587 0.0325226 -0.231057 0.767726 0.877305 -0.57517 0.529059 1.04537 
-1.35484 -1.4983 -1.45894 1.12149 0.628209 0.191905 -0.354355 0.60703 -0.562292 -0.626017 -1.00733 -1.31786 -0.662122 -0.0924885 -0.570021 0.491555 -0.0757976 -0.325361 -0.443946 -1.20887 0.204258 -1.07777 0.99885 0.289286 0.239933 -0.0485966 -0.25048 0.683912 0.19339 -0.306277 
-1.31691 1.20944 0.728299 0.680475 0.639904 -0.597023 -0.0741092 0.652523 0.707985 0.704631 -0.677105 -0.255132 -1.6941 -0.720392 0.185782 -0.0277837 -0.587143 0.100003 0.228054 -0.593721 1.09759 0.396989 0.208311 0.0492086 1.57876 -0.41505 0.262031 1.1456 0.587521 -0.141686 
-0.569237 -1.16514 1.37314 -0.576638 0.08299 1.14911 -0.580814 0.117893 0.469612 -0.617069 0.00784891 -1.66291 -1.55173 0.534188 -0.117422 0.0109127 0.223688 -1.07921 0.142511 0.863614 0.154107 1.31528 -0.269632 0.311255 0.740822 0.214354 -1.19141 -0.0227198 0.251643 -0.751684 
-0.0389228 -0.72526 1.44138 0.553559 -0.955131 0.127616 0.447007 -0.74312 1.09756 -1.22463 -0.38349 -1.06 -1.72394 -0.239405 -0.39541 -0.124847 -0.0788561 -1.86717 -1.26058 -0.00628355 -0.569684 2.04343 0.572463 1.22887 0.09141 -0.152916 -1.2212 2.30021 -0.523349 0.101976 
0.0140402 -0.365612 1.90294 0.26109 -0.357835 0.358081 0.565355 -0.605162 0.786834 -0.974802 -0.698634 -1.24534 -1.53227 -0.317559 -0.13279 -0.487943 -0.820843 -2.1089 -0.715411 0.0314856 0.0488578 1.78894 0.46129 1.1637 -0.0156516 -0.193909 -0.653607 2.06764 -0.67494 0.60874 
-0.145334 -0.7886 0.886289 -0.468945 -2.00074 -1.32113 -0.00711294 0.515611 -0.807207 0.801635 -1.23035 0.401421 -0.218687 0.20338 -0.382166 -0.539103 -0.162292 -0.810584 -0.0694887 -1.05214 0.85755 0.68496 1.38264 -0.145974 1.76233 -0.557948 1.2838 -0.275058 1.27982 -0.649214 
-0.932114 -1.33271 -0.739136 0.806813 0.303567 0.753726 -0.494954 0.23442 0.300939 -0.277343 -0.960325 -0.77581 -0.514083 0.243254 0.727887 0.582069 -0.149829 0.402725 0.252062 -0.927443 0.287323 0.504084 0.589289 0.336975 0.463337 0.110991 -0.147703 -0.0730544 -0.269209 -1.86687 
-0.452876 -2.2856 1.48362 -0.0991045 0.440032 1.16688 -1.01374 0.3203 0.348671 -0.913686 0.432681 -1.44335 -1.75544 0.509389 -0.138784 0.284769 0.358281 -1.41801 0.122136 1.33966 0.658437 1.63283 0.0468182 0.175902 -0.0288626 -0.00505227 -1.63563 0.445929 0.152967 -1.71088 
-0.557447 0.664666 0.331426 1.21715 0.0157712 1.63837 -0.464943 1.05389 1.03116 -0.276039 -0.910521 -0.555489 -0.765508 0.0821998 1.50987 1.62408 -0.134528 -0.470676 0.0921508 -0.513058 1.14318 0.5188 0.291527 0.0283335 -0.956026 -0.0436216 0.177036 -0.102244 -0.668302 -1.43293 
-0.730839 1.12021 0.585249 1.0882 -0.0422157 1.45371 -0.390242 1.41208 1.00897 -0.232566 -0.0482669 -0.442294 -0.943675 0.00810251 1.88656 1.77316 0.529698 -0.292067 0.0590916 -0.905134 0.406981 0.443906 0.40747 -0.570835 -0.0294801 -0.71142 -0.0235168 -0.322071 -1.07971 -2.11435 
-0.179057 -0.782217 1.85804 0.423202 -0.53267 0.0117218 0.656284 -0.696156 0.993424 -1.11062 -0.0368663 -1.31121 -1.60562 -0.116605 -0.356256 -0.618608 -0.118627 -1.88907 -1.00125 0.13714 -0.459851 1.83016 0.776318 1.50401 0.105877 -0.108434 -0.948166 2.01978 -0.805341 0.15556 
-0.101074 -0.444323 0.246343 -0.286118 -1.06274 -1.05865 -0.241299 -0.687687 0.342461 0.852416 0.371113 -0.17197 -0.603063 0.456992 0.416646 0.186132 -0.58214 0.602242 0.0328053 -1.19162 0.430099 0.707234 0.22726 -1.0587 0.833161 0.290438 1.06346 -0.714205 0.488857 0.0492015 
-0.0913922 -0.896076 1.55225 0.32179 -0.199303 0.201151 0.740997 -0.501945 1.1365 -1.00808 -0.224479 -1.6021 -1.69979 -0.23969 -0.467632 -0.390813 -0.323386 -1.63237 -1.21179 0.0600916 -0.375067 1.61596 0.632045 0.97367 0.0996062 -0.109735 -0.878779 2.05482 -1.11488 0.23994 
-1.9756 -1.16075 0.606787 -0.160968 -0.612321 -0.185415 -0.33916 -1.20689 -1.83927 0.0652364 1.24931 0.122911 0.471069 -0.160259 0.471459 -0.261654 1.01867 1.9252 0.844682 -0.642204 0.0787519 -0.83427 0.589981 0.411034 -0.356633 1.26849 0.426289 -0.876079 0.607508 1.01731 
-1.12198 -0.206202 -0.652823 -0.236684 -1.05933 -0.855741 -0.719279 -1.20799 0.518233 -0.926436 0.526314 0.187628 -0.872201 0.492031 0.6475 0.736613 1.43428 0.844995 -0.364414 -1.69323 -0.010405 0.481124 -0.571726 -1.15099 0.700192 0.421754 0.855535 -0.75113 -0.5041 0.0962203 
-1.11455 -0.180323 -0.616596 0.0713109 -1.08533 -0.79377 -0.425828 -1.07727 0.342134 -0.924127 0.459414 0.364623 -0.815158 0.503016 0.482759 0.709441 1.32918 0.520868 -0.492096 -1.85533 0.368513 0.216713 -0.351885 -0.938369 0.861117 0.586604 0.982564 -1.00147 -0.277587 0.187445 
-1.57446 -1.24764 -1.34929 1.18398 0.956156 0.256835 -0.0702097 0.431216 -0.582507 -0.486976 -1.07128 -1.58285 -0.383636 -0.195169 -0.329494 0.328797 0.180041 -0.164516 -0.847308 -1.39089 -0.0493791 -0.801011 1.08802 0.234646 0.640289 0.217443 0.0620375 0.553747 0.579727 -0.183844 
0.34258 -2.13944 0.757068 0.0634903 -1.14543 1.06962 -0.774704 0.439035 0.471785 0.264155 0.327061 -1.42581 -1.46078 -0.20162 -0.766625 0.807297 0.791841 -0.946694 -0.521453 0.753635 0.602128 1.60524 0.0250874 -0.254238 0.573677 0.780884 -1.07178 0.133261 -0.186178 -1.45045 
-0.219627 0.965915 -0.2247 0.472495 -0.00108886 1.23249 -0.394887 0.983919 1.11057 -0.167219 -0.724336 -0.803247 -0.659576 0.0680293 1.50544 1.37547 -0.080077 -0.448063 0.449017 -0.919511 0.711678 0.374466 0.915536 0.294794 -0.352953 -0.0597594 0.529723 -0.0404834 -0.344426 -1.99098 
-0.629407 -2.22649 1.01255 -0.114457 -0.363572 1.52259 -1.12891 0.101631 0.460718 -1.04415 0.0448886 -1.5771 -1.66565 1.17828 -0.900923 1.1503 -0.287696 -0.962712 -0.106312 1.40699 1.27562 1.61684 0.287082 0.203348 -0.0242319 0.313811 -1.81264 0.187668 -0.269887 -1.44229 
-1.24638 -0.169397 -0.582523 0.00935074 -1.28255 -0.589572 -0.24136 -1.11852 0.263566 -0.76883 0.766089 0.336203 -0.796377 0.403456 0.568711 0.822112 1.29483 0.582723 -0.732161 -1.6266 -0.179051 0.448118 -0.401022 -0.863265 0.835111 0.43473 1.04711 -0.768989 -0.0699726 0.206783 
-0.428716 -0.604971 0.072375 0.000352663 -0.00360003 1.13584 -0.848764 0.885017 0.609893 -0.469382 -0.032482 -1.25104 -1.32675 0.171395 1.5381 0.499842 0.330334 -1.44531 0.358863 0.479889 0.738184 0.627361 0.343402 0.011708 -0.131871 -0.0381312 -0.719496 0.242276 0.102504 -1.78029 
-0.302282 1.00565 0.12817 0.843679 -0.020454 1.2629 -0.437132 1.19234 0.501602 -0.447294 -0.752821 -0.589257 -0.741999 -0.0435579 1.63543 1.50024 -0.187575 -0.0634354 0.231155 -0.824659 0.867181 0.302367 0.232674 0.102425 -0.461135 -0.613149 0.0440211 -0.234424 -0.401182 -1.82414 
1.39205 -0.27427 -0.320522 0.144684 -0.134744 0.0925501 -0.898209 0.187802 0.887779 0.897357 -0.106692 2.28996 -0.456989 1.27754 -0.575421 -0.891808 -0.173233 0.181755 0.331722 -0.513059 0.740535 0.212665 -0.834887 -0.872318 -0.0375605 -0.0940938 0.820679 -1.05851 0.115447 -0.116683 
-0.882105 -0.282664 -0.752922 0.0757106 -1.03413 -0.704823 -0.74846 -1.24675 0.41043 -1.11986 0.788845 0.178014 -0.579429 0.52688 0.644715 0.706866 1.08994 0.851417 -0.445491 -1.64527 0.342732 0.610909 -0.310589 -1.12035 0.895523 0.322235 1.02109 -1.10518 -0.317565 0.192471 
-0.572862 -2.04112 1.23006 -0.0523936 0.432472 1.24869 -1.16293 0.296973 0.125924 -0.297597 0.176466 -1.65793 -1.69828 0.674868 0.0839726 0.396776 0.247025 -1.17847 0.146442 1.01962 0.825394 1.63158 -0.170065 0.00129698 0.229489 0.0484818 -1.57192 0.127705 0.0370033 -1.6513 
-0.653065 -0.539243 0.402123 0.689283 -0.800243 1.37227 -0.298195 -0.346249 1.09308 -0.523589 0.0350022 -1.07958 -0.115605 -0.097588 -0.8793 -0.39484 -0.632072 -0.986677 -0.615134 1.26681 0.359268 1.51392 0.884772 -0.410253 -0.00807873 1.68473 -0.873756 1.59387 0.598584 -0.24503 
-1.41594 -1.6078 -1.46647 1.01148 0.456192 0.457042 -0.0880626 0.124315 -0.455609 -0.854749 -0.81824 -1.44649 -0.273687 0.226189 -0.559663 -0.174374 -0.107904 0.0524288 -0.480426 -0.943279 -0.180248 -0.780439 0.790599 0.263641 0.553535 0.222107 -0.248328 0.313436 0.662396 -0.138059 
-0.217116 -0.704053 1.50918 0.485629 -0.362409 0.145857 0.510186 -0.751816 0.899997 -1.13461 -0.393376 -1.3029 -1.79114 -0.259491 -0.545347 -0.26978 -0.24188 -1.95931 -1.25776 0.190458 -0.250933 1.60489 0.458749 1.19403 0.0550735 -0.318581 -0.795179 2.16304 -0.518945 0.397718 
0.466677 1.26302 -0.399782 0.186514 0.956493 -0.303468 -0.109433 0.112081 0.0724055 -0.491407 0.441829 -0.394095 1.33636 0.0243041 -0.24535 -1.74893 -0.0781445 -0.141623 -0.326759 0.527233 0.181579 0.506526 0.00433386 0.232339 0.671426 0.0920802 0.256226 0.270877 -0.348595 -1.38104 
0.62016 -1.82264 -0.270595 0.132395 -1.11955 0.530962 -0.393387 0.591253 1.43861 0.236688 0.39811 -1.00355 -0.568734 -0.431068 -1.60692 1.00519 1.28319 0.243343 -0.347249 0.152917 -0.917158 1.1488 0.0154134 0.00257294 1.04115 0.709466 -0.989529 -1.26693 -0.903062 -0.202232 
-1.70635 -1.54278 -1.60314 1.23048 0.732035 0.594501 -0.144832 -0.119445 -0.597663 -0.897505 -0.769205 -1.35892 -0.13497 0.230768 -0.331767 0.00862526 -0.183054 0.640359 -0.559136 -0.50054 -0.362408 -0.515976 0.510473 0.317019 0.518252 0.300647 -0.198842 0.19374 0.850138 -0.317345 
-1.6543 -1.53967 -1.70278 1.39567 0.774198 0.534407 -0.287471 0.0365472 -0.755379 -0.958125 -0.880277 -1.3995 -0.278763 0.0984838 -0.333863 -0.142002 -0.108253 0.518892 -0.610781 -0.511518 -0.283725 -0.647336 0.58627 0.242439 0.402305 0.237973 -0.305675 0.145917 0.714018 -0.252958 
-1.77566 -1.55077 -1.52187 1.20132 0.73193 0.523544 -0.0587463 -0.127418 -0.660811 -0.763254 -0.819102 -1.43262 -0.00556755 0.367896 -0.335933 -0.0432721 -0.103048 0.741286 -0.620803 -0.395875 -0.200308 -0.471394 0.515325 0.20759 0.492238 0.273646 -0.238819 0.0460358 0.998711 -0.260495 
-0.452089 -2.09502 1.4676 -0.0585699 0.353305 1.36398 -1.09831 0.452819 0.323821 -0.621211 0.397713 -1.59983 -1.79957 0.454949 -0.159804 0.25894 0.341813 -1.37499 0.105457 1.14834 0.731082 1.4813 0.0449718 -0.0602482 0.124412 0.122295 -1.58435 0.392658 0.0562004 -1.7079 
-0.341618 -2.06392 1.32771 -0.0449107 0.45801 1.21461 -0.936005 0.319593 0.393428 -0.656254 0.532698 -1.47743 -1.88933 0.354521 -0.127839 0.390836 0.206868 -1.34948 0.235407 1.08538 0.62183 1.46515 0.0814859 -0.00889581 0.0487069 9.09311e-05 -1.44413 0.464275 0.115369 -1.68449 
-0.424199 -1.94605 1.33754 0.00869812 0.503842 1.51436 -1.17631 0.59314 0.319335 -0.761231 0.400099 -1.55612 -1.74576 0.535427 -0.0715884 0.160991 0.469588 -1.34186 0.16785 0.999359 0.670929 1.32853 0.0726489 -0.0328564 0.00492156 0.0821724 -1.58821 0.400612 -0.0398431 -1.75653 
-0.0845185 -0.689301 0.275728 -0.214313 -1.30331 -1.55437 0.368919 0.381193 -0.0238079 1.14191 -0.810772 -0.188149 -0.0834792 0.485289 -0.654175 0.13319 -0.672617 -0.582586 -0.0777955 -0.919544 1.0744 0.831511 0.731071 -0.888185 0.813451 -0.0772498 1.53625 -0.337095 0.838041 -0.135585 
0.066895 -0.563014 0.210758 -0.209573 -1.39778 -1.66922 0.382264 0.497234 0.123563 1.28734 -0.656233 -0.174176 -0.125886 0.332363 -0.573103 0.200039 -0.559259 -0.693006 -0.0910973 -0.840647 1.03632 0.793808 0.73504 -0.844865 0.978438 -0.0432361 1.4972 -0.27372 0.925281 -0.247858 
-0.0662767 -0.674415 0.384838 -0.281736 -1.24667 -1.58102 0.396361 0.524161 -0.130994 1.19527 -0.690675 -0.0303843 -0.111313 0.574914 -0.757398 0.121716 -0.696619 -0.592777 -0.185014 -0.87234 1.06389 0.96228 0.730773 -0.811845 0.684934 -0.149964 1.48041 -0.440696 0.985809 -0.284416 
-0.812455 -1.9351 1.13818 -0.490749 -0.030364 1.49643 -0.615113 0.307539 0.254799 -1.18477 0.101909 -1.67178 -1.87979 0.576548 -0.122853 0.341708 0.455696 -1.34272 0.29466 1.13974 0.361137 2.08867 0.209741 0.0166556 0.423619 -0.297232 -1.38451 0.0590263 -0.227692 -1.43936 
-0.958846 -1.96724 0.998193 -0.605463 -0.117967 1.45716 -0.523175 0.394798 0.343348 -1.25936 0.210556 -1.71902 -1.84563 0.554657 -0.237322 0.180464 0.441963 -1.39104 0.200846 1.06958 0.492091 2.21529 0.0764353 0.121189 0.464001 -0.245293 -1.42416 0.0961089 -0.307328 -1.45984 
-0.655717 -2.06883 1.09982 -0.422624 -0.00596095 1.53948 -0.677429 0.158714 0.339983 -1.3406 0.0735517 -1.5116 -1.71845 0.574445 -0.137583 0.321843 0.349277 -1.50726 0.234742 1.10733 0.328767 1.93192 0.34564 -0.111985 0.295667 -0.413891 -1.32189 0.210164 -0.184261 -1.44665 
-0.551518 -0.959403 0.693563 0.195584 -0.964341 1.0599 -0.595585 -0.0842246 1.16652 -0.290344 0.0847814 -1.01283 -0.506699 -0.0923453 -0.819871 -0.157525 -0.616607 -0.93528 -0.540555 1.12358 0.0357703 1.35811 1.17429 -0.355351 0.280073 1.56279 -0.611696 1.42608 0.299354 -0.386262 
-0.618206 -0.916507 0.726562 0.118219 -0.965912 1.21577 -0.437359 -0.0641602 1.10232 -0.201039 -0.0720703 -0.856169 -0.54158 -0.112535 -0.939003 -0.178285 -0.637847 -0.907098 -0.536394 1.12554 0.0865026 1.50871 1.2164 -0.246437 0.25284 1.65714 -0.696532 1.46438 0.446843 -0.237345 
-0.526006 -0.934603 0.781719 0.33323 -0.949617 0.899261 -0.580677 -0.145919 1.19744 -0.439721 -0.0499636 -0.962769 -0.500309 -0.114934 -0.709662 -0.0240215 -0.714624 -0.919891 -0.651024 1.12975 -0.00242248 1.3581 1.33409 -0.484699 0.233668 1.58541 -0.482982 1.52536 0.403268 -0.353088 
-0.364785 0.802112 -0.225135 0.548852 0.122328 1.25066 -0.6681 0.992331 0.936756 -0.184146 -0.800228 -0.800262 -0.965513 -0.0436679 1.51709 1.47556 -0.0173469 -0.330076 0.439263 -0.976808 0.481257 0.509268 0.66032 0.0137144 -0.495457 -0.19486 0.257945 -0.0113188 -0.441813 -1.96852 
-0.304085 0.800278 -0.221532 0.477558 0.00555682 1.22666 -0.579615 1.10389 1.05889 -0.14171 -0.644773 -0.780787 -0.846731 -0.0153945 1.51838 1.34719 -0.117786 -0.296149 0.587796 -0.949704 0.615127 0.609364 0.62813 0.0469256 -0.503932 -0.22885 0.298897 -0.154671 -0.578146 -2.04749 
-0.504509 0.818276 -0.191882 0.419016 -0.038058 1.20073 -0.711407 0.916478 1.02987 -0.27667 -0.755012 -0.819157 -1.06238 0.117357 1.36575 1.45984 0.124172 -0.303065 0.415547 -0.884882 0.3882 0.630528 0.5445 -0.126092 -0.452322 -0.331077 0.245062 0.100959 -0.288979 -1.87666 
-1.47113 -1.3959 -1.11724 0.998309 0.706199 0.256976 -0.109349 0.542919 -0.350663 -0.500673 -1.09693 -1.60399 -0.51591 -0.161895 -0.476963 0.342257 0.045819 -0.0894273 -0.679242 -1.20958 0.096653 -0.813658 1.00684 0.270425 0.364241 0.204718 -0.208064 0.474531 0.412082 -0.156492 
-1.51726 -1.30761 -1.09928 0.871915 0.594238 0.181772 0.00123421 0.564962 -0.503089 -0.663996 -1.25921 -1.55582 -0.385309 -0.0994591 -0.399579 0.195254 0.172398 0.0677205 -0.631211 -1.16964 0.153392 -0.711072 1.0393 0.103793 0.453769 0.314361 -0.321944 0.633482 0.341839 -0.315666 
-1.42489 -1.3833 -1.19225 1.15045 0.592452 0.132565 -0.18986 0.601936 -0.239642 -0.568648 -0.995532 -1.52292 -0.604613 -0.299633 -0.320163 0.35474 0.0671363 0.0588884 -0.551403 -1.35565 0.000765926 -0.883151 1.07927 0.186115 0.482013 0.27666 -0.110223 0.309842 0.553376 -0.301404 
-1.11266 -1.25913 -1.09061 1.25345 0.500161 0.260607 0.170142 0.564167 -0.512281 -0.267425 -1.0908 -1.38058 -0.645945 0.0345929 -0.668795 0.445806 0.38082 0.113553 -0.662622 -0.770145 0.0230994 -0.617239 1.00178 0.271011 0.361128 -0.00266984 -0.00458381 0.946264 0.154612 -0.295948 
-1.16669 -1.24204 -0.975512 1.22497 0.365167 0.150012 0.200482 0.572813 -0.666309 -0.141056 -1.17193 -1.33594 -0.627448 -0.0167905 -0.687396 0.556651 0.461193 0.172417 -0.595536 -0.90107 0.188382 -0.696894 1.03286 0.248741 0.239157 0.0668762 -0.14813 0.97835 0.207997 -0.173832 
-1.12984 -1.12752 -1.24262 1.20152 0.659144 0.17775 0.00661271 0.702783 -0.620472 -0.401887 -1.15827 -1.24072 -0.533801 0.0184754 -0.808012 0.545148 0.451398 0.271026 -0.784429 -0.639258 0.151115 -0.719619 0.846205 0.342907 0.470549 0.0433784 -0.0107633 1.04789 0.199759 -0.323782 
-0.36766 0.927105 -0.135501 0.765133 -0.0253771 1.23766 -0.598173 0.962265 0.739214 -0.296679 -0.859663 -0.557159 -0.871798 0.0855233 1.6704 1.37937 0.0912309 -0.0828424 0.206975 -0.836988 0.691959 0.303613 0.445417 -0.0936793 -0.411498 -0.373257 0.136803 -0.169373 -0.426179 -1.8497 
-0.483956 0.796332 -0.280414 0.730053 0.122343 1.20997 -0.434732 0.832397 0.791964 -0.36832 -0.845835 -0.712354 -0.727793 0.00727539 1.63869 1.25394 0.132252 -0.0660468 0.264296 -0.670648 0.582657 0.19166 0.516616 -0.216391 -0.566713 -0.249226 0.14907 -0.0255019 -0.398676 -1.91356 
-0.419519 1.05604 -0.124011 0.644344 -0.0413001 1.21926 -0.502036 1.00993 0.8229 -0.211956 -0.994013 -0.705539 -0.822228 0.138647 1.78331 1.30296 0.0556647 -0.183977 0.0480998 -0.701903 0.786515 0.413497 0.531919 -0.124329 -0.305364 -0.373653 0.0376907 -0.0869025 -0.360956 -2.01591 
0.021401 -0.853319 0.389086 -0.263134 -1.47223 -1.53951 0.193318 0.383285 -0.0530165 1.26786 -0.762914 -0.0291435 -0.0455992 0.318947 -0.546012 0.0320342 -0.590756 -0.575636 0.00681463 -1.09151 1.01593 0.842621 0.892138 -0.830192 0.983667 -0.266079 1.6771 -0.381934 1.02303 -0.0128811 
-0.0811474 -0.699409 0.284708 -0.366264 -1.51141 -1.43392 0.187344 0.523129 -0.0924841 1.41237 -0.730746 0.122826 -0.160676 0.362169 -0.384181 0.113012 -0.544814 -0.429162 0.16237 -1.13494 1.14746 0.724545 0.904399 -0.805027 0.904136 -0.18538 1.57871 -0.500337 0.863109 0.028812 
0.0905256 -0.746259 0.431646 -0.333481 -1.62437 -1.67415 0.218887 0.48506 -0.0543639 1.23412 -0.872767 -0.1371 -0.200588 0.427887 -0.5994 -0.091001 -0.521081 -0.596919 -0.0724395 -0.953422 0.899975 0.990436 0.901349 -0.827371 0.983773 -0.338444 1.60538 -0.382493 0.94083 -0.145383 
-0.418229 -1.9979 0.883302 0.396643 0.27511 1.25879 -0.831384 0.925521 0.786598 -0.361409 -0.0109217 -1.2131 -1.07761 0.32922 0.716557 1.00837 0.318969 -0.878367 0.179948 -0.211823 0.632989 0.846491 0.617423 -0.00607222 -0.214665 -0.0634258 -0.881123 0.133421 -0.122756 -1.89632 
-0.910671 -1.26472 -0.943245 0.00918025 0.11097 1.2711 -0.2204 0.540359 0.0668755 -0.678508 0.057723 -1.39894 -1.30098 0.43711 -0.394557 0.39556 0.382878 -0.0136248 -0.0219607 -0.37784 0.2079 -0.285629 0.971647 0.0624926 0.423192 -0.291043 -1.02518 0.643898 -0.105979 -0.827807 
-0.999158 -1.68435 -0.926296 -0.262288 0.49006 0.343914 -0.0549146 0.319874 0.0999969 -0.49698 -0.76813 -1.46424 -1.25567 0.307854 -0.532889 0.441908 0.432807 -0.22614 0.0239436 -0.292557 0.18408 0.672655 0.97334 0.0924209 0.423131 -0.250155 -1.14394 0.585957 -0.211354 -1.41843 
-0.239809 -0.102527 -0.150051 0.466907 -0.0776402 0.601704 0.0737512 0.47644 0.229016 -0.0838993 -0.808773 -0.400272 -0.771628 -0.0228212 -0.308724 0.907422 -0.249631 -0.582511 0.151769 -0.932467 0.82482 0.553083 0.684473 -0.499086 0.622739 -0.0918344 0.60912 -0.147988 0.615056 -1.82106 
-0.372235 -1.68566 0.516702 -0.280089 -0.412287 0.6879 -0.547628 0.337588 0.22741 -0.786508 -0.155326 -0.228172 -1.23916 0.54045 -0.556813 0.232661 -0.474694 -1.14663 -0.0188902 -0.610559 0.468207 0.901854 0.526518 -0.723778 0.616729 -0.130815 -0.706201 -0.144751 -0.0149169 -0.931506 
-0.753757 -1.93902 0.940578 0.485502 0.614191 1.12798 -0.254704 0.51479 -0.148466 -0.511586 -0.109292 -1.6039 -1.18752 0.0513139 -0.344037 0.326947 0.10159 -1.19151 -0.512192 -1.09408 0.173774 0.188022 0.971555 0.139291 0.231229 0.125955 -0.478519 0.427873 0.0674179 -0.424812 
-1.4684 -1.55042 -1.33143 0.263574 0.560166 0.675413 -0.294928 0.19702 -0.0183798 -1.02401 -0.372615 -1.55617 -1.67859 0.479441 -0.257463 0.171981 0.300609 0.607569 0.242292 -0.0597211 0.068242 1.49714 0.28985 0.044163 0.476271 -0.261035 -0.730661 0.103617 0.224552 -1.32697 
-0.759347 -1.34541 1.13429 -0.432317 -0.286247 1.28074 -0.610511 0.174187 0.571204 -0.739338 0.0877042 -1.12636 -1.00249 0.225636 -0.646612 -0.0769137 0.114641 -1.25464 0.190372 1.13008 0.0492096 1.56491 0.27387 -0.119854 0.321315 1.29111 -0.960512 0.64149 0.21652 -0.577679 
-1.45678 -1.81007 -1.39659 0.190184 0.600382 1.41165 -0.437715 0.0162752 -0.582005 -1.15136 -0.176349 -1.37099 -0.653135 0.473216 -0.30493 0.217934 -0.0513652 -0.292729 -0.372242 0.0875919 -0.275205 -0.0192015 0.281146 0.0391516 0.432715 0.289232 -1.29731 0.152166 0.336406 -0.609418 
-0.0676854 -0.703782 0.312564 -0.247814 -1.35118 -1.54246 0.352465 0.382694 -0.0512558 1.24099 -0.769261 -0.0532345 -0.049242 0.362724 -0.621718 0.116763 -0.625545 -0.581015 -0.0124472 -1.07863 1.04725 0.837199 0.748713 -0.832349 0.835888 -0.11676 1.59946 -0.372859 0.845976 -0.0900732 
-0.308836 -1.02111 0.602719 -0.109763 -0.999919 -0.160437 -0.903778 0.401033 0.068205 0.48312 -0.547414 -0.741487 -0.0890328 0.36781 -0.53535 0.1456 0.190702 -1.0963 0.0120207 0.221991 0.737576 1.17666 0.705118 -0.133834 0.656439 -0.166672 0.418316 -0.0951204 0.937594 -0.23077 
-0.48411 0.0848779 0.620853 0.52768 -0.234758 1.07722 -0.5977 0.00168794 0.921412 -0.29562 0.0165565 -0.796546 -0.609156 -0.0857356 1.4357 0.306922 -0.356187 -0.102095 -0.118544 0.0464402 0.335493 1.01724 0.445863 -0.21605 -0.0182916 1.07799 -0.0432311 0.575616 0.299111 -0.421638 
-0.455033 -0.888718 0.318103 0.032613 -1.29268 -1.18814 0.123251 0.20731 0.961707 0.689687 -0.32921 -0.621892 -0.237938 0.315083 -0.789325 -0.0605647 -0.632547 -0.824743 -0.307382 0.0969086 0.309078 1.01305 0.771703 -0.409229 0.409276 0.348855 -0.0115536 0.335476 0.536664 -0.165891 
-1.02663 0.0801986 -0.637106 1.11683 0.218999 0.816451 -0.417701 0.924813 0.0230887 -0.196564 -1.04174 -1.36039 -0.704447 -0.0049242 -0.0081669 0.792659 0.0669709 -0.190699 -0.248246 -0.884186 0.243441 0.086218 0.797532 0.242486 -0.445011 -0.0214564 0.0441669 0.832059 0.0623352 -0.833749 
-0.236498 -1.13416 0.731212 -0.298389 -0.990411 0.944053 -0.340525 0.367162 0.134541 -1.0748 -0.125509 -0.393445 -0.893832 0.419618 -0.533237 0.101208 -0.327632 -0.669717 0.040145 0.359259 0.834489 1.43866 0.266509 -0.0118485 0.440162 -0.272463 0.220064 -0.106049 -0.0249896 -0.547606 
-0.170752 -0.0838908 0.106274 0.132786 -0.617259 1.17015 -0.487665 0.520166 0.332217 0.58123 -0.802879 -0.502696 -0.651185 0.420071 -0.166179 0.378114 -0.624742 -0.381218 0.0760656 -0.923165 0.72908 0.583476 0.714528 -0.457599 -0.147542 -0.0926747 0.480929 -0.0924328 0.228323 -1.39289 
-0.313805 0.0265955 0.313617 -0.239289 0.0265871 -1.44376 -0.629768 0.404575 0.743722 1.08715 -0.779546 -0.305767 -0.902215 0.191467 1.06156 0.920875 -0.234646 -0.391923 0.176672 -1.01494 0.517827 0.524868 0.686826 -0.539804 -0.480162 -0.234932 1.38014 -0.0927799 0.964443 -0.304108 
-1.63953 -1.4177 -1.13372 1.21051 0.724037 0.516426 -0.139682 0.013508 -0.390001 -0.73227 -0.907098 -1.56159 -0.326331 0.0928296 -0.336076 0.324854 -0.105071 0.406745 -0.618071 -1.04263 -0.168854 -0.645494 0.695939 0.299455 0.377208 0.291322 -0.19927 0.198602 0.766212 -0.313666 
-0.822788 -0.972432 0.0173964 0.931279 -0.311153 -1.05764 0.00333431 0.409942 -0.048846 -0.222084 -0.876582 -1.23305 -0.474992 0.467797 -0.610683 0.19428 -0.304064 -0.0900234 -0.234974 -1.01389 1.06899 -0.39573 0.886831 0.129136 0.370049 0.1704 0.932832 -0.193178 0.437622 -0.141398 
-1.33723 -1.04411 -1.03981 0.891643 0.219763 0.418387 -0.494952 0.93898 -0.0380924 -0.448621 -0.9334 -0.981886 -0.778778 -0.0189524 1.39995 1.23131 0.05865 -0.0840817 -0.04062 -0.989582 0.190939 -0.583176 0.567921 0.239401 0.267915 -0.113349 -0.19303 0.0101133 0.291375 -1.81601 
