-1.38014 -1.34432 -1.04237 0.903751 0.546178 0.294517 -0.179575 0.627291 -0.490944 -0.467489 -1.04283 -1.368 -0.654389 -0.0549454 -0.560234 0.304825 -0.0157427 -0.0710401 -0.800272 -1.25336 -0.0570846 -0.643001 0.917369 0.419694 0.421941 0.154422 -0.0576585 0.749925 0.556196 -0.123605 
-0.601872 -0.74007 0.644169 0.267383 -0.891475 1.46378 -0.478135 -0.183044 0.980121 -0.271112 -0.154625 -1.51572 -0.452565 -0.390669 -0.545769 -0.208683 -0.824215 -1.14324 -0.226513 1.38464 0.11988 1.4941 1.14826 -0.0628714 0.207955 1.08895 -0.616749 1.51548 0.167284 -0.175071 
-0.550591 1.31603 -0.41707 1.36441 0.515643 1.2103 -0.491705 1.70992 0.125723 0.44731 -0.094107 -0.955271 -1.10509 0.571366 1.3703 1.98608 -0.0381863 -0.000996024 0.260655 -1.33237 0.500278 0.673328 0.159355 0.291176 -0.502828 -0.482308 0.505747 0.058973 -0.634198 -1.46839 
-0.0875126 -0.81005 1.35333 0.471939 -0.946916 0.117616 0.398129 -0.689384 0.959565 -1.2467 -0.467293 -1.1868 -1.5982 -0.231284 -0.453782 -0.162254 0.0342198 -1.93693 -1.1403 0.106353 -0.535631 2.09193 0.478426 1.34319 0.0113136 -0.212593 -1.18767 2.42687 -0.547753 0.146913 
-0.498289 -1.92141 1.01539 0.457278 0.417565 1.32157 -0.806413 0.919778 0.743608 -0.243664 -0.0656991 -1.18136 -1.13616 0.231129 0.774466 0.894144 0.186049 -1.00216 0.233795 -0.191262 0.558666 0.97804 0.756403 -0.119261 -0.204022 -0.205522 -0.90847 0.213121 -0.188568 -1.96822 
0.479393 -1.93409 -0.288503 0.161631 -1.21565 0.413426 -0.284373 0.58724 1.57062 0.186968 0.515827 -0.92258 -0.657759 -0.480292 -1.65152 0.993747 1.40054 0.121126 -0.359894 0.172542 -0.815268 1.20442 0.0444271 0.0497655 1.01377 0.622687 -0.985634 -1.3825 -1.01605 -0.0869363 
-0.0790691 -0.660362 0.818549 -0.483314 -2.03781 -1.23603 0.0979274 0.434055 -0.863252 0.671495 -1.19173 0.318775 -0.262786 0.255592 -0.404146 -0.560677 -0.0731699 -0.732232 -0.109115 -0.974452 0.92774 0.816118 1.37186 -0.189219 1.89314 -0.548693 1.15283 -0.146922 1.17919 -0.682983 
-1.76439 -1.44755 -1.52893 1.12378 0.829408 0.513852 -0.00866719 -0.0363843 -0.793988 -0.81863 -0.758439 -1.30733 0.00648422 0.344082 -0.307086 -0.0865959 -0.101452 0.768647 -0.610116 -0.368124 -0.129628 -0.592851 0.46385 0.167547 0.497501 0.205276 -0.365862 0.031877 1.11588 -0.280381 
1.50002 -0.403462 -0.41465 0.0700987 -0.206339 0.231464 -0.944611 0.291976 0.874153 0.922793 -0.136956 2.34336 -0.439228 1.3609 -0.432953 -0.872266 -0.150437 0.156832 0.219976 -0.399489 0.764674 0.285574 -0.919615 -0.813843 -0.136595 -0.153363 0.960568 -1.11044 0.0788258 -0.103751 
-0.320071 1.12619 0.0213721 0.892455 0.0355763 1.15309 -0.500189 1.22442 0.530857 -0.511399 -0.616267 -0.457373 -0.812517 0.0695284 1.7407 1.47107 -0.101421 -0.0983311 0.182457 -0.829231 0.998112 0.262647 0.27551 0.159858 -0.501619 -0.567662 0.0135592 -0.144234 -0.393185 -1.69664 
-1.76224 -1.37687 -1.72742 1.26126 0.45959 0.572238 -0.370094 0.0220279 -0.517227 -1.00794 -0.625545 -1.10609 -0.235247 0.174437 -0.41216 0.0534583 0.189362 0.820008 -0.380411 -0.463571 -0.469956 -0.695874 0.608448 0.600625 0.403627 0.192425 -0.157395 0.218014 0.620289 -0.639361 
-1.34586 -0.33489 -0.669237 -0.00844634 -1.3477 -0.790346 -0.710092 -1.14194 0.289656 -1.49643 0.236884 0.0912353 -0.719249 0.384334 0.774522 0.945037 1.65356 0.417498 -0.307835 -1.73175 0.307342 0.378413 -0.0743718 -1.24564 0.717727 0.892991 0.730961 -0.719826 -0.0817845 0.642364 
-1.60325 -1.51793 -1.236 0.192322 0.529365 0.747949 -0.391328 0.301337 0.0593062 -1.10527 -0.507036 -1.43017 -1.722 0.389882 -0.382275 0.0681695 0.198492 0.652368 0.121133 0.0654237 -0.0260555 1.46125 0.354249 -0.0203232 0.531614 -0.370439 -0.664816 0.239441 0.27587 -1.19462 
-0.959373 -1.7652 -0.9231 -0.135478 0.594752 0.367993 -0.108427 0.356783 0.0808473 -0.555867 -0.907659 -1.4192 -1.37215 0.421563 -0.448376 0.374328 0.445503 -0.187029 -0.108926 -0.328635 0.0458388 0.555362 1.10144 0.21206 0.301431 -0.188507 -1.08114 0.525655 -0.207233 -1.28756 
-0.664124 -1.98799 1.19849 -0.484064 -0.127823 1.52469 -0.668523 0.0861652 0.389403 -1.36054 0.16772 -1.5709 -1.7484 0.664701 -0.27707 0.195036 0.438024 -1.52849 0.270601 1.04513 0.317028 2.00112 0.477896 -0.185286 0.31335 -0.345646 -1.23222 0.171301 -0.263009 -1.32688 
0.131521 -0.496788 2.02138 0.240123 -0.300795 0.261853 0.578004 -0.666998 0.888051 -0.955281 -0.682855 -1.33278 -1.4644 -0.335217 -0.0941528 -0.626439 -0.896945 -2.14302 -0.588261 0.0343846 -0.018867 1.85115 0.358955 1.24274 -0.0963063 -0.159248 -0.761866 2.11599 -0.66876 0.552172 
0.200237 -2.11453 0.651915 -0.0005002 -1.12192 0.964021 -0.737965 0.509684 0.388006 0.342189 0.28109 -1.40553 -1.43172 -0.158295 -0.7102 0.679744 0.696145 -0.860632 -0.476049 0.887072 0.468614 1.4725 0.0454467 -0.142974 0.504928 0.797359 -0.983451 0.0393606 -0.14013 -1.42814 
-0.176236 -0.650804 0.428134 -0.273118 -1.12613 -1.71208 0.318237 0.629699 -0.073878 1.26387 -0.814317 -0.0125727 -0.20739 0.644386 -0.852682 0.0100686 -0.72641 -0.558692 -0.118612 -0.802763 1.20545 0.942554 0.822426 -0.754029 0.609792 -0.122754 1.59032 -0.308215 0.873225 -0.215347 
-1.53603 -1.51766 -1.14754 1.13182 0.795652 0.555032 -0.178799 0.0398556 -0.379684 -0.592015 -0.860544 -1.48408 -0.193584 0.0250622 -0.460363 0.319497 -0.207278 0.311042 -0.707606 -1.18087 -0.280279 -0.73933 0.64946 0.410572 0.357866 0.332402 -0.147097 0.0591886 0.641442 -0.348036 
-1.11369 -0.0588919 -0.663931 1.22203 0.254184 0.868524 -0.537067 0.925205 -0.0689152 -0.28133 -1.00361 -1.48177 -0.707004 -0.0359119 0.0382905 0.75985 0.101283 -0.19249 -0.243238 -0.867739 0.329004 0.067135 0.847295 0.153927 -0.486898 0.0992453 0.182388 0.971682 0.0395792 -0.836695 
-0.4345 -0.923281 0.662383 0.338169 -0.95139 1.16487 -0.659629 -0.173673 1.17152 -0.187007 0.0869248 -0.91028 -0.406353 -0.116177 -0.912596 -0.0646673 -0.629742 -0.83655 -0.441744 1.2499 -0.10062 1.25582 1.26071 -0.44807 0.307884 1.68787 -0.696746 1.53346 0.251749 -0.4673 
-1.23506 -0.035559 -0.713703 0.0892228 -1.16013 -0.659582 -0.312783 -1.19871 0.356592 -0.898161 0.69164 0.23798 -0.805532 0.399982 0.62059 0.944614 1.32987 0.485958 -0.656425 -1.55104 -0.290031 0.371348 -0.420063 -0.935252 0.708458 0.454401 1.18417 -0.862087 -0.205937 0.336815 
-0.781603 -0.255966 -0.720896 0.139206 -1.06094 -0.804181 -0.742633 -1.37468 0.302364 -1.2155 0.914544 0.120155 -0.594752 0.658747 0.650941 0.760619 1.2247 0.766274 -0.508923 -1.7282 0.426485 0.722746 -0.298944 -1.1798 0.811044 0.321037 1.0075 -1.08418 -0.210391 0.152358 
-0.878505 -1.96269 1.16923 -0.605146 0.11172 1.40306 -0.52716 0.339095 0.272458 -1.22484 0.144731 -1.5506 -1.85615 0.597686 -0.141764 0.474642 0.516283 -1.27229 0.191557 1.13004 0.366586 2.07549 0.105509 -0.0188316 0.35635 -0.228811 -1.24294 0.152771 -0.224286 -1.48893 
-0.576388 -0.99055 0.821279 0.440285 -1.06461 0.916237 -0.69915 -0.234432 1.24085 -0.314334 -0.0510516 -1.07289 -0.571041 -0.166768 -0.680553 0.0654837 -0.765862 -0.876461 -0.755015 1.23259 -0.00599994 1.45247 1.47555 -0.446548 0.198745 1.58674 -0.571192 1.60776 0.526748 -0.305574 
-0.630543 -1.38701 1.02943 -0.396412 -0.353192 1.21533 -0.729307 0.0679579 0.456068 -0.788619 -0.00956759 -1.06077 -1.11659 0.180208 -0.547152 -0.0470005 0.0952657 -1.1541 0.171154 1.0009 0.00874984 1.68773 0.341993 0.00476521 0.374871 1.42774 -1.00041 0.549179 0.198715 -0.475078 
-0.593743 -0.959782 0.840333 0.0121649 -0.869118 1.26474 -0.562826 0.0740195 1.10182 -0.340915 -0.213434 -0.906101 -0.489107 -0.117174 -0.854831 -0.0953793 -0.744501 -0.92414 -0.480551 1.24695 -0.0070343 1.62499 1.34842 -0.330062 0.227297 1.55199 -0.576339 1.38843 0.31563 -0.177422 
-0.355481 -0.0200902 0.728182 0.258576 -1.02551 0.682123 -0.449547 -0.726402 0.0399824 -0.10704 -0.698904 -1.18787 -0.897315 -0.508419 -0.482993 1.09841 -0.101074 -1.03298 -0.180909 0.515367 0.0930452 -0.347749 0.629894 0.167376 -0.212883 1.11151 -0.104058 1.10118 0.368827 -0.281212 
-0.234463 -1.96731 1.48486 -0.165233 0.229778 1.15097 -0.766674 0.482966 0.634412 -0.464045 0.595879 -1.45599 -1.76752 0.55507 -0.117265 0.0485905 0.0949084 -1.17668 0.0163363 0.906195 0.90645 1.61131 -0.0849756 -0.0513908 -0.346989 0.312423 -1.80441 0.249676 0.624259 -1.72765 
-0.489641 -2.2089 1.02559 0.00698548 -0.371969 1.65492 -1.08736 0.132639 0.563587 -1.16498 0.123418 -1.62935 -1.722 1.103 -1.01915 1.2468 -0.265911 -0.966894 -0.204606 1.29008 1.14528 1.52056 0.362164 0.230089 -0.130061 0.436906 -1.69576 0.3172 -0.407977 -1.31687 
-1.36454 -1.34977 -1.1349 1.0591 0.695772 0.291505 -0.0815076 0.449173 -0.431815 -0.64209 -1.04803 -1.5583 -0.373286 -0.224542 -0.347589 0.257593 -0.0171567 0.0145967 -0.711599 -1.2268 0.149175 -0.673418 1.03614 0.161177 0.3069 0.165354 -0.31144 0.479276 0.456216 -0.102906 
-1.20104 -1.25858 -0.960559 1.30018 0.375508 0.355547 0.223753 0.438517 -0.374864 -0.399903 -1.09625 -1.3368 -0.725876 0.174629 -0.614117 0.344849 0.490318 0.0268452 -0.771725 -0.726013 -0.0578711 -0.554699 1.05766 0.299553 0.268108 0.0330569 0.0967061 1.03427 0.128934 -0.402782 
-0.16997 -0.821546 1.98102 0.333287 -0.536412 -0.0180665 0.657547 -0.631421 0.91526 -1.15578 -0.119685 -1.18125 -1.51956 -0.229876 -0.370322 -0.545502 -0.203107 -1.86018 -0.957015 0.176387 -0.476762 1.69467 0.73445 1.37066 -0.00548316 -0.21124 -0.856266 1.99271 -0.765524 0.0209615 
-0.143093 -0.826197 1.3784 0.385142 -0.433686 0.0801395 0.520357 -0.747359 0.915834 -1.19551 -0.408145 -1.21098 -1.88514 -0.351882 -0.630436 -0.363553 -0.246183 -1.97306 -1.26175 0.322647 -0.251504 1.53649 0.600158 1.32432 0.000460952 -0.184662 -0.696457 2.2978 -0.544897 0.439845 
-1.48028 -1.47429 -1.23565 1.0553 0.601335 0.000599504 -0.159118 0.726317 -0.277457 -0.640598 -1.09596 -1.61366 -0.512447 -0.402778 -0.23282 0.488358 0.111153 0.178634 -0.631363 -1.41573 -0.0440162 -0.829626 1.1153 0.267049 0.406577 0.392027 -0.0380729 0.236304 0.561596 -0.228081 
-1.03397 -2.05843 1.04303 -0.619641 -0.258197 1.52952 -0.420008 0.302834 0.213849 -1.15485 0.294038 -1.60915 -1.80455 0.493692 -0.121033 0.176214 0.497709 -1.50509 0.162921 1.0346 0.35142 2.17676 0.153053 0.0882837 0.354236 -0.118428 -1.31767 -0.0388912 -0.447705 -1.43312 
-0.668122 -2.08815 1.14936 -0.0133833 0.475668 1.29804 -1.29839 0.160282 0.11757 -0.181981 0.190535 -1.76326 -1.75963 0.609936 -0.050692 0.532407 0.280982 -1.30384 0.230176 1.08187 0.934373 1.73241 -0.047934 -0.0307094 0.124771 -0.0813833 -1.59187 0.181098 0.0749425 -1.70711 
-0.303576 -0.581033 0.196635 0.108752 -0.100698 1.23342 -0.733827 0.780076 0.514609 -0.482915 -0.112357 -1.19459 -1.46178 0.191019 1.56595 0.548621 0.277357 -1.42142 0.419407 0.429091 0.871844 0.756383 0.450064 0.105677 -0.214732 -0.019268 -0.728313 0.1372 -0.00564604 -1.84003 
-1.22745 -1.46192 -1.57548 1.13195 0.764159 0.32994 -0.302279 0.470668 -0.657192 -0.697701 -0.962519 -1.43572 -0.663608 0.00663019 -0.442111 0.601395 -0.103286 -0.320315 -0.559396 -1.15415 0.165778 -0.939306 0.977563 0.337617 0.219385 -0.134473 -0.218937 0.815969 0.218029 -0.283611 
-0.383631 -2.18151 1.52509 -0.176392 0.580683 1.24576 -1.05433 0.314102 0.367137 -0.849792 0.473146 -1.33592 -1.68947 0.548477 -0.250652 0.41169 0.321798 -1.44384 0.0798946 1.27326 0.635668 1.61479 0.0513164 0.145779 -0.14861 -0.142068 -1.61879 0.461104 0.277001 -1.57425 
-0.529213 -0.619899 0.499186 0.832011 -0.924373 1.29486 -0.339749 -0.346508 1.14273 -0.625649 0.097436 -1.11222 0.00532461 -0.227439 -0.951915 -0.322201 -0.69444 -1.10444 -0.546598 1.12443 0.422675 1.4874 0.995646 -0.366858 0.0588527 1.79926 -0.885544 1.73109 0.601552 -0.155588 
-1.81413 -1.56306 -1.64023 1.19324 0.720229 0.565506 -0.232736 -0.171353 -0.566254 -0.802771 -0.849447 -1.3131 -0.277751 0.120812 -0.286884 0.0256774 -0.199844 0.577149 -0.641664 -0.525066 -0.397124 -0.62602 0.455165 0.424923 0.470461 0.422419 -0.103704 0.247774 0.823222 -0.226838 
-0.50018 0.905942 -0.190813 0.575587 0.06036 1.30911 -0.568796 0.961393 0.923615 -0.208364 -0.775101 -0.665975 -1.01379 -0.0854201 1.50985 1.40904 -0.043482 -0.222383 0.400865 -1.07797 0.371856 0.529311 0.721395 0.0413818 -0.610322 -0.16192 0.223273 0.12918 -0.524034 -2.05763 
-0.548919 -2.19939 1.37822 0.00660311 0.459004 1.33346 -1.04101 0.496459 0.284287 -0.758132 0.384829 -1.50598 -1.6644 0.572221 -0.22872 0.290357 0.482959 -1.25076 0.245959 1.15157 0.664426 1.544 0.0653504 -0.027277 0.113033 0.00288407 -1.50233 0.480175 -0.0378526 -1.72361 
-0.430974 1.01588 -0.221987 0.80042 -0.0730404 1.20051 -0.60554 1.01146 0.73971 -0.155546 -0.750939 -0.647841 -0.741835 0.111428 1.55248 1.4437 0.0149086 0.0232835 0.317996 -0.938661 0.732275 0.240203 0.377344 -0.154145 -0.522831 -0.238464 0.0718436 -0.232765 -0.494607 -1.73004 
-0.109578 -0.851455 1.59868 0.568118 -0.671233 -0.144264 0.638881 -0.5694 0.925066 -0.78582 -0.202472 -1.61792 -1.69232 -0.224723 -0.49309 -0.741095 -0.127677 -1.96868 -1.10454 -0.101208 -0.295189 2.01097 0.792178 1.26262 0.162349 -0.351765 -1.02538 1.88779 -0.87642 0.477139 
-0.136821 -0.566327 0.277973 -0.417179 -1.46021 -1.4185 0.308604 0.404232 -0.0449416 1.52301 -0.868529 0.00427264 -0.126945 0.360011 -0.242171 0.0279761 -0.56709 -0.434149 0.227139 -1.0615 1.23868 0.820113 0.779582 -0.79894 0.861305 -0.202371 1.62338 -0.521913 0.984732 -0.0536189 
0.0334849 -0.327877 0.336685 -0.250324 -0.990934 -1.19676 -0.350453 -0.784973 0.363542 0.842939 0.494918 -0.179712 -0.526101 0.475582 0.500389 0.0850985 -0.493702 0.642355 -0.0793967 -1.23687 0.399607 0.708283 0.26934 -1.04111 0.895125 0.231684 1.17659 -0.856045 0.499191 0.185115 
-1.00994 -1.25766 -1.10991 1.32729 0.585495 0.309274 -0.0692589 0.713522 -0.625704 -0.384307 -1.19561 -1.1626 -0.43664 0.133857 -0.931044 0.450852 0.439046 0.358981 -0.79047 -0.557283 0.127128 -0.832607 0.714741 0.472913 0.572625 0.0753457 -0.0276398 1.05188 0.286327 -0.196547 
-0.433428 -2.10271 1.40236 -0.132551 0.402651 1.29388 -0.83948 0.354657 0.417767 -0.627571 0.58853 -1.5813 -1.94862 0.405559 -0.161588 0.52487 0.191235 -1.35587 0.227549 1.1264 0.615736 1.58697 -0.0507325 -0.0846028 0.0322695 0.0446431 -1.43942 0.415006 0.0775315 -1.76309 
-0.219627 0.965915 -0.2247 0.472495 -0.00108886 1.23249 -0.394887 0.983919 1.11057 -0.167219 -0.724336 -0.803247 -0.659576 0.0680293 1.50544 1.37547 -0.080077 -0.448063 0.449017 -0.919511 0.711678 0.374466 0.915536 0.294794 -0.352953 -0.0597594 0.529723 -0.0404834 -0.344426 -1.99098 
-0.340794 1.00388 -0.152343 0.561106 0.0234379 1.28033 -0.480173 0.895782 1.00309 -0.0267105 -0.722053 -0.763987 -0.569193 0.194494 1.40545 1.30927 -0.159964 -0.334467 0.46303 -0.913511 0.783909 0.361291 1.0426 0.390313 -0.310654 0.0240989 0.495861 -0.11101 -0.319333 -1.88656 
-0.17592 0.906636 -0.233337 0.333142 -0.0805863 1.36289 -0.264735 1.09667 1.09709 -0.0626206 -0.745038 -0.853146 -0.750255 0.123412 1.58815 1.30482 -0.180204 -0.44754 0.567307 -1.02719 0.748451 0.364015 0.852469 0.3159 -0.220069 -0.0815909 0.573442 0.0946815 -0.318273 -1.88997 
-1.16669 -1.24204 -0.975512 1.22497 0.365167 0.150012 0.200482 0.572813 -0.666309 -0.141056 -1.17193 -1.33594 -0.627448 -0.0167905 -0.687396 0.556651 0.461193 0.172417 -0.595536 -0.90107 0.188382 -0.696894 1.03286 0.248741 0.239157 0.0668762 -0.14813 0.97835 0.207997 -0.173832 
-1.10645 -1.15793 -0.877113 1.12158 0.375962 0.252032 0.0828269 0.552591 -0.796434 -0.150049 -1.0365 -1.31175 -0.732299 0.0581248 -0.560111 0.560225 0.423081 0.222235 -0.67557 -0.939449 0.277554 -0.605825 1.1641 0.197307 0.29269 -0.0275055 -0.205265 1.01942 0.107921 -0.0520543 
-1.06668 -1.18807 -0.872189 1.32069 0.380366 0.112136 0.072383 0.480404 -0.661294 -0.105485 -1.27295 -1.30163 -0.741107 -0.0357632 -0.765273 0.466295 0.388712 0.228708 -0.532047 -0.851257 0.0560657 -0.768309 0.941312 0.211962 0.232513 -0.0345103 -0.144824 1.00884 0.1914 -0.109522 
-0.822788 -0.972432 0.0173964 0.931279 -0.311153 -1.05764 0.00333431 0.409942 -0.048846 -0.222084 -0.876582 -1.23305 -0.474992 0.467797 -0.610683 0.19428 -0.304064 -0.0900234 -0.234974 -1.01389 1.06899 -0.39573 0.886831 0.129136 0.370049 0.1704 0.932832 -0.193178 0.437622 -0.141398 
-0.758675 -0.841203 -0.0315228 0.953199 -0.423417 -1.1077 -0.0817327 0.373513 -0.152497 -0.190539 -0.973241 -1.17767 -0.379491 0.572123 -0.55931 0.197487 -0.325451 0.0105338 -0.184713 -1.12847 1.15838 -0.414315 0.845033 0.052969 0.393622 0.0590307 0.962659 -0.0967613 0.35961 -0.186175 
-0.882258 -1.00884 -0.0439631 0.958083 -0.334523 -1.09436 -0.043842 0.479963 0.0546076 -0.280888 -0.876586 -1.14056 -0.471227 0.493534 -0.594125 0.286074 -0.20703 -0.121075 -0.196805 -0.901413 1.11851 -0.497736 1.02299 0.000928674 0.275117 0.22661 1.02495 -0.183929 0.374753 -0.0620221 
-1.11455 -0.180323 -0.616596 0.0713109 -1.08533 -0.79377 -0.425828 -1.07727 0.342134 -0.924127 0.459414 0.364623 -0.815158 0.503016 0.482759 0.709441 1.32918 0.520868 -0.492096 -1.85533 0.368513 0.216713 -0.351885 -0.938369 0.861117 0.586604 0.982564 -1.00147 -0.277587 0.187445 
-1.15408 -0.12525 -0.492095 -0.00771297 -1.2157 -0.844739 -0.398422 -1.01354 0.420273 -0.869153 0.502197 0.498723 -0.760291 0.384833 0.585176 0.781356 1.25952 0.650503 -0.366782 -1.90487 0.412255 0.161614 -0.445674 -1.00755 0.924179 0.479123 1.11149 -1.10444 -0.263019 0.232876 
-1.12169 -0.22516 -0.63483 0.201269 -1.22622 -0.83155 -0.443738 -1.03304 0.215114 -1.01372 0.505917 0.426775 -0.716123 0.471457 0.513735 0.602045 1.40186 0.387209 -0.545474 -1.73117 0.406991 0.161399 -0.490798 -0.899764 0.844485 0.673263 1.0831 -0.980417 -0.16101 0.305153 
-0.424199 -1.94605 1.33754 0.00869812 0.503842 1.51436 -1.17631 0.59314 0.319335 -0.761231 0.400099 -1.55612 -1.74576 0.535427 -0.0715884 0.160991 0.469588 -1.34186 0.16785 0.999359 0.670929 1.32853 0.0726489 -0.0328564 0.00492156 0.0821724 -1.58821 0.400612 -0.0398431 -1.75653 
-0.536512 -1.98455 1.26401 -0.0335295 0.479693 1.63971 -1.17291 0.601274 0.263806 -0.763801 0.28982 -1.61844 -1.70171 0.674405 -0.0624259 0.154272 0.459987 -1.23316 0.124611 1.10231 0.796354 1.46755 0.0409761 0.109058 -0.110863 0.133505 -1.6133 0.388447 -0.00167203 -1.81406 
-0.382099 -1.92293 1.43004 -0.128652 0.390066 1.50661 -1.13393 0.683151 0.253726 -0.808837 0.348247 -1.51026 -1.61376 0.464947 -0.135951 0.0455902 0.603722 -1.25973 0.166374 1.08815 0.576774 1.32898 -0.065715 0.0891871 0.097818 0.186456 -1.7275 0.422613 0.0330445 -1.82954 
-0.198833 0.694785 -0.484296 0.624397 -0.077157 1.38405 -0.62906 1.19768 1.04843 -0.147569 -0.757857 -0.771286 -0.801127 -0.208358 1.69364 1.43316 -0.101092 -0.159282 0.522593 -0.862769 0.459438 0.350643 0.486174 0.0909241 -0.504534 -0.251269 0.396711 -0.124303 -0.343939 -2.20569 
-0.312801 0.68995 -0.450262 0.664942 -0.0386221 1.31216 -0.57661 1.13652 1.13057 -0.181329 -0.80171 -0.81199 -0.702065 -0.347121 1.61553 1.514 0.0174356 -0.287133 0.620703 -0.842017 0.379379 0.21366 0.486171 0.184156 -0.627634 -0.133183 0.44948 -0.249658 -0.300081 -2.2181 
-0.253819 0.812098 -0.346556 0.633037 0.0218252 1.41751 -0.616639 1.34017 1.09622 -0.255017 -0.731562 -0.767728 -0.939013 -0.184586 1.82652 1.37268 -0.208348 -0.284348 0.460731 -0.912745 0.518684 0.334353 0.550437 0.126549 -0.538194 -0.129307 0.380859 -0.106483 -0.414585 -2.17345 
-0.304085 0.800278 -0.221532 0.477558 0.00555682 1.22666 -0.579615 1.10389 1.05889 -0.14171 -0.644773 -0.780787 -0.846731 -0.0153945 1.51838 1.34719 -0.117786 -0.296149 0.587796 -0.949704 0.615127 0.609364 0.62813 0.0469256 -0.503932 -0.22885 0.298897 -0.154671 -0.578146 -2.04749 
-0.419834 0.710254 -0.350221 0.52451 0.0722186 1.25961 -0.631651 1.02167 0.958437 -0.0565545 -0.686949 -0.823173 -0.959195 -0.117463 1.54592 1.26219 0.000280113 -0.41011 0.596727 -0.836602 0.675774 0.648868 0.769659 0.0506862 -0.40874 -0.190863 0.32736 -0.196596 -0.595012 -1.97565 
-0.425278 0.730285 -0.191444 0.609201 0.0021844 1.23953 -0.659095 1.07196 0.961581 -0.050248 -0.782414 -0.907617 -0.84609 -0.128468 1.52035 1.39945 -0.194941 -0.362863 0.609739 -0.814791 0.706633 0.538565 0.52339 0.122114 -0.422135 -0.165372 0.169903 -0.044628 -0.720804 -1.9553 
0.0905256 -0.746259 0.431646 -0.333481 -1.62437 -1.67415 0.218887 0.48506 -0.0543639 1.23412 -0.872767 -0.1371 -0.200588 0.427887 -0.5994 -0.091001 -0.521081 -0.596919 -0.0724395 -0.953422 0.899975 0.990436 0.901349 -0.827371 0.983773 -0.338444 1.60538 -0.382493 0.94083 -0.145383 
-0.00144019 -0.86853 0.434917 -0.33103 -1.74182 -1.80345 0.29931 0.403411 -0.170608 1.14211 -0.731314 -0.244134 -0.232541 0.289966 -0.539438 -0.129478 -0.497654 -0.654764 -0.178683 -0.815851 0.76621 0.953909 0.791873 -0.769505 0.850901 -0.440777 1.60297 -0.283683 0.975594 -0.214251 
0.216573 -0.697523 0.365147 -0.357242 -1.71209 -1.66228 0.27572 0.573705 0.0295325 1.33566 -0.790212 -0.173787 -0.302103 0.47423 -0.47893 -0.03751 -0.542113 -0.639084 -0.202387 -0.84695 1.00282 1.044 1.02693 -0.906963 0.890029 -0.273564 1.47063 -0.436538 0.982306 -0.268211 
-0.0845185 -0.689301 0.275728 -0.214313 -1.30331 -1.55437 0.368919 0.381193 -0.0238079 1.14191 -0.810772 -0.188149 -0.0834792 0.485289 -0.654175 0.13319 -0.672617 -0.582586 -0.0777955 -0.919544 1.0744 0.831511 0.731071 -0.888185 0.813451 -0.0772498 1.53625 -0.337095 0.838041 -0.135585 
-0.0559987 -0.566872 0.290865 -0.101349 -1.30009 -1.42142 0.381817 0.375334 0.0939132 1.14804 -0.766582 -0.322223 0.00144425 0.60364 -0.664864 0.0851887 -0.579107 -0.582381 -0.156282 -0.912495 1.00055 0.791482 0.754492 -0.807018 0.852895 -0.0928028 1.59012 -0.34577 0.938904 -0.271599 
-0.124505 -0.578349 0.300368 -0.345214 -1.24634 -1.51145 0.282966 0.323813 -0.155638 1.05457 -0.916153 -0.283243 -0.156069 0.448155 -0.662991 0.232752 -0.771422 -0.644348 -0.113332 -0.823494 0.972289 0.969736 0.656301 -0.792435 0.677586 -0.125898 1.5916 -0.295269 0.840964 -0.239175 
0.021401 -0.853319 0.389086 -0.263134 -1.47223 -1.53951 0.193318 0.383285 -0.0530165 1.26786 -0.762914 -0.0291435 -0.0455992 0.318947 -0.546012 0.0320342 -0.590756 -0.575636 0.00681463 -1.09151 1.01593 0.842621 0.892138 -0.830192 0.983667 -0.266079 1.6771 -0.381934 1.02303 -0.0128811 
-0.0397807 -0.77081 0.516419 -0.290804 -1.34399 -1.59715 0.290892 0.397699 -0.158142 1.36025 -0.904217 -0.153731 0.0259019 0.389036 -0.573559 -0.0111271 -0.499548 -0.506358 -0.095405 -1.16964 1.10272 0.933039 0.894037 -0.925769 1.05392 -0.376839 1.80412 -0.4336 0.920715 -0.147097 
0.0148176 -0.777753 0.365049 -0.302302 -1.35847 -1.56843 0.0656635 0.407766 0.00412428 1.14431 -0.654988 0.0182098 -0.133879 0.36801 -0.426964 0.011253 -0.664824 -0.565258 -0.0906422 -0.953181 0.890831 0.823606 0.807908 -0.753703 1.04591 -0.364307 1.66234 -0.239883 1.08743 -0.131462 
-0.120614 -1.2211 -0.926567 0.547858 -0.35572 -0.434971 0.351289 0.485161 -0.172052 0.574826 -0.951286 -0.782008 -0.329229 0.274267 -0.68241 0.525529 -0.457959 -0.274329 -0.260455 -0.905094 0.853269 -0.186954 0.796158 -0.449696 0.754388 0.0453058 1.36209 0.25593 0.360788 -0.156195 
-1.16258 -0.86426 -0.749946 0.309183 -0.50921 -0.186305 0.0949824 0.29225 0.12029 -0.572578 -1.13769 -1.19361 -0.644107 0.409231 -0.134793 0.599864 0.963888 0.404917 -0.537194 -1.53672 0.293841 -0.231829 0.00225462 -0.522037 0.532794 0.218164 0.759665 -0.169713 -0.148106 0.139102 
-0.0698396 -0.193049 -0.0059228 0.439752 -0.177068 0.331517 -0.283888 0.913399 0.111475 1.15146 -0.812705 -0.48581 -0.76217 0.342694 1.0104 0.471627 -0.44921 -0.454281 0.138359 -0.94989 0.831097 0.779225 0.794009 -0.241527 -0.0637423 -0.232487 0.99175 -0.260386 -0.374121 -1.11787 
-1.03296 0.410515 -0.515353 1.18846 0.184679 1.05038 -0.132192 0.97135 -0.599132 -0.141327 -0.929234 -1.25655 -0.822217 -0.0161324 -0.435786 0.790791 0.22457 0.148698 -0.573568 -0.904939 0.217425 0.124534 0.763084 0.149393 0.0708623 -0.151347 0.28176 0.108294 0.0172064 -1.91776 
-0.419409 -1.16477 -0.383038 0.703931 0.133567 -0.166134 0.25915 0.524155 -0.554231 0.0090402 -1.12295 -0.41652 -0.198022 0.130222 -0.687224 0.504914 0.0882571 -0.26969 -0.458069 -0.908608 0.837165 -0.637858 0.79581 -0.646782 0.775364 -0.0266677 0.346302 0.608702 0.231725 -0.137911 
-0.135766 -0.552733 0.077977 0.366072 -1.27728 -1.33548 -0.255719 0.434412 0.487818 0.649372 -0.776798 -0.293008 -0.336995 0.13338 -0.64996 0.792624 -0.128998 -0.469943 0.140376 -0.93046 0.999888 0.688653 0.718136 -0.231021 0.0392387 -0.20208 1.38177 -0.335621 0.511372 -0.298652 
-0.350717 -0.435579 -0.485146 -0.0960572 -1.23062 -1.01848 -0.201486 0.317191 -0.0151242 -0.836836 -0.548802 0.327743 -0.747608 0.416658 0.18896 0.697383 0.711044 0.255689 -0.125453 -1.19465 0.707628 0.637326 -0.347779 -0.904207 0.922974 0.159746 1.66168 -0.844464 0.59006 0.185181 
-0.73578 -0.846241 0.0205222 0.437689 -0.607825 -1.61592 0.184805 0.43977 -0.0493468 1.05594 -0.875126 -0.310743 -0.264271 0.430903 -0.599489 0.0520138 -0.319863 -0.434563 -0.230815 -1.00062 0.96076 -0.331778 0.893789 -0.26099 0.78172 -0.18588 1.1383 -0.369832 0.468283 -0.144725 
-0.0695851 -0.728345 0.381777 -0.304489 -1.38418 -1.5731 0.31191 0.484109 -0.0405987 1.23145 -0.845996 -0.13776 -0.142008 0.479504 -0.630942 0.0587852 -0.597474 -0.595578 -0.0741069 -0.931056 0.993256 0.973142 0.74753 -0.868469 0.918422 -0.281049 1.57533 -0.358853 0.838974 -0.139019 
-0.199153 0.76082 0.0987307 -0.0721078 -0.340566 0.535631 -0.214671 0.399016 0.851443 -0.13129 -0.724408 -0.787305 -0.21978 0.101025 -0.604251 0.911252 -0.215954 -0.568782 0.00618598 -0.919513 0.880798 0.447674 0.794459 -0.724097 0.305771 -0.0612011 0.849858 -0.206322 -0.245941 -1.16562 
-0.277663 0.736556 0.596012 0.20846 0.133151 1.3514 -1.07504 0.646109 0.514338 -0.300017 0.242281 -0.821565 -1.53231 0.519905 0.260084 0.634491 0.302963 -1.20209 0.183275 0.741509 0.691839 0.737268 0.0835434 0.0543555 -0.219111 0.0425253 0.162035 0.0447031 -0.248072 -1.88165 
-0.503692 0.574768 -0.916722 0.513649 0.33635 1.1967 -0.355142 0.691308 -0.207527 -0.141193 -1.01889 -1.2903 -0.767623 -0.0161775 0.0182619 0.706706 0.195952 -0.247203 -0.509478 -0.91685 0.442848 -0.462239 0.751745 0.153251 -0.0203218 -0.224831 0.068225 0.378563 -0.450236 -0.382968 
-0.0593757 0.143096 -0.030141 -0.106282 -1.31852 0.859855 -0.0108904 0.579128 0.184512 -0.00389134 -0.813765 -0.420124 -0.480821 0.0948995 1.47375 -0.0545705 -0.289509 -0.373858 0.153618 -0.951617 0.629831 0.651864 0.871006 0.0256329 0.743631 -0.251917 1.0593 -0.337327 -0.518361 -1.60738 
-0.156385 -0.246219 0.213559 0.443568 -0.508376 0.730673 0.110482 1.09058 0.922499 0.0560662 -0.759144 -0.42949 -0.170704 -0.0321305 0.919362 0.544523 -0.263951 -0.4001 0.073377 -1.04019 0.820999 0.446488 0.61784 -0.77172 0.809635 -0.25909 1.48634 -0.278973 0.398029 -1.64755 
-0.191288 0.536489 0.275208 0.253233 -1.42754 -0.227729 -0.204906 0.750208 0.658119 0.558463 -0.849322 -0.143956 -0.241988 0.171636 1.26141 1.20116 -0.251552 -0.595863 0.245319 -0.943074 0.71583 0.475589 0.902743 0.175573 0.517805 -0.169836 0.846796 -0.164219 -0.0758898 -0.516919 
0.00997461 -0.71013 0.321263 -0.234484 -1.36071 -1.54916 0.237219 0.382949 -0.0308279 1.21755 -0.810729 -0.161971 -0.0800134 0.440345 -0.577457 0.0388237 -0.619763 -0.577426 -0.0196128 -1.06684 1.03313 0.83281 0.821735 -0.875087 0.952293 -0.192561 1.56362 -0.367839 0.853989 -0.0373537 
-0.295694 -0.318864 -0.183564 0.652144 -0.204285 -0.453965 -0.219541 0.862212 0.66411 -0.207225 -0.786737 -1.12158 -0.558008 0.376837 0.800423 0.300917 -0.239905 -0.100568 -0.198185 -0.98832 1.05517 0.371864 0.914343 0.160508 -0.136722 0.168375 0.723115 -0.0627832 -0.0791577 -0.606965 
-0.974331 0.297835 -0.663105 0.940668 0.0810215 0.598175 -0.541527 1.03212 0.375109 -0.14116 -1.13144 -0.810466 -0.677081 -0.0165292 0.942329 0.994659 0.0578324 -0.250223 0.156202 -0.907013 0.517224 0.34801 0.630987 0.132151 0.0199932 0.0335561 0.267396 0.252111 -0.0965631 -1.00544 
-0.204251 -0.771584 0.835018 0.579377 0.0274784 1.50483 -0.722796 0.929754 0.476758 -0.462916 0.150461 -0.854511 -1.62381 0.305424 0.467808 0.322018 0.231066 -0.657438 0.299666 0.121379 0.623506 0.451259 0.257277 0.0905865 -0.472691 -0.194271 -0.844186 0.23678 -0.236558 -1.92532 
-0.900569 0.731204 -0.612868 0.251609 -0.213266 0.817103 -0.405486 0.359776 0.584455 -0.549441 -0.0360676 -0.102674 -0.71261 0.437341 0.51563 0.945537 0.276021 -0.336268 0.346857 -1.39285 0.488526 0.293924 0.883377 -0.80662 -0.0818352 0.342409 0.641875 -0.391706 -0.28257 -0.753431 
