-0.158326 -0.754265 1.27612 0.439714 -0.859648 0.0470607 0.28542 -0.786575 0.988819 -1.21423 -0.385998 -1.1875 -1.71345 -0.255948 -0.395924 -0.284512 0.130861 -2.00567 -1.203 0.0915152 -0.500843 1.97273 0.54761 1.3367 0.115631 -0.244312 -1.19444 2.53346 -0.638134 0.024887 
-1.75024 -1.40004 -1.49159 1.22727 0.951392 0.521412 -0.109395 -0.0936784 -0.702865 -0.912664 -0.876325 -1.42989 -0.117046 0.327503 -0.407978 -0.114943 0.0110813 0.7834 -0.583659 -0.396915 -0.0408016 -0.65227 0.571664 0.196416 0.59489 0.143744 -0.357948 -0.0221855 1.21969 -0.179097 
-1.51332 -1.44878 -1.21191 1.06404 0.901456 0.647162 -0.176359 -0.072865 -0.406211 -0.639433 -0.932114 -1.39847 -0.0716589 0.079282 -0.499049 0.267992 -0.161824 0.285108 -0.68845 -1.09591 -0.170617 -0.757794 0.543534 0.376888 0.30113 0.358256 -0.158475 -0.0556938 0.763036 -0.246475 
-0.49597 1.41816 -0.421796 1.33262 0.428475 1.09331 -0.587814 1.64362 0.170288 0.34923 -0.0257387 -0.849385 -1.17975 0.630442 1.39075 1.99738 -0.0139589 0.105515 0.359549 -1.36047 0.440974 0.662617 0.0968446 0.328726 -0.459251 -0.457451 0.402109 -0.0172953 -0.696827 -1.39722 
-0.790242 -2.07574 1.21692 0.00180801 0.532885 1.22942 -1.25879 0.112673 0.0309689 -0.0622985 0.308072 -1.69303 -1.78578 0.703113 -0.0965988 0.567521 0.376998 -1.27614 0.143845 0.983653 0.831503 1.76558 -0.0337007 0.027572 0.161503 -0.0979135 -1.56248 0.0652526 0.149286 -1.68938 
-0.257395 -0.653385 0.732865 0.6411 0.0975777 1.4761 -0.659295 0.837333 0.418002 -0.489108 0.166449 -0.766219 -1.58897 0.297428 0.547254 0.357512 0.13976 -0.66103 0.410954 0.14358 0.660803 0.471635 0.254952 0.00409319 -0.561316 -0.290655 -0.948508 0.243244 -0.141357 -2.03122 
-1.35709 -1.42035 -1.12893 0.884696 0.500816 0.269706 -0.25598 0.709217 -0.384505 -0.349218 -1.09938 -1.4844 -0.615638 0.0268685 -0.514125 0.312844 0.0239597 0.038622 -0.805884 -1.22991 0.0520741 -0.693816 0.996434 0.342215 0.36445 0.184065 0.0202092 0.68766 0.501895 -0.164983 
-1.22209 -1.43313 -1.47516 1.13121 0.660177 0.216355 -0.411691 0.538345 -0.761331 -0.747861 -0.995586 -1.5157 -0.657118 -0.0589282 -0.48046 0.581128 -0.131833 -0.27013 -0.631579 -1.103 0.225303 -0.980848 0.93967 0.364087 0.107104 -0.25121 -0.216637 0.815649 0.320934 -0.218124 
-0.716758 -1.36907 0.948814 -0.471034 -0.31149 1.29786 -0.789498 0.142875 0.366179 -0.870076 0.0771829 -1.06653 -1.19337 0.274958 -0.429914 -0.0687281 0.160988 -1.0683 0.284949 1.09017 0.125882 1.57332 0.310001 -0.0910556 0.471286 1.40846 -0.978087 0.462979 0.173828 -0.593887 
-0.694026 -0.811183 0.598083 0.324524 -1.01234 1.46313 -0.450993 -0.188992 0.864339 -0.353898 -0.0351705 -1.63648 -0.453272 -0.447149 -0.662934 -0.149712 -0.717322 -1.21391 -0.269141 1.39505 0.0399189 1.40164 1.1476 0.0237933 0.166502 1.18762 -0.643365 1.62952 0.176723 -0.111927 
-0.714772 -0.956205 0.840821 -0.0721631 -0.96954 1.18244 -0.4868 -0.0149988 1.2217 -0.21899 -0.12412 -0.852374 -0.521399 -0.146512 -0.776113 -0.0254688 -0.665314 -0.901995 -0.604896 1.19588 0.0211848 1.67263 1.43566 -0.281697 0.337359 1.6115 -0.508329 1.51313 0.414736 -0.229526 
-0.277892 -0.0769708 0.731748 0.357424 -1.10035 0.771773 -0.474015 -0.690333 0.0132121 -0.122678 -0.591544 -1.24769 -0.892439 -0.624343 -0.561163 1.18209 -0.107247 -1.12921 -0.290118 0.405113 -0.0188014 -0.421358 0.52305 0.169148 -0.13642 1.17979 -0.0238629 1.02893 0.345077 -0.172065 
-0.34137 0.637529 -0.183848 0.722551 0.0522355 1.13814 -0.599478 1.0673 1.03019 -0.0290301 -0.761432 -0.889784 -0.860357 -0.0289515 1.44127 1.29473 -0.300373 -0.285894 0.514576 -0.823419 0.672375 0.462147 0.484222 0.141336 -0.475167 -0.103099 0.146962 -0.0888082 -0.769563 -1.87646 
-0.136204 -2.02245 1.36385 -0.0439355 0.126486 1.04569 -0.827659 0.552984 0.59993 -0.545967 0.660539 -1.37136 -1.7918 0.498014 -0.104896 0.0248724 0.0945104 -1.05766 0.123133 0.87522 0.875864 1.70125 -0.204513 -0.116107 -0.437443 0.271683 -1.84916 0.253887 0.535706 -1.79244 
0.418985 -1.96714 -0.390717 0.12108 -1.14424 0.315675 -0.317028 0.711211 1.62852 0.079822 0.416802 -0.837463 -0.651687 -0.480482 -1.60733 0.975765 1.32509 0.174176 -0.411531 0.245029 -0.748716 1.17801 -0.0756025 0.106025 0.936956 0.6991 -1.08983 -1.35804 -1.07207 0.024377 
1.40324 -0.379148 -0.345686 0.170288 -0.270876 0.320258 -0.894383 0.299651 0.854642 0.922344 -0.0990267 2.29459 -0.484665 1.31658 -0.497613 -0.793681 -0.113473 0.0566439 0.211745 -0.396676 0.713113 0.35938 -0.900724 -0.839693 -0.0809139 -0.115998 0.936951 -1.15545 -0.0443437 -0.201637 
-1.30159 -1.44149 -1.19191 1.17786 0.708545 0.281745 -0.0878469 0.563015 -0.348426 -0.61468 -1.1646 -1.52511 -0.436862 -0.153945 -0.407078 0.199144 0.0186608 -0.0787859 -0.835658 -1.30903 0.0590249 -0.638862 1.04527 0.216773 0.284093 0.280301 -0.393692 0.354666 0.352243 0.00964214 
-1.08518 -0.228875 -0.715289 0.146466 -1.12539 -0.895231 -0.511019 -1.02762 0.284755 -1.05772 0.539021 0.352315 -0.817297 0.444829 0.581886 0.56306 1.36919 0.383893 -0.662142 -1.7448 0.446988 0.0456681 -0.489806 -0.997899 0.843423 0.706265 1.02322 -0.90268 -0.20889 0.285243 
-0.978177 -2.0712 1.07289 -0.604678 -0.327898 1.63075 -0.529823 0.285369 0.142119 -1.24246 0.413127 -1.57232 -1.70107 0.489562 -0.0546567 0.117125 0.508448 -1.44901 0.133929 1.03704 0.452048 2.26428 0.198894 -0.0232708 0.312874 -0.215971 -1.43129 -0.163673 -0.523559 -1.36811 
-0.31328 -1.89203 1.34838 -0.10872 0.443854 1.59615 -1.07838 0.602026 0.319107 -0.736607 0.227564 -1.61165 -1.65885 0.515902 -0.0859758 0.0231015 0.569921 -1.33746 0.153684 1.14586 0.621764 1.33002 -0.180537 0.125986 0.205073 0.188254 -1.7412 0.400557 0.121388 -1.76748 
-0.238146 0.914223 -0.245405 0.59056 0.00896526 1.35675 -0.282122 0.890154 1.01709 -0.19242 -0.601956 -0.899157 -0.765942 0.0380017 1.59481 1.28843 -0.111844 -0.323743 0.505616 -0.905018 0.590657 0.298259 1.01733 0.202797 -0.338211 0.0429821 0.472948 -0.138883 -0.371254 -2.07178 
-0.565558 -0.934156 0.852811 0.507575 -0.963347 1.01091 -0.764217 -0.25706 1.14632 -0.232841 -0.124859 -1.00543 -0.562296 -0.205671 -0.712025 0.00374611 -0.660411 -0.991148 -0.739374 1.3116 -0.0659083 1.47344 1.59799 -0.375516 0.145208 1.62989 -0.518191 1.67677 0.46787 -0.313154 
-1.17153 0.0822811 -0.600179 0.0733909 -1.1494 -0.613648 -0.202982 -1.16272 0.403762 -0.868343 0.815191 0.301323 -0.893 0.509702 0.63862 1.05741 1.27947 0.577612 -0.58432 -1.60271 -0.319736 0.381891 -0.440785 -0.92871 0.718565 0.545644 1.11115 -0.859022 -0.287263 0.362052 
-0.955155 -2.00699 1.09805 -0.60798 0.217851 1.521 -0.551051 0.436352 0.389781 -1.33613 0.230432 -1.6472 -1.85955 0.577279 -0.0465657 0.419638 0.523162 -1.35775 0.129811 1.13669 0.307266 2.00704 0.183369 0.0146945 0.371805 -0.107975 -1.15763 0.178039 -0.114852 -1.50896 
-0.937865 -1.7034 -0.862133 -0.121276 0.574117 0.481438 -0.20311 0.462556 0.0343868 -0.509295 -0.925941 -1.49466 -1.29278 0.445608 -0.334119 0.348569 0.341747 -0.306123 -0.00112837 -0.284597 0.00569809 0.649469 1.14824 0.106303 0.253286 -0.287609 -1.0919 0.5404 -0.28953 -1.37894 
0.160362 -0.780696 0.377851 -0.421315 -1.65257 -1.5595 0.175522 0.628932 -0.0278749 1.30456 -0.787634 -0.146851 -0.35835 0.429074 -0.578155 -0.018114 -0.549244 -0.566628 -0.318155 -0.948316 0.937833 1.03977 1.13592 -0.864569 0.931552 -0.307399 1.36748 -0.39345 0.989142 -0.143737 
-0.566577 -2.04388 1.22177 -0.0965591 0.497187 1.56647 -1.23125 0.626176 0.343761 -0.672643 0.291948 -1.63629 -1.7867 0.55816 -0.0780039 0.0526991 0.405142 -1.26389 0.173388 1.04149 0.857136 1.58068 -0.0254295 0.0912997 -0.161338 0.049494 -1.66648 0.487214 0.04168 -1.89182 
-0.00546336 -0.85296 0.375725 -0.345437 -1.52605 -1.50318 0.0932671 0.260917 0.0379592 1.30132 -0.753954 -0.135807 -0.042361 0.394322 -0.602668 0.0837476 -0.63479 -0.63798 -0.0358502 -1.02312 1.01896 0.719442 0.860968 -0.707966 0.909801 -0.154222 1.5769 -0.305078 0.964834 0.00779909 
-1.11052 -0.134868 -0.562289 0.113744 -1.18384 -0.85715 -0.298602 -1.12235 0.387203 -0.774493 0.60762 0.524087 -0.799386 0.425113 0.559555 0.779876 1.25017 0.750793 -0.408762 -1.85143 0.442851 0.215359 -0.361435 -0.981543 0.897707 0.584557 1.22242 -1.15315 -0.211115 0.17325 
-0.958344 -1.31455 -1.19611 1.36689 0.561416 0.370944 -0.0575013 0.832277 -0.537606 -0.344513 -1.09802 -1.12078 -0.509977 0.223263 -0.870586 0.480472 0.380506 0.39678 -0.862954 -0.59016 0.221935 -0.893205 0.83701 0.580138 0.463939 0.0992175 -0.121212 0.982671 0.168989 -0.150274 
0.151889 -0.654565 0.386257 -0.403176 -1.60738 -1.75234 0.270439 0.508566 -0.0762085 1.26435 -0.882585 -0.18208 -0.259891 0.445767 -0.70505 -0.137671 -0.448487 -0.721045 -0.0464144 -0.868755 0.945209 0.94497 0.852654 -0.728816 1.06341 -0.400085 1.55125 -0.261536 0.958915 -0.156199 
-0.706802 -0.278993 -0.74401 0.238506 -0.996897 -0.763082 -0.845674 -1.44793 0.332672 -1.30263 0.868382 0.11219 -0.635237 0.590007 0.752815 0.715995 1.2247 0.675321 -0.392123 -1.66915 0.448385 0.737763 -0.312425 -1.08334 0.694931 0.338789 0.895449 -1.16924 -0.182511 0.058143 
-1.11737 -1.1303 -0.953247 1.23445 0.356974 0.0400482 -0.0457595 0.404056 -0.766582 -0.140152 -1.17144 -1.26498 -0.695728 0.0479242 -0.726825 0.550933 0.479716 0.231662 -0.644141 -0.787841 0.024417 -0.88991 0.91666 0.22546 0.125662 -0.158612 -0.072023 0.938986 0.253057 -0.166837 
-1.09725 0.0565922 -0.720997 1.18167 0.146776 0.74547 -0.533347 0.904137 -0.0843972 -0.278774 -0.96844 -1.52133 -0.619777 0.0479729 0.0497243 0.735273 0.03766 -0.248354 -0.235976 -0.870225 0.301133 0.100192 0.746749 0.244619 -0.369398 -0.0185411 0.255916 0.891724 0.0420649 -0.752945 
-0.5589 -2.29702 1.38255 0.0121554 0.446678 1.39094 -1.06935 0.505497 0.219018 -0.766609 0.501032 -1.60754 -1.69943 0.569594 -0.133957 0.212947 0.399462 -1.3139 0.274854 1.13314 0.712814 1.46564 0.0314223 -0.0673708 0.17032 -0.0373275 -1.62334 0.392863 -0.0433737 -1.69196 
-0.346471 0.950989 -0.32298 0.685486 -0.124141 1.1265 -0.568528 1.11775 0.687642 -0.0462781 -0.735061 -0.636679 -0.720468 0.0755792 1.52842 1.36822 -0.0688051 -0.0823807 0.244272 -1.02342 0.660866 0.354127 0.491906 -0.114713 -0.56767 -0.227251 0.108156 -0.169312 -0.594308 -1.81773 
0.254282 -2.09308 0.674464 -0.0912382 -1.23803 0.975256 -0.813597 0.415502 0.381718 0.391986 0.326708 -1.51144 -1.39131 -0.0640832 -0.832798 0.711191 0.740861 -0.875692 -0.468509 0.920644 0.483838 1.41417 0.136138 -0.0286799 0.386447 0.917915 -0.917633 -0.00838422 -0.180802 -1.5526 
-0.39289 -2.19049 1.15046 -0.0909319 -0.48967 1.70498 -1.05007 0.101559 0.658422 -1.06305 0.0807569 -1.73348 -1.72535 1.13039 -1.06047 1.14125 -0.345647 -1.02038 -0.311969 1.35584 1.2564 1.61638 0.399122 0.192016 -0.166392 0.552134 -1.76546 0.37563 -0.355742 -1.23605 
-0.489274 -2.25824 1.62835 -0.0878351 0.496419 1.2518 -1.16184 0.250853 0.45482 -0.831721 0.397218 -1.33688 -1.78503 0.512935 -0.355803 0.334645 0.31786 -1.49053 0.163596 1.31537 0.748906 1.69869 0.0832498 0.184001 -0.0596505 -0.0796886 -1.69601 0.468025 0.177997 -1.53136 
0.0665078 -0.364804 0.391459 -0.13642 -1.05232 -1.20025 -0.411165 -0.696269 0.430265 0.727152 0.469712 -0.243633 -0.479981 0.450114 0.406025 0.0337039 -0.442468 0.73079 -0.0740947 -1.3137 0.392654 0.806582 0.286105 -0.993866 0.848026 0.242228 1.13637 -0.928135 0.604694 0.22576 
-0.171095 -0.494716 0.283937 -0.317388 -1.22142 -1.53373 0.382196 0.206186 -0.0986628 0.995748 -0.880391 -0.386523 -0.134138 0.549792 -0.757649 0.289869 -0.799689 -0.674258 -0.0201867 -0.73106 1.03213 1.06569 0.660516 -0.826387 0.552952 -0.0847747 1.58578 -0.398558 0.730648 -0.232154 
-1.05826 -0.176202 -0.692347 0.154217 -1.19348 -0.68831 -0.440295 -1.12244 0.224644 -0.923136 0.358775 0.460862 -0.713054 0.518266 0.37121 0.815914 1.32093 0.605092 -0.476023 -1.84808 0.483436 0.238701 -0.299667 -1.02805 0.765416 0.534266 0.991728 -1.08516 -0.169553 0.249298 
-0.388686 -1.86583 1.45289 -0.0116634 0.531777 1.40178 -1.20056 0.546307 0.37086 -0.734012 0.332423 -1.44314 -1.84765 0.613539 -0.158059 0.143428 0.482868 -1.36349 0.114553 1.05544 0.668955 1.40153 0.0556243 -0.0125313 -0.0241018 -0.0262849 -1.60729 0.376683 0.0105781 -1.65388 
-0.135723 0.700915 -0.517566 0.695776 -0.0952696 1.28511 -0.678876 1.22551 1.1667 -0.0835987 -0.75206 -0.678531 -0.822354 -0.105212 1.68687 1.54951 -0.125684 -0.264063 0.611019 -0.915975 0.373225 0.230418 0.497893 0.138213 -0.580276 -0.152613 0.370432 -0.0412829 -0.414649 -2.10674 
-0.322673 -2.02769 1.47289 -0.110436 0.460031 1.22218 -0.935546 0.307755 0.391664 -0.592383 0.587419 -1.6418 -1.99045 0.39172 -0.0381046 0.403349 0.152787 -1.46985 0.107959 1.00411 0.528333 1.70943 0.0648019 -0.0122187 0.0265439 0.153691 -1.52974 0.337574 0.0130512 -1.82845 
0.109932 -0.483409 2.07047 0.257832 -0.411952 0.278795 0.616355 -0.710966 0.866875 -0.869154 -0.738175 -1.40011 -1.37195 -0.285795 -0.070818 -0.641986 -0.921441 -2.23972 -0.465664 0.0646425 -0.0284248 1.95826 0.308482 1.23498 -0.112989 -0.0395176 -0.648802 2.04249 -0.652928 0.569237 
-0.410719 -0.697381 0.575083 0.897063 -0.964608 1.24306 -0.335076 -0.240413 1.13964 -0.630458 0.116797 -1.04377 0.0505306 -0.325633 -0.966463 -0.424591 -0.732409 -1.13427 -0.626249 1.20885 0.480105 1.43753 0.929853 -0.436768 0.00903632 1.90284 -0.791334 1.63376 0.637324 -0.215652 
-0.324071 -0.871569 0.661939 0.331204 -0.862989 1.09633 -0.567318 -0.0500237 1.23159 -0.0689809 0.148475 -0.961993 -0.346784 -0.0476213 -0.871856 -0.107161 -0.737552 -0.886448 -0.358353 1.14919 -0.152195 1.22526 1.27474 -0.553125 0.418735 1.78328 -0.698398 1.5934 0.31189 -0.517763 
-0.413802 0.805868 -0.371362 0.570584 0.060794 1.27024 -0.45296 1.14413 1.2334 -0.136631 -0.795609 -0.881712 -0.581898 -0.280024 1.55085 1.55317 0.0400145 -0.184858 0.705936 -0.750474 0.434436 0.103107 0.536174 0.147836 -0.659134 -0.140004 0.44058 -0.225299 -0.193494 -2.25696 
-0.332072 0.91996 -0.106256 0.376799 0.0893754 1.33878 -0.611203 1.07677 1.18268 -0.158757 -0.570517 -0.693759 -0.875516 0.0497577 1.4086 1.46332 -0.049398 -0.375587 0.483274 -0.873134 0.612934 0.532157 0.51128 0.135135 -0.464453 -0.245163 0.263374 -0.198123 -0.5026 -2.1213 
-0.17592 0.906636 -0.233337 0.333142 -0.0805863 1.36289 -0.264735 1.09667 1.09709 -0.0626206 -0.745038 -0.853146 -0.750255 0.123412 1.58815 1.30482 -0.180204 -0.44754 0.567307 -1.02719 0.748451 0.364015 0.852469 0.3159 -0.220069 -0.0815909 0.573442 0.0946815 -0.318273 -1.88997 
-0.0997794 0.820203 -0.230675 0.433077 0.00683787 1.39729 -0.2587 1.17549 1.0626 -0.00423975 -0.793215 -0.782391 -0.656155 0.19019 1.56863 1.21366 -0.060684 -0.488918 0.683794 -0.952253 0.839544 0.242741 0.907629 0.327959 -0.147612 -0.112467 0.535251 0.0708414 -0.416442 -1.94039 
-0.232631 0.826141 -0.230257 0.397527 -0.132261 1.42081 -0.325716 1.14402 1.11426 0.033459 -0.82551 -0.778698 -0.836926 0.0618336 1.62885 1.20921 -0.259473 -0.381562 0.55052 -1.09409 0.688643 0.351934 0.882668 0.338745 -0.126279 -0.0632669 0.655393 0.120999 -0.302948 -1.88383 
-0.143093 -0.826197 1.3784 0.385142 -0.433686 0.0801395 0.520357 -0.747359 0.915834 -1.19551 -0.408145 -1.21098 -1.88514 -0.351882 -0.630436 -0.363553 -0.246183 -1.97306 -1.26175 0.322647 -0.251504 1.53649 0.600158 1.32432 0.000460952 -0.184662 -0.696457 2.2978 -0.544897 0.439845 
-0.149741 -0.710257 1.34101 0.265312 -0.346583 0.0586902 0.445251 -0.82509 0.872764 -1.1008 -0.512495 -1.28342 -1.92939 -0.350886 -0.646516 -0.320015 -0.341288 -1.93331 -1.13948 0.21867 -0.255095 1.53954 0.624704 1.31714 0.035858 -0.0976344 -0.61549 2.27317 -0.508243 0.396037 
-0.0228217 -0.704811 1.46362 0.416683 -0.423977 0.0853186 0.467721 -0.72459 0.828671 -1.22056 -0.363996 -1.16486 -1.9889 -0.250053 -0.707649 -0.307244 -0.296439 -1.93839 -1.34382 0.376172 -0.313975 1.41881 0.566892 1.28743 0.0595296 -0.0843003 -0.77133 2.31276 -0.606115 0.455471 
-0.50018 0.905942 -0.190813 0.575587 0.06036 1.30911 -0.568796 0.961393 0.923615 -0.208364 -0.775101 -0.665975 -1.01379 -0.0854201 1.50985 1.40904 -0.043482 -0.222383 0.400865 -1.07797 0.371856 0.529311 0.721395 0.0413818 -0.610322 -0.16192 0.223273 0.12918 -0.524034 -2.05763 
-0.616964 0.931265 -0.313203 0.487958 0.0359236 1.28771 -0.622376 0.954115 0.930565 -0.242977 -0.713134 -0.547798 -1.07554 -0.0378761 1.59523 1.43137 0.0198887 -0.140305 0.291765 -0.985602 0.275919 0.643135 0.674686 -0.0124882 -0.711885 -0.0505741 0.213864 0.147227 -0.593107 -2.12603 
-0.530872 0.933565 -0.243636 0.553328 0.0749605 1.33932 -0.583283 0.844727 0.912582 -0.160962 -0.742874 -0.739293 -1.12188 -0.183333 1.58567 1.34919 -0.0363229 -0.162533 0.500982 -1.00371 0.318226 0.45927 0.672397 0.153416 -0.519841 -0.109281 0.140932 0.0723052 -0.424284 -2.11869 
-0.419834 0.710254 -0.350221 0.52451 0.0722186 1.25961 -0.631651 1.02167 0.958437 -0.0565545 -0.686949 -0.823173 -0.959195 -0.117463 1.54592 1.26219 0.000280113 -0.41011 0.596727 -0.836602 0.675774 0.648868 0.769659 0.0506862 -0.40874 -0.190863 0.32736 -0.196596 -0.595012 -1.97565 
-0.4162 0.67208 -0.295613 0.523153 0.134768 1.34502 -0.639196 0.976384 0.960444 -0.00788368 -0.583852 -0.869847 -0.957196 -0.0542385 1.47401 1.3455 0.0822386 -0.362396 0.604473 -0.845352 0.699795 0.592581 0.894554 0.137954 -0.526858 -0.21521 0.257524 -0.162705 -0.613891 -2.03042 
-0.495549 0.770205 -0.255079 0.638106 -0.0362938 1.23271 -0.562742 0.971652 0.942536 -0.0039994 -0.64988 -0.859452 -1.05071 -0.0231459 1.63762 1.1908 -0.0630598 -0.381588 0.634827 -0.799653 0.675647 0.566282 0.719257 -0.0559333 -0.29603 -0.0787122 0.221462 -0.269995 -0.632331 -2.08891 
-0.253819 0.812098 -0.346556 0.633037 0.0218252 1.41751 -0.616639 1.34017 1.09622 -0.255017 -0.731562 -0.767728 -0.939013 -0.184586 1.82652 1.37268 -0.208348 -0.284348 0.460731 -0.912745 0.518684 0.334353 0.550437 0.126549 -0.538194 -0.129307 0.380859 -0.106483 -0.414585 -2.17345 
-0.212756 0.907826 -0.276047 0.684464 0.0504658 1.38063 -0.555582 1.41484 1.09827 -0.352624 -0.670246 -0.753732 -0.8813 -0.206387 1.88668 1.29158 -0.308516 -0.285929 0.578805 -0.939205 0.497052 0.247638 0.597858 0.00176184 -0.561924 -0.120784 0.492349 -0.221562 -0.501464 -2.10703 
-0.260438 0.743682 -0.281149 0.723528 0.0811682 1.46835 -0.496289 1.366 1.18534 -0.366187 -0.821648 -0.763941 -0.81689 -0.268462 1.87855 1.26777 -0.120713 -0.346364 0.551777 -0.988909 0.537811 0.45844 0.509259 0.0329246 -0.473936 -0.129613 0.460265 -0.17613 -0.502857 -2.17777 
-0.822788 -0.972432 0.0173964 0.931279 -0.311153 -1.05764 0.00333431 0.409942 -0.048846 -0.222084 -0.876582 -1.23305 -0.474992 0.467797 -0.610683 0.19428 -0.304064 -0.0900234 -0.234974 -1.01389 1.06899 -0.39573 0.886831 0.129136 0.370049 0.1704 0.932832 -0.193178 0.437622 -0.141398 
-0.811619 -0.929821 0.111693 0.808732 -0.268568 -1.10904 0.0799153 0.323569 -0.116313 -0.133811 -0.781345 -1.17933 -0.458875 0.350177 -0.687633 0.148168 -0.40363 -0.175999 -0.332594 -1.0666 1.15088 -0.282356 0.817452 0.244423 0.3407 0.0872452 1.00213 -0.0780623 0.432929 -0.0677895 
-0.738061 -0.938266 0.01429 0.903005 -0.403034 -1.03431 0.0829651 0.447183 -0.0285558 -0.274169 -0.840269 -1.28044 -0.393051 0.522198 -0.640135 0.144793 -0.384511 -0.131493 -0.114998 -1.05406 1.17795 -0.435934 0.795331 0.187064 0.272081 0.171741 0.834261 -0.299034 0.469773 -0.0391986 
-1.48028 -1.47429 -1.23565 1.0553 0.601335 0.000599504 -0.159118 0.726317 -0.277457 -0.640598 -1.09596 -1.61366 -0.512447 -0.402778 -0.23282 0.488358 0.111153 0.178634 -0.631363 -1.41573 -0.0440162 -0.829626 1.1153 0.267049 0.406577 0.392027 -0.0380729 0.236304 0.561596 -0.228081 
-1.46198 -1.56168 -1.19869 1.04072 0.626489 -0.0570337 -0.206902 0.757646 -0.161982 -0.532464 -1.03587 -1.5843 -0.416891 -0.484065 -0.212105 0.497174 0.177306 0.131773 -0.597166 -1.52267 -0.136025 -0.866506 1.15436 0.389844 0.303555 0.505876 0.0278244 0.281604 0.493677 -0.189689 
-1.58157 -1.41029 -1.21882 0.997398 0.506299 0.0415406 -0.0554583 0.610477 -0.272383 -0.60458 -1.19317 -1.56892 -0.550204 -0.352753 -0.264126 0.428257 0.229467 0.129362 -0.689376 -1.34847 -0.161635 -0.841154 1.1656 0.144766 0.421629 0.277534 -0.0795312 0.19854 0.67007 -0.154465 
-0.176236 -0.650804 0.428134 -0.273118 -1.12613 -1.71208 0.318237 0.629699 -0.073878 1.26387 -0.814317 -0.0125727 -0.20739 0.644386 -0.852682 0.0100686 -0.72641 -0.558692 -0.118612 -0.802763 1.20545 0.942554 0.822426 -0.754029 0.609792 -0.122754 1.59032 -0.308215 0.873225 -0.215347 
-0.212605 -0.671136 0.473308 -0.37097 -1.08332 -1.70334 0.376848 0.62236 -0.0770156 1.382 -0.937656 -0.0081293 -0.296817 0.561169 -0.83663 0.00642363 -0.676581 -0.534993 -0.0426297 -0.753578 1.10999 0.857157 0.707081 -0.743583 0.580144 -0.0620847 1.58656 -0.371465 0.860226 -0.31167 
-0.127843 -0.714968 0.432538 -0.22318 -1.23986 -1.6305 0.337893 0.552111 -0.138146 1.37571 -0.71702 -0.0273455 -0.311783 0.66638 -0.891783 -0.00165795 -0.655321 -0.55044 -0.00527821 -0.770733 1.09683 0.929958 0.722291 -0.66153 0.645785 -0.0871327 1.53348 -0.425682 0.837481 -0.184828 
0.00997461 -0.71013 0.321263 -0.234484 -1.36071 -1.54916 0.237219 0.382949 -0.0308279 1.21755 -0.810729 -0.161971 -0.0800134 0.440345 -0.577457 0.0388237 -0.619763 -0.577426 -0.0196128 -1.06684 1.03313 0.83281 0.821735 -0.875087 0.952293 -0.192561 1.56362 -0.367839 0.853989 -0.0373537 
0.103698 -0.614879 0.2706 -0.149984 -1.4401 -1.44249 0.134639 0.36687 -0.032336 1.16207 -0.887465 -0.159141 -0.0461129 0.557073 -0.659907 -0.00328883 -0.572773 -0.514761 0.0285776 -1.16343 1.07677 0.805998 0.821197 -0.799367 0.898664 -0.17048 1.65848 -0.488624 0.828175 -0.0296672 
0.0490436 -0.672281 0.372416 -0.304119 -1.31585 -1.65145 0.186919 0.326085 -0.144033 1.10696 -0.749193 -0.252555 -0.108029 0.43899 -0.487288 0.139527 -0.615211 -0.462429 -0.0322162 -0.954532 1.08514 0.905339 0.734281 -0.771222 0.900115 -0.303455 1.6814 -0.47587 0.796607 -0.14371 
-0.0845185 -0.689301 0.275728 -0.214313 -1.30331 -1.55437 0.368919 0.381193 -0.0238079 1.14191 -0.810772 -0.188149 -0.0834792 0.485289 -0.654175 0.13319 -0.672617 -0.582586 -0.0777955 -0.919544 1.0744 0.831511 0.731071 -0.888185 0.813451 -0.0772498 1.53625 -0.337095 0.838041 -0.135585 
-0.102754 -0.638185 0.254918 -0.188429 -1.37898 -1.60473 0.30299 0.33603 0.0154666 1.19958 -0.711245 -0.273223 -0.0573829 0.488046 -0.714049 0.0378459 -0.761164 -0.565677 -0.0737366 -0.882279 1.12635 0.824544 0.750933 -0.934394 0.93278 -0.0645695 1.41493 -0.36487 0.729391 -0.252419 
-0.0567841 -0.650073 0.279867 -0.228799 -1.32223 -1.62286 0.350311 0.325401 0.0466834 1.21293 -0.730956 -0.18165 0.0266969 0.428934 -0.64784 0.202751 -0.600532 -0.525611 -0.084724 -0.902874 1.12423 0.764762 0.70276 -0.930423 0.882375 -0.141121 1.49916 -0.36309 0.944113 -0.199036 
0.00257596 -0.754267 0.526923 -0.104367 -0.782751 -0.92403 0.364489 -0.0549898 0.531551 -1.01231 -0.453919 -0.252295 -0.417692 -0.290262 -0.616482 -0.269737 -0.446013 -1.37864 -0.704613 -0.155259 0.021884 1.27697 0.745134 0.649437 0.616899 -0.185348 0.54741 1.52466 -0.50205 0.00179288 
-0.307961 -0.388319 1.00101 0.57359 -0.0772318 0.741408 0.488556 0.507945 0.916722 -0.808165 -0.568971 -1.18426 -1.02548 -0.144283 0.499491 -0.284713 -0.2461 -0.636268 0.298266 0.308599 -0.119671 1.48797 0.621864 0.275256 -0.0397499 -0.168321 -0.614407 1.97802 -0.525544 -1.86638 
-1.14821 -0.206377 -0.983224 0.530499 0.095345 0.0719792 -0.543392 0.804595 0.0241102 -0.123158 -1.00299 -1.11306 -0.623262 -0.217221 0.434683 1.14523 0.0653683 -0.294065 0.400898 -0.9402 -0.0236949 -0.423028 0.783914 0.16995 0.292076 0.103535 0.288676 -0.103448 -0.5512 -1.88809 
-0.253956 0.77258 -0.348257 0.570872 0.0667904 1.30766 -0.620135 1.09762 1.06865 -0.125861 -0.716321 -0.776211 -0.959143 -0.128216 1.57766 1.29252 -0.108186 -0.389197 0.552737 -0.870426 0.576443 0.472675 0.585126 0.0565138 -0.503859 -0.175292 0.371868 -0.192477 -0.558345 -2.15492 
-0.528463 -1.06675 -0.576125 0.555221 0.429003 0.370928 -0.218526 1.03426 0.20279 -0.428656 -0.780812 -1.56152 -0.551175 -0.393962 0.690782 0.573808 0.077822 -0.199328 0.0890889 -1.23514 0.238967 0.319854 0.852558 0.276595 0.183691 -0.0747228 0.362367 0.198768 0.355311 -0.365237 
-0.464901 0.315433 0.30888 0.0140451 -1.00868 -1.43994 -0.362895 0.895075 0.71371 -0.142696 -0.784801 -0.233313 -0.241516 -0.0730243 0.455516 0.348298 -0.33808 -0.26546 -0.0754823 -0.901694 0.861043 0.826967 0.753169 -0.429141 -0.174063 -0.150071 1.17331 -0.18546 0.727562 -1.86314 
-0.305493 0.705662 0.171753 0.55295 -1.0781 0.0955142 0.23685 0.836042 0.580722 0.524915 -0.791414 -0.330815 -0.74269 0.101004 0.804412 1.31568 -0.619595 -0.39657 0.219092 -1.07456 1.00377 0.743143 0.738547 -0.00787703 -0.538529 -0.182912 0.362206 -0.137388 -0.173739 -1.1325 
-0.297198 0.12343 -0.229242 0.5043 -0.654166 1.13119 -0.168919 0.604395 0.955126 1.06582 -0.732234 -0.696568 -0.41579 0.416815 0.649479 1.03282 -0.153975 -0.413971 0.437527 -0.905032 0.714554 0.66828 0.787501 -0.533395 -0.163865 -0.192198 0.948297 -0.325772 -0.329617 -0.455772 
-0.216703 0.729185 -0.31328 0.347283 0.0440438 1.30832 -0.599675 1.05098 1.06681 -0.0569492 -0.705618 -0.833199 -0.836446 0.048729 1.58187 1.29788 -0.132083 -0.420718 0.57502 -0.872465 0.739354 0.443059 0.83408 0.227276 -0.324605 -0.184666 0.537098 0.0138409 -0.591125 -1.92983 
-0.305823 -0.465048 0.285699 0.458411 -0.191392 -0.289821 0.0770791 0.952531 0.793356 0.0187436 -0.811367 -0.257019 -0.844421 0.169044 -0.0739869 0.768215 -0.249946 -0.300714 -0.0094015 -0.96566 1.06595 0.553708 0.778559 -0.300409 -0.2455 -0.124317 1.16037 0.0527137 -0.384073 -0.414382 
-0.227299 -0.173107 0.0926475 -0.0330512 -0.763777 -0.281339 0.166907 0.98227 0.326917 0.0166802 -0.785282 -0.239193 -0.815868 0.474882 1.8006 1.2776 -0.30105 -0.416291 0.27937 -0.914898 0.632262 0.713455 0.552906 -0.138084 0.647175 -0.100997 1.21422 -0.228732 0.688237 -1.97056 
-0.358005 0.348978 -0.168468 0.39537 -1.2109 0.44656 -0.423661 0.61793 0.371019 0.544621 -0.749589 -0.302739 -0.370123 0.0987221 1.23811 0.972947 -0.231943 -0.48595 0.223326 -0.907617 0.873023 0.689068 0.752037 -0.649366 0.391373 -0.190743 0.862392 -0.277039 0.467244 -1.11374 
-0.3523 -0.226388 -0.189274 0.267664 -1.05842 -0.526291 -0.190649 0.992641 0.0479633 0.272039 -0.728608 -0.390567 -0.254255 0.103178 0.89105 1.03874 -0.258395 -0.472264 -0.0488753 -0.916258 0.982381 0.665042 0.762995 -0.63115 0.0732846 -0.143007 0.748156 -0.28623 -0.545161 -1.96808 
-0.228283 0.790254 -0.317034 0.473522 7.0374e-06 1.31709 -0.628409 1.02624 1.08597 -0.0566722 -0.710557 -0.832652 -0.86494 -0.0011595 1.54642 1.29742 -0.0312554 -0.415574 0.590411 -0.840762 0.7138 0.534953 0.803198 0.215854 -0.222709 -0.179503 0.38827 -0.137758 -0.428565 -1.95839 
-0.0685006 -0.812752 1.33548 0.0766557 -1.15372 -0.0852954 0.489049 -0.172921 0.16015 -1.06498 -0.544378 -1.14055 -0.63559 0.0989404 -0.593647 -0.0157655 -0.553135 -1.85892 -0.457216 -1.06088 0.188981 1.32211 0.692613 0.793971 0.641345 -0.191413 0.0865183 0.346207 0.298162 0.373729 
-0.292868 0.45836 -0.0242953 0.913431 -0.180473 1.18505 -0.0801147 0.41593 0.248705 -0.172016 -0.749649 -1.00665 -0.617053 0.405422 0.472556 0.921578 -0.243864 -0.160641 -0.142524 -1.0221 1.0051 -0.0398089 0.855093 0.230326 0.257158 0.029007 0.654006 0.0746628 -0.191417 -0.211815 
-0.239525 -0.365186 0.181774 0.0695008 -1.3533 0.413618 0.114072 0.93282 0.378137 0.8097 -0.777456 -0.724477 -0.872667 -0.0103138 0.422691 0.831129 -0.148816 -0.454699 0.400273 -0.910869 0.697122 0.819596 0.793607 0.0154121 -0.307393 -0.191954 0.639855 -0.283791 0.759395 -1.23248 
-0.664194 -0.893539 -0.21524 0.662143 -0.171129 1.12692 -0.204551 0.461146 0.0861848 -0.0917446 -0.806724 -1.05444 -0.486665 0.284102 0.396488 0.961213 -0.282213 -0.348188 -0.179959 -1.02158 1.02581 -0.234313 0.878037 0.253264 -0.131458 -0.00461478 0.685352 -0.0525521 0.411401 -1.11501 
-0.219786 -0.366422 0.0113799 -0.177993 -0.221719 -1.15207 -0.217102 1.17802 0.144085 0.846572 -0.795621 -0.747185 -0.345895 0.15529 -0.616282 0.415688 -0.630717 -0.449986 0.309525 -0.912974 0.661682 0.456677 0.677077 -0.527554 0.160395 -0.111827 1.37117 -0.248155 -0.284811 -1.26497 
-0.395927 0.0954187 0.172567 0.491493 -0.863609 0.449401 -0.144764 0.850615 0.633351 0.530171 -0.783041 -0.493511 -0.63092 -0.0341513 1.46628 1.12036 -0.578537 -0.418243 -0.0134971 -0.985313 0.808696 0.604377 0.725903 -0.421827 0.51383 -0.0891865 1.41097 -0.0539923 -0.297552 -1.16404 
