-0.277662 0.45161 -0.0458006 -0.782275 -0.0441817 0.785744 -0.670326 0.931148 -0.0211633 -0.745658 0.907467 0.103415 -0.918242 -0.249527 0.954251 0.706288 0.295518 0.252874 -0.471625 -0.776902 -0.838258 -0.247057 0.33652 0.199795 0.60605 -0.579663 -0.330942 0.147056 0.883685 0.858919 
-0.175558 -0.34457 -0.317283 -0.803504 -0.422863 0.499408 -0.568989 -0.204525 0.762111 0.716337 -0.478385 0.456853 0.82136 0.847925 -0.351557 0.848677 -0.927181 0.161636 -0.363025 -0.471944 0.946326 0.250881 0.843905 -0.505402 -0.0056492 0.996366 0.970318 -0.279227 0.552234 0.314063 
-0.490873 -0.31617 -0.888152 0.393981 0.78273 0.803513 0.672847 -0.606894 -0.0671297 -0.620378 0.783118 0.893438 -0.634197 -0.891753 0.29193 -0.203823 0.0313587 -0.902221 -0.325631 0.024264 0.906522 -0.749797 -0.576508 0.865115 0.760197 -0.277524 0.484273 -0.288029 0.9608 -0.248698 
0.0599145 -0.53359 0.66879 0.763826 0.907252 0.854258 -0.364786 -0.115347 0.562346 -0.517092 -0.703485 0.0548156 -0.0426254 0.835973 0.875464 0.498955 -0.306501 0.829345 -0.289716 -0.610776 0.307064 -0.476914 0.787143 0.740163 0.51979 -0.250969 0.493543 -0.342399 -0.313228 0.225183 
0.43626 0.883596 -0.426455 -0.533404 -0.75934 -0.712051 -0.709563 0.68752 0.172838 -0.637603 0.927647 -0.307004 0.295384 0.61328 0.0362045 -0.39306 -0.648812 -0.482376 -0.413133 -0.853888 -0.701909 -0.346287 0.802242 -0.983272 0.855006 0.932963 -0.377777 -0.715192 -0.0896906 -0.592305 
-0.143282 -0.354173 0.991926 -0.152383 -0.605132 0.970212 -0.432499 -0.560631 0.592621 0.0286556 -0.364956 -0.963474 -0.544619 -0.0657278 -0.439181 0.344213 -0.217641 -0.968772 -0.766253 0.847776 0.305036 0.772399 0.667182 0.0440832 0.0894449 0.954993 -0.940516 0.958592 0.225463 -0.759142 
0.0367509 -0.392302 -0.451378 0.32873 -0.87316 -0.329371 0.0192446 0.218762 0.0919498 0.478086 -0.446748 -0.266239 -0.416115 0.388146 0.668057 0.383033 0.267105 -0.990755 0.790698 -0.546295 -0.055009 -0.151297 -0.369776 -0.138799 -0.317998 0.144227 -0.660059 0.309155 -0.815928 0.745942 
-0.749904 -0.420719 -0.693728 0.801364 0.648958 -0.197927 0.337541 -0.0373121 -0.463783 -0.879189 -0.957247 -0.935863 0.298411 0.0586465 0.52908 -0.474899 -0.620989 0.762655 -0.888608 -0.999311 -0.0146666 -0.109746 0.00336955 0.818917 -0.194018 0.380631 0.179415 -0.0334995 0.584293 0.0673128 
-0.652638 -0.988162 0.241406 -0.113366 0.630641 0.0748841 -0.812662 0.0291438 -0.00514464 -0.134143 0.970922 -0.479519 0.989052 -0.613381 0.699888 0.518384 -0.145896 0.0671677 -0.303135 -0.750582 -0.175027 -0.59768 0.280274 -0.0101568 0.840929 0.221019 0.00777912 -0.784828 -0.170869 0.363626 
0.276337 0.7885 0.8994 -0.758716 0.707253 0.704858 -0.540686 0.128104 -0.94102 -0.478531 -0.0982672 0.024892 -0.251005 -0.984192 0.154886 0.081826 -0.659073 0.478518 0.932039 -0.177185 -0.253842 0.232759 -0.974302 0.14806 0.388522 -0.801624 -0.625374 -0.77756 -0.94098 0.571587 
0.5656 -0.988601 -0.257109 0.216459 0.0947813 0.0742595 0.741615 -0.540584 -0.759963 0.518346 -0.942961 -0.630644 -0.860411 0.730559 0.0513917 0.43343 -0.27556 0.919174 -0.662192 0.216173 -0.738186 -0.932561 -0.347981 0.928353 -0.570079 -0.448771 -0.1711 0.105736 0.679003 -0.0291356 
-0.248278 -0.398054 -0.813712 0.952242 -0.394244 -0.894972 -0.680079 0.257878 0.491473 -0.768376 0.810184 0.996173 -0.278743 0.544935 0.166814 0.782861 0.00884986 0.828733 0.799638 -0.975037 -0.0450885 0.838955 -0.0792782 0.384821 -0.24311 0.172027 0.257216 0.580484 -0.256864 -0.605935 
-0.769398 -0.879532 0.881682 -0.437945 0.927626 -0.393257 0.564492 -0.2843 0.215759 0.255141 0.171985 -0.21464 0.950924 -0.258229 -0.286657 -0.655326 -0.474612 -0.666146 0.0992029 -0.372557 -0.797178 -0.0789938 -0.0399151 -0.467097 -0.630669 0.467513 0.920085 -0.784799 0.128269 -0.481363 
0.143138 -0.129508 -0.0493128 -0.927993 -0.604846 -0.936869 0.942279 0.876236 0.567916 -0.653759 -0.318913 0.605944 0.873177 0.946567 -0.761608 0.92233 0.269773 -0.335205 -0.32753 0.378756 0.716638 0.803042 0.342669 0.665235 0.0970925 -0.663308 -0.986112 0.666878 0.820504 0.8491 
0.36388 -0.142343 -0.990458 -0.716672 -0.000845031 -0.450104 0.823215 0.0576544 0.55605 0.132847 0.561376 0.29959 0.859359 0.0168539 0.992329 0.249766 0.393728 -0.556354 0.813638 -0.0184988 0.0441872 0.508648 0.697514 0.133889 0.82853 0.394159 -0.528376 0.0231594 0.665142 0.0210814 
-0.833265 -0.492296 -0.610499 0.798269 0.393248 0.919082 -0.298426 0.135134 -0.476148 0.0728262 -0.552046 -0.0929524 0.196442 -0.395252 -0.228926 0.107711 0.796766 -0.773354 -0.914535 -0.283335 0.332698 -0.517654 0.734671 0.168621 0.29073 0.421706 -0.506218 -0.972855 0.298889 0.539162 
-0.119591 -0.639314 -0.127391 -0.544296 0.283913 0.00388671 0.666481 0.807744 -0.814435 0.723217 0.485995 -0.206779 -0.541526 -0.980134 0.466316 -0.100255 -0.990307 0.556828 0.518021 0.733767 -0.112678 0.0992902 -0.706785 -0.885385 -0.141667 -0.362727 -0.193837 -0.620393 -0.925805 -0.414072 
0.882215 -0.472751 0.956173 0.433449 -0.44655 -0.714456 0.574304 0.701385 0.550439 -0.00304844 0.877753 0.197799 0.168502 -0.778988 0.271974 -0.172847 0.620232 0.659922 0.844956 0.610438 0.316982 -0.615079 0.231386 -0.801683 -0.482273 -0.0509584 -0.412812 -0.375472 0.0651539 0.870544 
0.20006 0.211879 -0.733944 0.851961 -0.632895 0.516312 0.555523 -0.084279 0.668796 -0.139646 0.397058 0.86327 -0.702282 -0.393189 0.52727 0.38741 0.42391 -0.012009 -0.0517698 -0.822914 0.519904 0.433549 0.298783 -0.171113 0.667036 -0.619474 -0.525956 0.536722 0.944668 0.951563 
-0.416785 -0.972072 -0.84918 -0.146613 -0.827606 0.270393 -0.907212 0.352026 0.84243 -0.407155 0.239331 -0.0445798 0.544971 0.848903 -0.854786 0.607776 0.459529 -0.442249 -0.428444 0.0204099 -0.0295277 0.900041 -0.146203 -0.315898 -0.402159 0.152198 0.268225 -0.488559 -0.191763 -0.459837 
0.15176 -0.87253 0.90934 0.920171 -0.00553092 0.388124 -0.681417 -0.974081 0.702749 -0.958373 -0.919687 -0.164882 -0.130055 -0.38836 0.773265 0.750117 -0.12674 -0.926931 0.894966 0.714217 0.235721 0.0199617 -0.69371 -0.667598 0.446408 -0.474014 -0.260478 0.343579 -0.590389 0.500089 
-0.078995 0.229287 -0.579177 -0.958201 -0.573374 -0.425919 -0.155721 0.307303 -0.645619 -0.734846 0.773227 0.764437 0.158028 0.784964 0.746126 0.160818 0.402816 0.07981 -0.702318 -0.32133 0.17404 -0.220464 0.523304 -0.0579323 0.969405 0.571778 -0.96775 -0.173374 0.188992 0.327185 
0.0174617 -0.995179 -0.277841 0.725157 0.399874 0.291325 0.674378 -0.798264 -0.31435 -0.930904 -0.581597 0.664472 -0.279808 0.639585 -0.333827 0.418853 0.466577 -0.315673 -0.0962313 -0.18901 -0.544973 -0.406876 -0.276364 0.831314 -0.791196 -0.972694 -0.349531 -0.29782 0.227753 0.000460933 
-0.132007 -0.0212813 -0.0906076 0.413844 -0.942429 -0.900413 0.162359 -0.201658 0.227557 -0.508653 0.182349 0.612978 -0.732268 0.268499 0.0326944 0.56971 0.803728 -0.184593 0.485855 -0.595822 0.231482 0.322618 -0.827497 -0.973852 -0.139978 -0.262356 0.0285368 -0.523642 0.0346283 0.283274 
0.459485 0.713265 0.570002 0.869459 0.885125 -0.419551 -0.571229 -0.483689 0.249427 -0.604587 0.0585061 0.823976 0.361276 0.0489371 0.537181 -0.555392 0.297026 -0.458086 -0.0534531 0.267781 -0.770812 -0.673174 -0.691389 -0.052723 0.168427 0.410977 -0.834673 -0.762611 0.393424 0.300704 
-0.494405 -0.490192 -0.145695 0.984171 0.00445392 0.311874 -0.460766 0.985313 -0.403367 0.184854 -0.926017 -0.0690751 -0.247578 -0.908253 0.13587 -0.406666 0.0218001 -0.924622 -0.912149 0.906819 -0.949486 -0.07589 -0.460993 -0.681644 -0.388495 -0.969246 -0.16557 -0.287754 -0.39326 0.234481 
-0.0891327 -0.309984 -0.544549 -0.486107 0.130263 0.78607 -0.752491 -0.0478306 -0.649319 -0.0984548 -0.562308 -0.945334 0.899624 0.386396 0.102785 0.837477 0.25986 -0.296996 0.779504 -0.43279 -0.807057 0.620864 0.535864 0.34295 0.896129 -0.878444 0.292263 -0.84606 -0.633105 -0.443102 
0.568064 -0.70889 -0.709379 0.811232 0.983597 -0.802366 0.868025 0.350931 0.432617 -0.849287 0.159311 0.563723 0.645869 -0.97528 -0.35796 -0.890539 0.486469 0.46363 0.141333 -0.983486 -0.290313 0.642506 0.763674 0.519745 -0.0732258 -0.343537 -0.292244 -0.680339 -0.542903 -0.111105 
-0.555989 0.950686 -0.0695944 0.0683826 -0.64332 -0.928693 0.439667 -0.7129 0.266314 -0.687183 0.239245 0.271149 -0.406747 0.261183 0.438264 0.0414648 -0.651051 -0.724441 -0.457423 0.528086 -0.497088 0.606421 -0.171372 -0.251892 -0.427231 -0.15022 -0.484972 0.961853 -0.255144 0.750087 
0.435497 -0.30612 0.100732 0.455033 -0.138188 0.492081 0.610665 -0.995671 0.0693852 -0.338237 -0.786028 0.658555 0.819403 0.159254 0.693435 -0.944053 0.146828 0.310295 0.388802 -0.862722 0.0918681 -0.32888 0.927781 0.659281 0.843204 0.88108 -0.750097 0.00398924 0.941069 -0.00449192 
0.217578 0.348115 -0.291059 0.730826 0.908893 -0.946015 -0.907113 -0.156154 -0.854201 0.575204 -0.728286 -0.925695 -0.55913 0.398194 -0.464065 -0.347346 -0.31891 -0.806393 0.417897 -0.189994 -0.334757 -0.59431 -0.0344897 -0.415565 -0.15226 -0.108056 0.46196 -0.0243514 -0.218265 0.781529 
0.00653125 0.958607 -0.23895 -0.493118 0.54862 0.510549 -0.402546 0.296317 0.848477 -0.907192 0.290902 0.820858 -0.456642 0.967529 -0.220959 -0.445121 0.613853 0.680829 -0.811323 0.791687 -0.167418 -0.52973 -0.135056 0.0647604 0.927383 0.892114 -0.695737 0.462649 -0.611301 -0.508253 
0.268476 -0.0869778 -0.699301 -0.947093 0.211302 -0.192815 0.701394 0.868081 0.309726 -0.99158 -0.697124 -0.817331 -0.917191 0.217123 0.156416 0.573476 -0.575695 -0.927247 0.664594 -0.0140153 0.055833 0.165054 -0.167303 -0.597729 -0.545813 -0.360329 0.938261 0.557026 0.981757 0.60459 
0.576481 -0.0339963 0.396184 -0.290745 -0.792799 -0.566269 0.541766 -0.586599 -0.394492 0.865232 0.0175592 0.962787 0.718261 -0.0264049 -0.434834 -0.82413 0.122801 0.177324 -0.581398 -0.698457 0.632501 0.608645 0.341431 -0.0201754 0.58176 -0.279013 0.847228 -0.311593 0.604072 0.785839 
-0.867522 -0.127461 -0.68276 -0.954978 -0.760239 0.702801 0.656921 0.442864 -0.493094 0.989922 0.30608 -0.543359 0.462693 0.208146 0.936848 -0.782939 -0.482535 0.312245 0.11759 0.847585 -0.598275 -0.0530351 -0.782883 -0.460272 0.317477 0.25462 -0.873085 -0.276044 -0.0809379 -0.569767 
0.722309 -0.653599 0.376016 0.399399 0.493929 0.93839 0.534299 0.126134 -0.279695 0.219806 0.449041 -0.648338 0.834464 0.192486 0.276884 0.760539 0.610105 0.913331 -0.072687 -0.0246214 0.396359 -0.884593 -0.360412 0.244331 0.413332 -0.461312 -0.798571 -0.962937 0.0124289 0.498372 
-0.58371 0.754119 0.435818 -0.235491 0.881089 0.146318 -0.180738 -0.560925 -0.610317 0.459005 -0.619006 -0.594366 0.603577 -0.120958 -0.816842 -0.993885 0.573019 -0.992647 0.317757 -0.844447 -0.162534 -0.291621 -0.0469714 -0.882597 -0.788928 -0.314674 0.650367 0.761948 0.180742 0.00402272 
-0.883102 0.323492 0.316809 -0.269583 0.476698 -0.777267 0.448682 -0.500752 -0.667771 0.975868 -0.0683992 0.48164 -0.755026 0.666501 0.0126031 -0.0120791 0.727749 -0.725431 0.419462 0.379932 -0.947977 0.942109 0.604121 -0.234258 0.777702 0.321285 -0.804002 -0.66892 -0.892664 -0.794926 
-0.406317 -0.135798 0.0257353 0.541733 -0.0735331 0.777102 0.636145 -0.577374 0.686722 -0.2434 -0.70458 0.265474 0.148981 0.138261 -0.703866 0.00352132 -0.085518 0.620516 0.553547 -0.110775 -0.403397 0.38661 -0.445595 -0.515752 -0.506224 -0.904889 0.00261953 -0.56601 0.487113 0.376464 
0.124199 0.0372995 0.12519 -0.387749 0.916985 0.460745 0.358452 0.823654 -0.355783 -0.654179 -0.28823 -0.731919 -0.863599 0.405788 -0.455797 -0.755447 0.944617 0.264471 0.953715 -0.586618 -0.909791 0.910001 -0.443202 0.677363 0.186386 -0.271661 -0.0630276 -0.973277 -0.148223 -0.731363 
-0.021441 0.840504 -0.156187 0.294666 0.550741 0.157933 0.226967 0.00989312 0.507405 0.00546221 -0.286514 -0.828295 -0.786788 0.79144 -0.200049 0.419525 -0.34787 0.755496 -0.258036 0.254345 0.633461 -0.283357 -0.667857 -0.654644 -0.976936 0.322383 -0.706419 -0.65053 0.507353 0.96199 
-0.106294 -0.43723 -0.407044 0.422853 -0.263317 0.20226 -0.848207 -0.0137329 -0.981095 0.900451 -0.190578 -0.46019 -0.277775 -0.51693 0.151391 0.573233 0.870951 -0.0579322 0.696933 -0.574406 -0.959723 0.164572 0.683881 0.337649 0.973745 -0.185709 -0.159426 0.0135508 -0.618013 0.0760933 
0.758809 0.748286 0.474142 -0.119549 -0.400991 0.289517 -0.907178 -0.0873529 0.547068 0.295466 -0.619613 0.995574 0.591281 0.510735 -0.0049311 0.046385 0.0703637 -0.543955 -0.324293 -0.673359 0.313215 -0.405771 0.996546 -0.0608558 0.335699 -0.362075 -0.0189586 -0.744475 0.114228 0.501301 
0.128752 0.203148 0.862705 0.774712 -0.734395 -0.913759 -0.0251977 -0.742312 -0.301766 -0.145747 -0.160788 0.325469 -0.311916 -0.773827 -0.277673 -0.683039 -0.125114 0.64129 -0.95409 -0.336159 0.101697 0.342119 0.806642 0.540177 0.826209 0.312679 -0.809414 0.640881 0.120895 -0.0457279 
-0.270585 -0.0253285 0.275255 -0.363817 0.793149 0.327624 -0.328194 -0.132365 -0.900525 -0.420162 -0.31595 0.138712 0.19579 0.637493 0.013057 0.381163 -0.669126 -0.513227 -0.715263 -0.0456199 0.53598 -0.148576 0.656447 -0.0922292 -0.335431 0.526847 0.922668 -0.348243 -0.787241 0.360689 
0.432003 -0.458793 -0.766309 0.641548 0.139502 -0.0823332 0.417412 0.0151681 0.349874 -0.678725 -0.897617 0.680716 -0.450413 -0.757765 -0.773023 -0.29825 -0.372967 -0.255587 0.770455 -0.902069 -0.613274 0.54226 0.612089 0.88811 -0.80145 0.749708 -0.357596 0.87347 -0.608633 -0.191913 
-0.639321 -0.104393 0.769931 -0.155733 -0.71942 -0.966556 -0.924202 0.555762 0.548692 0.74314 0.606185 0.511308 -0.0614153 -0.0703889 -0.51414 0.825301 -0.718478 -0.407687 0.901147 -0.922862 -0.260417 -0.921808 0.68127 -0.984688 -0.689363 0.414762 -0.365156 -0.305844 -0.146271 -0.841709 
-0.996487 0.0757601 -0.19102 0.799791 0.529747 0.549278 -0.0679081 -0.0866492 -0.32033 0.431803 0.00700298 -0.449373 0.516288 -0.684186 -0.217879 0.416347 0.527315 -0.777813 0.0392166 -0.417462 0.533163 -0.0571861 0.149417 0.776181 0.40912 -0.547238 0.840667 -0.329571 0.192639 0.556464 
-0.233043 -0.0467181 0.0825281 0.424371 -0.765481 -0.557738 -0.522349 0.495279 -0.11388 -0.569472 -0.883006 -0.618945 -0.716107 0.503152 0.79062 0.681589 0.650764 -0.97786 -0.565992 0.902765 0.166442 -0.551792 0.61176 -0.824501 0.575464 0.133203 -0.091395 0.787015 0.78006 -0.989244 
0.158625 -0.336272 -0.128224 0.378227 0.420204 -0.749728 -0.746696 0.221997 -0.708134 0.32724 -0.640921 -0.530612 0.441015 -0.75132 -0.654648 -0.0590545 -0.729786 0.555154 -0.348874 -0.588066 -0.467948 0.638939 0.476626 -0.983899 0.728972 -0.963926 0.648831 0.949027 -0.951415 0.13052 
0.889767 -0.354807 -0.381282 -0.549807 -0.854107 -0.823261 0.604324 0.667516 -0.696371 -0.947148 0.583438 -0.527864 0.683848 -0.273921 0.617904 0.771504 -0.338632 -0.832106 -0.154555 -0.8279 0.838522 0.973332 0.0458002 -0.985112 -0.475736 -0.883912 0.751246 -0.455657 -0.947936 -0.528597 
0.321602 0.749381 0.184685 0.0892106 0.578855 0.677649 0.343693 0.265114 -0.17888 0.229058 -0.212815 0.206245 -0.276343 0.509779 0.95299 0.39934 -0.0510992 0.610992 0.913373 -0.563272 -0.0603829 -0.668172 -0.550406 -0.534137 0.126769 -0.7957 -0.0381438 -0.125552 -0.640811 -0.852685 
0.49196 -0.424814 -0.26326 0.316301 -0.59883 -0.282928 -0.30721 -0.127775 -0.63596 0.514362 0.766027 -0.0263074 0.761314 0.241741 0.748612 -0.945854 0.66645 -0.63187 0.272357 -0.314306 0.849144 -0.936313 0.667087 -0.225703 0.341614 0.556703 -0.559258 -0.0536051 -0.282841 0.707021 
0.885887 0.970789 0.636674 0.971142 0.686341 0.56166 0.624611 -0.346338 0.423291 0.258807 -0.364238 -0.41762 -0.338271 0.238153 0.912386 0.190868 -0.0765615 -0.306876 -0.052653 0.300861 -0.806102 0.222706 0.584926 -0.750904 0.21078 -0.0715501 -0.701336 -0.335113 -0.89427 -0.800989 
-0.190892 0.395236 0.976439 -0.108735 -0.120903 -0.546226 0.333647 -0.124968 0.484162 0.964495 -0.213311 0.527411 0.982698 0.169949 -0.694897 -0.265078 -0.691385 -0.213897 0.427427 0.527698 0.507064 -0.510968 0.863297 0.711272 0.842454 0.410866 0.00914398 0.344001 -0.818426 -0.638874 
0.714832 0.449039 0.00453232 0.885207 0.56351 0.293436 0.676918 0.402268 -0.315346 -0.569935 0.748079 -0.503261 0.62461 0.0669693 0.805412 0.558838 0.984181 0.913439 -0.900355 0.382997 0.401512 0.352874 -0.294723 0.838003 0.887534 0.779998 0.131527 -0.535273 -0.766449 0.281224 
0.923284 -0.323489 0.374181 0.909833 0.461748 0.0412234 0.867443 -0.444032 -0.876378 0.571684 -0.377911 0.709142 -0.286148 0.00761162 -0.276525 0.385657 0.470218 -0.966049 0.827193 -0.454541 0.17371 -0.998433 0.811379 -0.285188 0.233296 0.0530815 0.395726 -0.0914158 0.0951108 0.525079 
0.257396 -0.989604 0.521666 0.202558 0.137038 0.574028 -0.426031 -0.795679 -0.780446 0.987417 -0.67023 0.720378 0.596298 0.115967 0.42914 0.723213 0.502553 0.979464 -0.218072 0.499086 -0.869471 0.732744 0.556235 0.59117 0.543166 0.119101 0.565363 0.760767 0.426788 0.176618 
0.977327 0.989575 -0.045087 0.949742 -0.734652 -0.438748 -0.0290566 -0.478299 0.828333 -0.905491 -0.877675 0.126671 -0.527083 -0.0101347 0.821095 -0.341326 -0.556891 0.285309 -0.0958695 0.711184 0.738744 0.232512 0.0125359 0.0640818 -0.0104289 0.694145 0.296678 0.818629 0.12821 0.853113 
-0.890488 0.492382 0.177544 0.680839 -0.218859 -0.22366 -0.187687 0.969274 0.42066 0.785831 -0.920236 0.837989 0.408515 -0.0508648 -0.68664 0.484574 0.472064 0.317576 -0.494043 0.0290929 0.172907 0.312246 -0.850881 0.726293 0.629083 -0.0157147 -0.0851096 -0.561066 -0.0906779 0.854153 
0.12317 0.228315 0.295863 -0.689331 0.129198 -0.78007 0.580743 -0.115493 -0.570627 0.91651 0.292661 -0.895849 -0.66643 0.230618 0.139626 -0.49394 0.287021 -0.214116 0.101261 0.752387 -0.852849 0.0438594 -0.975029 0.624233 -0.43044 -0.70862 -0.475518 -0.0716711 0.0523414 -0.784595 
-0.382292 0.122679 0.0616671 0.952526 -0.863028 0.224107 -0.354834 0.213033 0.13566 -0.106128 0.113285 -0.391259 -0.711998 -0.233724 0.412987 0.23019 -0.24739 0.0181564 0.664076 0.00586399 -0.588744 -0.786209 -0.657861 0.388935 -0.786621 0.0574738 -0.0481176 0.580262 0.591584 -0.12945 
-0.642989 -0.727146 0.174789 -0.995893 -0.554802 -0.876741 -0.35958 0.325948 -0.926397 0.373166 -0.51559 0.288863 -0.885623 0.780985 -0.831616 -0.235849 0.86515 -0.622612 0.862274 -0.296344 -0.674009 0.69401 -0.481963 -0.638613 0.427769 -0.505875 0.535756 -0.577759 -0.930926 0.600892 
-0.53133 0.430395 -0.0515489 -0.530987 -0.586928 -0.120083 -0.402365 -0.474855 0.0256326 -0.773174 -0.793683 0.941173 -0.621417 -0.0988865 0.949089 -0.452174 0.724388 0.103 0.20989 -0.365015 -0.311098 -0.200919 -0.861835 -0.969257 -0.917471 0.0631874 -0.733552 0.410943 0.533318 -0.0120586 
-0.998127 -0.265722 -0.617199 0.0701279 0.288861 0.816355 0.0177925 0.954745 0.876717 0.957676 -0.321661 0.926144 0.0560575 0.778202 -0.419628 -0.573148 0.133981 -0.390671 0.835683 0.0683557 0.392612 0.953611 -0.903415 0.710648 -0.551811 0.552897 0.526753 0.824377 -0.519726 0.588525 
0.524261 0.273328 -0.468308 -0.888166 0.431187 -0.242494 0.830232 0.696888 0.387844 0.164187 0.269667 0.309009 -0.834895 0.588163 0.298468 -0.56225 -0.130184 0.847511 0.142204 -0.277629 0.086839 0.267639 0.856293 -0.385934 -0.595334 0.951353 -0.448555 -0.508126 -0.00504331 -0.222885 
0.440875 -0.408696 -0.231262 -0.667412 -0.815848 0.842499 -0.279832 0.298849 -0.231535 -0.752568 -0.775898 0.713387 -0.0529583 -0.503382 0.791644 0.19388 -0.878521 -0.897351 0.486758 -0.541617 -0.661746 0.323761 -0.702843 0.60754 0.435071 -0.406254 0.196648 0.0946453 -0.291994 -0.0660745 
0.386917 0.114486 -0.444966 -0.860463 0.035087 -0.509647 0.350154 0.456661 0.758154 -0.5082 -0.39339 -0.965746 -0.224969 0.381357 -0.102165 0.0645819 -0.77219 0.359379 0.592094 -0.441012 -0.570669 0.650388 -0.878408 0.790387 -0.64401 -0.751882 -0.782745 -0.669521 0.880932 0.0696109 
-0.505719 0.774148 -0.479334 0.578041 -0.648186 -0.960154 0.424805 0.462762 0.909132 -0.224537 0.153112 -0.136053 0.951663 -0.551054 0.12567 -0.286711 0.200124 -0.481584 0.240216 0.967472 0.772057 -0.474419 -0.491233 0.532524 -0.691878 -0.797633 -0.616852 0.802203 -0.239124 -0.674987 
0.224308 -0.574527 0.0812457 0.970923 0.791573 0.536382 0.68497 -0.59466 -0.198523 0.107558 0.285492 0.310024 0.0543737 0.122359 0.335358 0.729447 0.986364 0.532699 -0.661984 -0.473245 -0.104439 -0.810923 0.140947 0.326558 -0.7234 0.522389 -0.827449 0.621412 0.00097809 -0.0377482 
-0.896419 0.89294 0.0307784 0.86401 0.560516 -0.375406 -0.400296 0.661941 -0.0130216 0.0372432 -0.461027 0.21417 -0.786647 -0.962192 0.325867 -0.116112 -0.682559 0.173788 0.461812 -0.840394 0.690468 0.171858 -0.115875 0.208474 0.95668 -0.0709688 0.97175 0.644155 0.258303 0.0651623 
0.247306 0.352761 0.220513 -0.770444 -0.601843 0.690936 -0.468375 0.637022 0.944671 -0.513612 0.767196 0.83021 0.652334 -0.211809 0.281575 -0.0275095 -0.383813 -0.0740171 0.260306 -0.943354 0.805724 -0.883741 0.245804 0.574068 -0.265176 -0.573823 -0.868629 0.57735 -0.149335 0.0159654 
-0.340072 -0.648633 -0.417633 -0.757501 -0.0935576 0.229429 0.582414 -0.293618 0.16743 -0.763748 -0.277401 -0.589094 -0.511385 -0.135608 -0.651617 0.205259 -0.616691 -0.75398 -0.965677 0.393539 0.690062 -0.733637 -0.664406 -0.636048 0.301297 -0.963828 0.19533 -0.971854 0.921822 -0.110473 
-0.720747 -0.751536 0.178673 -0.975688 0.971917 -0.761281 0.931022 -0.19763 0.168 0.74316 0.743846 0.759688 -0.592463 -0.22626 0.0505026 0.740098 0.243352 0.860453 0.210713 -0.470835 0.153518 0.792131 -0.469047 -0.27422 0.484823 0.564994 -0.0719706 0.786244 -0.500205 0.309837 
-0.573011 0.96689 -0.829692 -0.10315 0.972637 -0.519377 0.306751 -0.412024 -0.375604 -0.613329 -0.360887 -0.261123 0.790294 0.677087 0.108999 -0.699146 -0.962674 0.203469 -0.0254279 0.820024 -0.259348 -0.418574 0.173434 0.731425 0.569914 -0.996527 0.910255 0.730006 -0.125152 -0.719728 
-0.495151 0.288097 0.518662 0.592332 0.855048 -0.998778 0.255909 0.542547 0.743027 0.463851 -0.199271 0.364002 0.360252 0.896705 0.465961 0.167928 0.626875 -0.524844 0.495612 0.35789 -0.825317 0.370995 -0.901473 0.562491 0.309989 -0.821389 0.213456 -0.537674 0.627796 -0.0322974 
-0.777867 0.79829 0.668576 -0.466322 0.56119 0.571095 -0.937192 -0.638595 0.551939 -0.962563 -0.803463 -0.726723 -0.178344 0.471425 0.0133048 0.739105 -0.161586 -0.342391 -0.959456 -0.920489 0.277893 -0.0157848 0.538244 0.130275 -0.232176 -0.821057 0.807052 -0.658064 0.607198 -0.447959 
0.802712 -0.920966 -0.900462 -0.911161 -0.141562 -0.37768 0.600943 -0.353503 -0.165921 0.094077 0.1548 -0.881407 0.92077 -0.0391294 0.961358 -0.951097 0.568056 -0.143299 -0.628479 0.498442 0.852526 0.538382 0.245416 0.0555056 0.489542 -0.321995 -0.511337 -0.611682 0.138802 -0.186576 
-0.740669 0.348877 0.222997 -0.266406 0.715009 -0.895896 0.014048 0.494109 0.226496 0.150051 -0.5369 -0.782317 0.477472 0.833929 -0.609645 -0.351252 -0.557004 0.0257487 -0.279059 0.723271 -0.842142 0.590932 -0.352977 0.612808 -0.146189 0.303547 -0.00737137 -0.251729 -0.246586 -0.308722 
-0.816215 0.696561 -0.270958 -0.221446 0.78268 -0.865029 -0.672329 0.225116 0.847073 -0.157017 0.382705 0.00168084 0.172682 -0.441328 -0.162481 -0.0761938 -0.555746 0.596278 -0.82848 -0.138974 -0.702841 0.143745 -0.731968 -0.815243 0.795613 0.365422 0.0252191 0.534323 0.588286 0.0814553 
-0.796359 0.97866 -0.502875 -0.434732 -0.651949 -0.0523968 0.0793119 -0.756541 0.36801 -0.702619 0.81382 -0.0713916 0.555197 -0.674503 0.435994 -0.397432 -0.875934 -0.690547 -0.322583 -0.812046 0.809685 0.630539 -0.669119 0.0485775 -0.0710214 0.468112 0.164528 -0.475695 -0.673898 0.353438 
0.398678 -0.817523 -0.517011 0.356024 0.99342 0.978758 -0.551859 0.372831 0.427328 0.525683 0.854028 -0.631466 -0.557137 -0.868688 0.584215 0.00417504 0.548147 -0.671384 0.160345 -0.831035 0.0646578 0.666695 0.0814298 0.128004 0.946178 0.523806 0.604804 0.390405 0.81936 0.186452 
0.695075 -0.522854 -0.09479 -0.77976 -0.208045 0.929441 -0.0765603 -0.460691 0.0668989 0.116895 0.304177 0.991777 0.980575 -0.541873 -0.680679 0.873009 0.618445 -0.744115 -0.529652 -0.969051 0.968614 0.941169 -0.56408 0.486028 -0.174902 0.579247 -0.7671 0.385357 -0.813968 -0.049572 
-0.885916 -0.692074 -0.0217561 -0.624781 0.304077 -0.94309 -0.312756 -0.827847 -0.960871 0.354908 0.723937 -0.170155 0.665626 0.625465 0.356765 -0.279426 0.418408 0.562882 0.642338 -0.87356 0.788945 0.0111279 0.0731879 0.328218 0.357714 0.79076 0.103081 -0.510968 -0.59084 0.736209 
-0.194602 0.498951 -0.844596 0.336974 0.49339 -0.956079 -0.59281 -0.418502 0.147453 0.971052 -0.868745 -0.39405 0.461606 0.582121 -0.499776 -0.466212 -0.636247 -0.80703 0.707728 0.715857 -0.425097 -0.885282 0.879918 0.645619 -0.857366 -0.78652 0.761108 -0.636015 -0.341976 -0.252543 
0.544329 0.23128 -0.555037 0.47046 -0.878431 0.937157 0.777192 -0.217477 0.65906 0.861769 -0.66494 0.96082 0.00618873 0.150185 0.60364 0.539558 -0.0934287 -0.482347 0.940223 0.210589 -0.483676 0.722416 -0.229695 -0.830074 -0.812014 -0.172388 -0.82004 0.504536 0.988992 -0.00413475 
0.375832 -0.336915 0.970541 0.35242 -0.660166 0.989038 -0.648024 0.26357 0.996397 -0.725843 -0.0728265 -0.175022 -0.894579 0.0267382 -0.95716 -0.858624 -0.872814 -0.628825 -0.387449 -0.499937 -0.154242 -0.435434 -0.959676 -0.501087 0.530039 -0.948484 -0.524755 -0.32745 -0.453809 -0.586383 
0.338378 -0.681232 -0.609375 0.975256 0.342535 0.449628 0.300131 0.740438 0.82744 0.130903 -0.562069 -0.170097 0.00303068 0.834961 0.664206 0.960498 0.719147 -0.401751 0.50488 0.60328 -0.259558 0.581233 0.498291 0.364962 -0.226369 0.511161 -0.255556 -0.734792 -0.346826 -0.453665 
-0.939541 0.298687 0.517862 -0.345751 0.198475 -0.682433 0.272887 -0.258355 -0.999277 -0.380357 0.471125 -0.820476 0.506097 -0.389774 -0.488412 0.824903 0.366519 0.434622 -0.695558 -0.861846 0.291822 0.0779811 -0.401196 0.646265 -0.858274 0.133674 -0.156945 0.440121 0.503787 0.763961 
-0.527448 -0.986877 -0.925106 -0.243601 -0.913524 -0.155065 -0.719312 -0.0430869 0.10056 0.463669 -0.201057 0.0772422 0.652527 0.4316 0.933324 -0.223661 0.480513 -0.809778 0.524683 0.73761 0.437561 -0.34414 -0.966805 0.470834 0.130503 -0.794562 0.942253 0.378824 -0.79649 -0.798499 
0.950981 -0.647433 0.801592 0.106502 0.398434 -0.0456171 -0.385171 -0.35467 -0.924631 0.903174 -0.0911276 0.596328 -0.0528807 -0.57372 -0.909132 -0.244879 -0.104109 -0.449531 0.212488 -0.0657214 -0.0386514 0.858911 -0.989298 0.393106 -0.841211 0.701443 0.98192 -0.217985 -0.0649953 0.759947 
-0.0305077 0.634913 -0.35206 -0.964245 0.507376 0.878689 -0.326881 -0.851444 -0.390715 -0.996283 -0.154972 0.886363 0.0860847 -0.225366 -0.803767 -0.880345 0.332994 0.358644 -0.557056 0.472082 0.322681 0.111521 -0.648284 0.0702801 0.383046 0.0320356 -0.502913 -0.292046 0.284802 -0.976091 
0.661646 -0.578829 0.676117 0.392797 -0.516729 0.428913 -0.853397 0.968444 0.0244632 0.176124 -0.291808 0.188354 0.585027 0.31514 -0.451926 -0.332868 0.56901 0.454812 0.296034 0.853876 0.478703 -0.913179 0.645998 0.577546 -0.775077 0.974066 0.939138 0.530397 0.364507 -0.919472 
0.901974 0.843053 -0.0592394 0.108942 -0.590284 0.881784 0.818093 0.881193 -0.230124 0.421421 -0.49254 0.00616112 -0.743465 0.103912 -0.649495 -0.826697 0.612501 -0.0955072 -0.519748 0.172772 0.120247 -0.884515 0.0247661 0.117472 0.221834 -0.025475 0.0463649 0.0290798 0.114656 0.1126 
-0.234418 -0.935777 -0.706368 0.223796 0.505292 0.518636 0.258036 -0.914675 -0.933301 0.810909 -0.725643 0.221355 -0.0268654 0.928479 -0.80324 -0.814274 -0.457167 0.00115613 0.928728 0.838773 -0.114893 0.88793 -0.334229 0.741933 0.99011 0.0628841 0.0679079 0.72705 -0.212882 0.995575 
0.478493 0.784057 -0.260912 0.386429 -0.509928 -0.499371 0.263598 -0.654896 -0.518483 -0.867719 -0.765861 -0.99965 -0.916605 -0.587896 -0.0804472 -0.551415 0.533667 0.445296 -0.438015 -0.397101 0.876127 -0.0733717 0.85391 -0.678444 -0.481839 -0.401949 -0.314725 -0.676206 0.448356 0.69634 
-0.181019 0.697067 -0.717018 -0.097119 0.881825 -0.570136 0.0141208 -0.383117 -0.182559 0.35208 0.114425 0.51923 0.234966 0.388831 -0.586273 -0.783879 -0.20263 0.551623 -0.988121 -0.805772 0.318576 -0.301178 -0.965994 -0.179313 0.86969 0.470625 -0.84322 0.879873 -0.740131 0.778989 
-0.700529 0.167075 -0.262032 0.552432 0.693481 -0.481805 0.778684 0.157366 -0.822484 0.416245 -0.267177 -0.701492 -0.169907 0.00317847 0.43367 0.251325 0.70028 0.621389 -0.419885 -0.939671 0.867687 -0.929566 0.515046 -0.387327 0.376617 0.509496 -0.110649 -0.23388 -0.715588 -0.450449 
0.0934519 0.554291 0.741577 0.818516 -0.0516327 0.00212609 0.159774 0.86314 0.644785 -0.00761091 0.206107 -0.00362593 -0.624247 -0.877134 -0.740167 0.730352 0.844136 0.895214 -0.32219 -0.732649 0.772369 -0.271027 0.826865 -0.90393 -0.823155 -0.948162 -0.775246 -0.0130571 0.0613735 -0.401467 
0.868816 -0.0212196 0.83124 -0.895931 0.610001 -0.132374 -0.904917 -0.188082 0.0979106 0.24789 0.531033 0.214591 -0.321956 -0.384311 0.400044 -0.332774 0.438367 0.0764896 0.868091 0.719146 -0.43466 -0.972682 0.682301 0.74652 -0.338558 0.863002 0.810905 0.504569 -0.0185293 -0.683179
