-0.738624 -1.20424 0.0362344 0.0537092 -0.711058 -0.510614 -1.59841 0.189274 -0.28596 -1.25112 1.32853 0.151939 -0.476703 1.44746 -0.120861 1.59363 -0.651852 1.21534 1.526 -0.0481562 -0.546049 0.476422 0.039464 0.563966 -0.0975727 0.349332 0.0256625 0.952557 0.61251 -1.15714 
-1.07086 -0.212146 -0.834631 0.412449 0.216911 0.718031 -0.398506 -0.46757 -0.721131 0.0499987 -0.780678 0.626864 0.148418 1.30461 -1.03395 -0.658813 -0.58564 -0.655138 0.638777 0.250347 0.0828082 1.29541 -1.30451 0.35908 0.825767 0.910235 -0.797148 -0.156319 0.171091 0.0282035 
-0.222457 -0.0158852 -0.529384 0.358121 -1.42956 0.36133 -0.40869 0.114334 -0.958744 0.0554856 -0.917116 0.377712 -0.887681 1.17574 1.12396 1.57076 0.0980643 -0.902802 -1.48132 1.61348 0.527381 -0.245817 1.46891 -1.33436 0.841158 1.11394 0.509 0.26913 0.761466 -0.848754 
-0.590075 -0.950104 -0.41323 -1.46498 1.22097 0.568119 1.22553 1.01226 -1.32972 1.14751 1.33258 0.164635 -0.25962 -0.833896 1.06346 0.86609 -1.89996 0.984597 1.43153 0.301886 0.0173955 0.937131 -0.479942 -1.0167 0.282653 -0.743502 -0.114126 -0.814531 -1.5505 -1.22239 
0.161178 -1.23943 -0.761411 1.87424 0.161797 -0.36292 1.10925 -0.285046 0.308014 0.360915 0.0220118 1.23061 -0.399439 0.0868486 0.906657 0.66531 0.386967 0.677146 -0.557021 -0.389648 -1.03876 -0.0460087 0.220137 0.836648 -0.257497 -0.339867 -0.321186 0.626907 -0.145222 0.0736616 
-0.0712625 -0.0191686 -0.980756 -1.13527 1.14842 0.381004 -0.213204 1.54005 -0.304368 -1.65159 -0.176833 -1.52141 -0.876404 0.402597 -0.0575362 1.3758 -1.18534 -1.05049 0.924827 -0.398505 0.00235545 -0.709577 -0.432155 -1.15509 -0.349279 -0.050309 0.809489 -0.136892 1.65972 -0.273742 
0.839394 0.786501 1.67331 -1.26813 0.537331 0.505169 -0.861418 -0.597109 -1.67457 0.145196 -0.529375 -0.728294 0.0210604 -0.482836 0.862848 0.943967 -0.98471 -0.306455 1.60459 -0.143283 0.314691 -0.0848352 -1.05208 0.922847 -0.0608525 -0.0680526 0.000317017 -0.826606 -0.378941 0.132975 
0.120677 0.205295 0.0345837 -1.37377 0.10323 -0.632583 -0.63872 0.103256 -0.16481 -1.49361 -1.35348 -0.801986 -0.916901 0.690797 -0.145425 -0.742365 -0.242626 0.00462795 0.74327 0.36408 -0.149608 0.494508 -1.49078 0.79234 -0.269866 -1.49312 -0.865198 -0.932128 1.36516 -0.84184 
1.04026 0.256099 0.015585 0.387003 -0.278866 -0.330034 -0.0620646 -0.0832262 0.830321 -0.530948 -0.182575 -0.26905 0.896235 0.0623501 1.5941 -0.216305 -0.719029 1.16583 -0.00917137 -0.315734 -0.384373 -0.570708 0.626944 0.235676 0.803101 -0.0369803 -1.502 0.351304 1.92369 0.984224 
1.23711 0.136518 -0.265972 1.26877 -1.13622 -0.965042 -0.81085 0.347834 -0.923455 1.2059 1.60066 0.402932 0.448573 0.390639 1.38432 -1.57829 0.344973 -0.577364 -0.00370906 -0.687741 0.0294361 -1.77839 0.0348416 -0.115226 -0.583124 0.818179 -0.814729 0.653041 -0.604835 0.450577 
0.123439 0.0481035 -0.0599962 -0.319009 -0.386056 1.83094 0.549659 0.517445 0.0995159 0.394125 -0.788522 1.05487 -0.603785 -0.51841 0.63203 -0.170355 -0.802095 -1.40018 1.06975 0.46093 -0.266418 1.37897 0.198867 -1.40405 -0.658471 -0.876406 -1.7967 -0.388044 0.925095 0.908994 
1.14104 -0.298591 0.196556 1.5184 0.962127 -0.903751 0.564344 -0.197435 1.32094 0.0422857 0.689551 0.435865 1.52171 -0.14612 -1.3474 -0.616865 -0.0218007 -0.329556 -0.0301153 -1.01347 -0.273471 0.660031 1.27055 0.227752 -0.0336233 -0.125721 -1.10174 -1.50829 -1.52899 0.499452 
1.32665 -1.28089 -0.137394 0.935352 0.340967 -0.0552458 -1.22236 0.647584 0.992067 0.178557 -1.05389 0.393057 0.645287 0.193834 -1.3725 -0.243921 0.647254 0.0416823 1.15772 0.482385 0.129059 -1.39687 1.56679 1.06363 -1.69515 0.844355 1.50985 1.4718 1.34852 -0.608977 
1.02719 0.613915 0.0602884 -0.0517654 0.982338 0.599051 1.63301 1.0704 -0.450399 -0.0449577 0.300769 0.350295 1.05404 0.999609 1.19987 -0.269694 -0.00132093 0.966819 -1.63661 -0.593268 0.638357 1.17029 -0.405409 1.08326 1.74487 0.314957 -0.780197 -0.839271 -1.02528 1.17723 
0.67188 -1.49613 -1.70165 -1.76049 0.426366 -0.24755 -0.323919 0.0512977 -0.446352 -0.180047 1.09337 -0.40828 -0.0352086 0.336296 1.18003 -0.365484 -0.201244 -0.166812 -0.247371 -0.0724512 1.06494 0.418924 0.634934 0.172794 -0.2645 0.46052 -1.12194 -0.445199 0.531042 -0.796552 
0.826837 0.72258 0.443311 0.0234574 -0.225181 1.30027 0.127642 -0.410707 0.903324 -0.210392 0.0741429 -0.828742 -1.29547 -0.0723474 1.43734 0.306804 -0.549962 -0.125613 0.764746 0.409303 -1.66799 0.0954093 0.955416 -0.589526 0.352405 -0.328055 0.110477 -0.663151 -0.741435 -1.74845 
0.356741 -1.11671 0.517835 -0.874487 -0.208633 -1.28946 1.17243 0.602286 -0.916374 -0.232454 0.377503 -0.379979 1.51884 -1.2604 0.234862 1.03013 -0.933079 -0.0257353 0.679535 -0.461763 1.40857 1.59289 -0.926558 -1.13156 -0.856765 -0.142364 0.299803 -1.30929 -1.13411 -0.390987 
0.426698 0.836311 0.0723082 -0.876232 -0.26453 -0.829368 1.24302 -0.678565 0.71831 0.0385302 0.687398 -0.547807 -0.925478 1.17779 0.193925 0.573712 -0.876292 -1.38976 -0.45239 -0.139925 -0.417873 0.971172 0.666454 -0.253876 -0.601969 -0.454256 -0.706287 0.233941 -0.772447 0.658551 
-0.0311129 -1.14512 -0.986106 -1.45786 0.845606 0.672435 0.352858 -1.14244 0.5957 0.235568 0.674359 0.346051 -0.866304 0.383445 -0.853923 -0.0449927 0.28923 -0.265415 -1.58377 0.0524652 -0.164007 -1.12868 -1.41544 -1.30907 0.211837 -0.365441 -0.278011 -1.7599 1.92039 0.399892 
-0.349909 0.866226 -0.417863 1.66604 1.01407 1.33845 -0.236928 0.119546 -1.11646 0.947725 -0.567308 -1.08698 0.678747 -0.568229 -0.266737 0.42981 0.076225 -1.19903 -0.126182 -0.10544 -0.0754317 0.560947 -0.104851 0.705832 0.269949 -1.05992 1.28544 -0.0961659 -0.202879 0.859786 
0.172569 -0.0115843 -0.528824 0.0135327 -0.0283497 -0.154476 0.538063 0.775175 0.434102 0.0714729 0.955893 1.22647 -0.483137 0.391886 0.308163 -1.02183 0.843327 0.321843 -1.66323 1.36151 -0.79466 -1.3051 -0.368527 0.771402 0.89166 1.77039 -0.540406 -0.366486 -0.469228 0.158917 
-0.615336 -0.290128 -0.711271 -1.13368 0.372747 -0.117642 0.569314 -0.183277 0.604888 -0.723576 0.0747437 0.444931 1.56092 -0.803192 1.38179 0.514755 1.02913 -0.9336 1.11132 -0.686704 0.299248 1.12534 0.632238 0.195877 1.53424 0.7758 0.06057 -0.262489 0.809965 -0.354316 
-0.0407379 0.410505 -0.748529 -0.880375 -0.28895 -0.0857345 -0.15253 0.216262 -0.68798 0.23289 -1.3137 0.847584 0.576185 -0.442974 1.14349 -0.399582 -0.325905 -0.472206 0.671223 -0.190089 -0.969457 -0.434761 -1.01481 0.332885 1.06975 0.265006 1.04988 0.649885 0.604546 0.298448 
0.820057 1.20883 0.339628 -1.714 -0.0982712 1.34939 -0.079316 -0.125619 -0.387381 -0.588823 -1.0303 1.73521 0.354621 -1.14122 -1.75797 -0.64761 0.480882 0.237738 -0.692325 -0.337845 0.640653 -0.78777 -0.389166 0.425148 1.02861 0.169935 -0.181581 -0.181044 0.623948 -1.16167 
0.538934 -1.87673 -0.25682 0.0488123 -1.40642 0.868627 -0.499318 0.658135 1.30351 -0.100108 0.812961 -0.16041 0.0168583 -0.0267844 -1.29818 1.44811 0.641889 -0.0908104 -0.0224486 0.522086 -0.362184 1.33163 -0.188193 -0.343009 0.460371 1.14864 -0.209995 -0.430243 -0.703415 -0.406598 
-0.691458 0.856337 -0.319259 -0.396509 0.750395 0.836896 -1.87779 -1.53414 0.819548 -1.88458 0.124076 -1.72366 0.30493 -0.458956 0.851246 0.302113 0.664883 -0.0445066 -1.1397 -0.582178 0.39386 -0.831777 1.00315 1.08629 0.448547 -1.51226 1.36463 -0.092537 0.0968245 -0.629042 
1.10966 0.332339 0.256688 1.35242 -0.492811 -1.23117 0.0451683 -0.0494136 0.0391275 0.565701 0.711559 1.06072 0.209641 -0.0429519 -0.716027 -0.320369 0.171556 0.650171 -1.12041 0.36839 0.424407 0.03409 0.307503 -0.0439618 0.532472 0.900197 -1.07256 1.55871 0.736838 -0.657155 
0.026325 1.48821 -0.274431 0.423207 -0.238434 -0.733397 -0.733209 1.0375 0.0258424 -1.37148 1.38192 -0.339697 0.685866 0.337723 0.831712 -0.655845 -0.0828691 -1.02956 -0.100867 -0.643096 0.0651087 0.12218 1.15686 -0.304525 0.897284 0.883439 0.411805 0.278116 0.357545 -0.412981 
0.256726 0.12588 0.441674 -0.568625 -1.11081 -1.04936 -0.434189 -0.505092 -1.25389 -1.49317 -0.0986639 -1.59699 -0.532899 -0.846516 -0.951075 0.264866 -0.000922686 1.32993 -0.959827 -1.14967 0.666022 -0.501997 1.29238 -0.0960833 -0.350483 -0.258955 -1.12997 -1.31112 0.602042 1.06265 
0.133593 -0.227798 -0.513862 1.76625 0.299908 -0.269103 -0.697291 0.997989 -1.10779 0.39642 -0.269302 -1.05678 -0.0447359 -1.84054 0.0282907 0.155311 -0.840524 0.0502594 -1.82833 -0.0272599 -1.37408 0.109963 0.275732 0.0714752 -0.171502 -1.49867 -0.684078 -1.10559 -0.705466 0.931127 
-0.223258 -0.447043 -1.09455 -0.506899 0.272531 -0.829612 -0.149114 0.126023 -0.665016 -0.0593934 0.419939 1.62477 -0.395186 0.460155 0.676119 0.383342 1.1273 0.33864 -0.958944 -0.381881 0.173096 0.389506 -0.475942 -0.82953 0.404391 0.705792 0.000146825 -1.16127 1.12202 0.0419831 
-0.154765 -1.14482 0.524255 0.97776 0.741657 0.118253 1.25788 0.0907866 -0.983727 0.556966 0.473981 -0.61268 0.303491 1.04058 0.525001 1.00534 0.664466 0.00477729 -1.0491 -0.266449 0.49125 -0.233433 -0.288464 -0.384004 -0.485888 -1.28566 -1.37181 -0.735211 0.308774 0.863321 
-0.5701 0.611636 0.953909 0.457885 0.570402 1.53636 -0.249206 -0.521699 0.565145 -0.156895 -0.465254 0.0395884 -0.657187 0.254593 -1.2243 -0.650833 0.792843 0.502737 1.53994 0.0964009 0.465059 1.3077 0.291203 -0.0846947 -0.959115 -0.759673 0.749697 -0.111132 0.595279 0.891322 
-0.451994 -0.113777 -0.437815 -1.42659 0.196619 -0.048583 -1.07114 0.950288 -0.504296 -0.989217 -0.169492 -1.16548 0.180766 0.430251 0.450155 1.13798 0.297034 0.115114 0.80044 -0.801275 -1.48618 -0.0211294 0.0969395 0.308529 1.58934 -0.205383 0.645804 -0.515604 -1.57505 -0.836428 
-0.151187 -1.22683 1.0798 -0.448188 -0.514419 0.540494 -0.427859 0.144259 -0.780922 1.92378 -0.260425 0.532791 0.581536 0.761015 0.374847 0.202036 0.139902 0.935842 0.0288987 -0.37714 -1.6605 0.397743 -0.196211 0.440204 1.33973 0.906439 0.887358 0.162287 -0.379316 0.0248544 
-0.00703652 -0.863561 0.399083 0.150265 -1.3019 1.25687 -1.46116 -0.343457 1.19054 -0.943089 -0.198954 0.744765 -0.931065 0.877033 -0.278812 -1.18273 -0.857386 -1.60235 -0.124746 -1.23153 -1.03317 0.0676118 -0.337147 -1.04201 0.658623 -0.6856 -0.490901 0.475754 -0.695582 -1.26814 
0.229602 -0.349059 0.739752 0.140383 1.03412 -1.88567 -0.706712 0.308063 0.0975247 -0.540538 -1.30446 -0.202331 -0.499976 0.161524 -1.48748 -0.650617 -0.273091 -0.0607117 -0.0635972 1.33192 -1.29033 -0.113635 -1.07049 -0.303521 0.625024 -0.683269 -0.34197 0.282127 0.727551 -0.758435 
0.48956 0.624957 0.224207 0.735483 0.0159443 -1.23465 0.415255 -0.712127 -0.212172 0.505762 -0.81407 0.324366 0.826488 0.393591 -0.0933867 -0.673836 0.0419581 -0.113868 -0.504525 0.474902 1.5008 -0.268979 0.32296 0.483915 0.314408 0.330192 -0.214338 0.169138 -0.771564 -0.961519 
1.1279 -0.412216 -1.59845 0.530133 -1.52836 1.00925 1.17022 0.761048 0.601828 0.662484 0.0217193 0.0865426 -1.20251 -0.494405 0.676398 -0.456743 0.278969 -0.493135 0.743984 -1.00166 0.654078 0.670548 -0.0560031 0.43794 0.807416 -0.25064 -0.793131 1.17725 0.000615959 1.33938 
-0.381103 0.22601 0.91656 0.984607 1.37665 -0.368789 0.400587 0.24599 1.04747 0.856542 -0.487443 0.377735 -0.44086 1.36669 -0.242365 -0.436453 0.345803 -0.11443 1.29369 0.988203 -1.36202 0.699355 -0.569862 0.732983 -0.11454 -1.3291 -0.464203 -1.07115 0.641334 0.448064 
0.207747 1.5999 0.665305 0.59076 1.28196 0.803641 -0.237048 0.183254 -0.0850783 -0.811215 -0.860601 -0.417169 -0.135788 1.13417 0.301746 1.28495 -1.11457 1.74455 -0.605486 -0.416111 0.504808 -0.17308 -0.797809 0.310841 -1.54999 0.536155 0.034468 0.158993 -0.392133 1.36496 
0.73019 -0.526709 -0.398564 1.38548 -0.448069 0.398215 1.55151 -1.2647 -1.04149 -1.224 -1.34682 0.320873 0.376814 0.88447 -0.255985 0.295894 0.37423 -0.229586 0.724342 -0.676433 -0.927375 -0.0724008 -0.593208 0.708449 -0.84872 -0.144552 -0.889591 0.0207058 0.34562 0.942603 
0.978738 0.0970815 0.580857 -0.595726 1.0108 0.717826 -0.287351 1.45674 -0.277845 0.0617106 -0.516495 -1.43661 -0.635601 1.12139 -1.02032 0.177645 0.412987 0.843967 1.22809 -1.30257 -1.7159 0.503244 -0.92278 0.645941 0.838639 0.51497 0.313958 -0.811787 0.285361 -1.38767 
0.977308 0.774292 0.869746 -0.308532 -1.40404 -0.229734 0.0644647 -0.361557 0.504011 -0.302946 0.658478 -0.0210366 -0.257526 0.103803 -0.646448 0.108315 -1.00386 0.698783 -0.414141 -0.657002 1.16516 -0.926853 1.09643 1.45733 -1.20735 -1.11977 -0.351918 1.50109 -0.833429 -0.627307 
0.021401 -0.853319 0.389086 -0.263134 -1.47223 -1.53951 0.193318 0.383285 -0.0530165 1.26786 -0.762914 -0.0291435 -0.0455992 0.318947 -0.546012 0.0320342 -0.590756 -0.575636 0.00681463 -1.09151 1.01593 0.842621 0.892138 -0.830192 0.983667 -0.266079 1.6771 -0.381934 1.02303 -0.0128811 
1.4363 -0.525431 1.33512 -1.49282 -0.320751 -0.197179 -0.928409 -0.662313 0.158209 0.799474 0.647119 0.278322 -0.323593 -0.186113 0.901096 -0.386846 0.090051 -0.330741 0.932678 0.311306 -0.296408 -1.39273 -0.093696 0.329986 -0.830251 1.10592 -0.105098 -0.302219 0.909373 -0.214542 
0.0716824 -0.128741 0.846008 0.458713 1.38083 0.260761 -0.11519 -0.552576 -1.46563 1.40574 -0.580316 1.45918 0.298159 -0.468286 -1.38738 -0.49868 -0.415283 0.169236 0.397706 -0.917239 0.144318 1.11308 -0.334423 -0.0856964 -0.852219 0.0752019 0.838273 0.552586 0.811122 -0.144532 
-0.489025 -0.426128 -0.594464 -0.142421 0.633409 0.0941435 0.750774 0.0382749 0.921006 0.314574 0.342713 1.69762 -0.780497 -1.47887 0.348815 0.155409 -0.0799628 -1.62474 0.595289 0.978702 0.991466 -1.61042 0.0166521 0.741431 1.66771 -0.955664 1.34416 -0.244453 1.55742 0.485702 
-0.676964 -0.832271 0.458761 1.64756 -0.119071 0.532946 -0.176851 -0.0765687 1.50226 -0.148304 0.0759071 -0.185698 -0.389231 -0.133471 1.6076 0.338728 -0.472485 -1.77327 0.405846 -0.244204 1.16377 0.509814 -0.445814 -1.33336 0.439001 -1.28642 -0.405973 0.631181 -0.917816 -0.0397812 
-1.41724 -0.637887 0.0129688 -0.7529 0.0366587 0.191352 1.33343 0.082822 -0.59534 1.74061 0.817014 -0.0770939 -1.371 0.650109 0.946143 0.632509 -0.31031 1.0193 0.191816 -0.477426 0.797668 0.12816 -1.11964 -1.23867 0.129364 0.851288 0.497307 0.157426 -0.817034 0.204956 
0.364802 -1.85344 -0.0260257 -0.344446 -0.20597 0.0300043 -1.10423 -0.552669 -0.475362 0.414408 0.770776 0.893073 0.792914 1.3882 0.599413 0.682417 -0.428281 0.0608846 1.27832 0.691072 0.281802 0.637813 -1.02782 0.920331 0.14839 -0.150234 0.271177 -0.0272263 -0.549312 -0.826608 
-0.239958 0.858963 -0.105007 -1.19243 1.73797 0.189868 0.126557 0.793254 -0.122251 0.428011 -1.07138 -0.435302 0.816819 0.266466 -0.861534 0.269296 -0.925742 -1.03645 -1.37359 -0.578004 1.32358 0.164245 1.47109 -1.02431 -1.05731 0.391928 0.050191 0.422494 -0.31937 0.73695 
-0.561693 -0.069591 -0.32055 -0.171279 1.0644 -0.0493084 0.340185 -0.896958 0.910219 0.948065 -1.48877 -0.309081 -0.219047 1.004 0.194834 0.206841 0.315794 -0.918113 1.37397 1.18538 0.191052 -1.01376 1.43616 0.419884 -1.6922 -1.71108 1.13005 0.0164986 0.00449371 -0.540455 
0.453205 -0.21588 -1.01002 0.657998 0.551236 -0.596315 0.394488 0.0686436 -0.197233 -0.971931 -0.905178 -0.0164572 -0.422821 -0.4122 -0.266246 -0.13664 -0.0239401 -0.508898 -0.189646 -0.913377 -1.30545 0.551808 1.48385 0.52282 -0.989721 0.184381 -1.20596 0.957694 -1.44053 0.706564 
0.925352 -0.129971 0.412422 -1.69897 0.0538298 -0.788665 0.0809249 -0.177788 1.30814 0.824569 0.916724 -0.175337 -0.214584 -0.25595 0.361191 -0.966878 0.836689 0.427043 -0.0632759 -0.46306 0.597983 0.648809 0.775851 -1.23333 -0.582634 0.912059 -0.615055 -1.18438 0.725201 0.0759302 
-0.320238 -0.158801 0.0336522 -0.372626 -0.348744 -0.864 1.66101 -1.18853 0.0912482 0.588112 -0.492206 -1.26743 -0.190761 1.69577 -0.723532 1.2751 -1.14485 0.73378 -1.00925 -0.475554 -1.19052 -1.81373 0.485743 0.55312 -1.06844 -0.442412 0.494032 0.438436 0.177599 0.60831 
0.118816 1.6284 -0.043874 0.265902 1.23225 -0.368448 -0.83412 0.479035 1.60514 -0.785485 0.624717 0.715872 0.188573 0.0838128 0.235374 -0.0904671 -0.76914 0.134598 -1.16642 -0.83638 -0.166723 0.294275 -1.62754 -0.879171 1.30158 0.745681 -0.503519 0.193443 0.6084 0.353104 
-0.925844 0.260323 0.88632 -0.125615 -0.650962 -1.69278 -0.52617 0.210913 -1.41182 0.459892 0.0911902 -0.702484 -0.847061 0.684429 -1.26234 0.534486 0.523084 -1.23192 0.445409 -0.763921 -0.874672 -0.206329 -0.973926 -1.15549 1.20278 -0.782697 -0.058722 0.0280998 -1.20771 -0.230708 
-0.621705 1.11838 -0.303092 1.10106 -0.148927 -0.512491 0.543498 -0.376935 0.890517 0.238408 -0.242221 -0.235873 1.13819 -1.04484 0.37013 0.0812052 0.852431 0.403248 0.635817 0.194505 1.15456 -0.00745267 -0.0621706 1.03367 -0.467783 -1.41645 -1.06196 -0.166452 -0.303179 -0.326071 
-0.796612 -0.688749 -0.177531 0.0625265 -0.755482 -1.06391 -0.123253 -0.830723 0.77431 -0.626094 0.467327 0.105638 -1.20553 0.820716 0.709172 0.255159 1.38722 0.676254 -0.491857 -1.39304 0.504588 0.608222 -0.68103 -0.893201 0.711749 0.196648 0.515157 -0.691055 -0.130752 -0.0729096 
0.290143 -0.401411 0.0118048 0.903228 1.40955 -0.957759 0.528799 -0.338529 -0.0271388 0.246206 -0.663979 0.102902 -0.762691 -0.63476 0.404802 0.0789635 1.42308 -1.25388 0.279528 -0.0782569 0.549727 -0.751929 1.15743 -1.06835 -0.151058 -0.237035 1.0024 0.312229 0.765711 -0.288414 
0.956467 -0.64329 0.758099 -0.0876718 -0.438937 -1.26529 -1.65136 0.254802 -0.0197999 -0.310324 -0.547769 0.241357 -0.338657 -0.888565 -1.02441 -0.0599856 0.0955204 0.894265 -1.20029 -1.30563 -1.33837 -0.114262 1.05183 -0.878111 0.816616 -1.82157 1.12081 1.66399 -1.21129 0.0791121 
0.687224 -0.21018 1.39873 0.570628 0.5666 -0.80059 1.05468 0.0860363 0.402018 0.118833 -0.225655 -0.202373 -0.103418 -1.18401 -0.4717 1.49718 1.21414 0.890454 0.536654 -0.230589 0.468828 0.233251 0.500282 -1.52316 -0.902662 -0.918018 -0.385471 0.385928 0.51802 -0.504671 
-1.86375 -0.838431 0.766894 -0.166941 -0.205635 -0.116347 -0.468119 -0.823885 -1.83838 0.325774 1.40218 0.0134132 0.317129 -0.262677 0.797348 -0.53698 0.755292 1.43956 0.766258 -0.689415 -0.0149332 -0.938273 0.899822 0.0556611 -0.403908 1.03018 0.548638 -0.427113 0.340469 1.13198 
-0.823774 -0.37682 -0.157093 0.526986 -0.391032 0.551106 -0.274748 -0.642671 0.22687 -0.00944569 -1.42271 -0.836884 -0.370773 1.31691 1.28954 0.722588 1.14278 -0.966083 1.67921 -0.479349 0.774836 -0.367269 -0.508854 -0.440158 -1.21996 0.633277 -1.65614 0.30252 -1.3522 0.504805 
-1.01075 0.0405035 -0.171282 -1.72297 0.40345 1.49589 -0.410807 -1.12884 -0.143282 1.41991 -1.32989 0.648814 1.50629 1.40101 -1.0842 0.575819 -0.676909 0.227041 -1.26188 -0.213568 0.0239863 0.441022 0.638785 -0.422761 -0.0844544 0.751274 1.31545 0.519773 0.237717 0.693138 
-0.355344 0.389535 0.70459 1.25402 0.856002 -0.934725 -0.962851 0.398984 -0.0885521 0.574151 -1.54738 -1.63652 -0.0647025 0.0502173 -0.0518354 -0.33452 -0.210457 -0.37328 0.766889 -0.420094 -0.967868 -0.397623 -0.737751 -1.22075 0.477244 -0.383797 -0.507105 -0.430969 -1.14614 1.7055 
-0.0988255 -1.1307 -0.391081 0.117067 -0.480431 -0.282944 -1.03167 -0.441496 -1.16785 1.03639 -0.671873 0.481457 0.174815 -0.937083 -0.159247 0.212434 1.1153 0.441451 1.18943 -1.27962 -1.31903 -0.470163 -0.210267 -0.255906 1.83821 -0.419645 0.783442 0.557044 -0.749712 -0.327619 
-0.36766 0.927105 -0.135501 0.765133 -0.0253771 1.23766 -0.598173 0.962265 0.739214 -0.296679 -0.859663 -0.557159 -0.871798 0.0855233 1.6704 1.37937 0.0912309 -0.0828424 0.206975 -0.836988 0.691959 0.303613 0.445417 -0.0936793 -0.411498 -0.373257 0.136803 -0.169373 -0.426179 -1.8497 
0.0605588 -0.0625768 -0.292589 0.352468 0.337571 -0.442707 1.09272 0.270846 -0.0647381 1.04282 0.129015 -0.891467 -0.287796 0.928895 1.11615 0.0524176 0.764824 0.457111 -0.16359 0.532394 -0.287577 -0.274604 0.575029 0.460329 -0.983088 -0.273109 0.327152 -0.792103 -1.2659 -0.811177 
0.882215 -0.472751 0.956173 0.433449 -0.44655 -0.714456 0.574304 0.701385 0.550439 -0.00304844 0.877753 0.197799 0.168502 -0.778988 0.271974 -0.172847 0.620232 0.659922 0.844956 0.610438 0.316982 -0.615079 0.231386 -0.801683 -0.482273 -0.0509584 -0.412812 -0.375472 0.0651539 0.870544 
0.243812 0.223952 0.147077 0.776929 -0.254447 0.0935862 -0.275276 1.31303 1.31522 -0.682059 0.824209 -0.0594072 0.527562 0.217514 -0.21444 0.327378 1.58383 0.338849 0.999501 -0.0322499 0.823535 -0.141685 0.357652 -0.24673 0.375107 -1.01803 0.176861 -0.823123 -0.693637 1.40908 
0.193354 -0.355854 1.81183 0.234121 -0.843019 -0.52634 0.606078 0.274384 1.53296 0.7121 0.430689 -0.0620095 -0.50493 0.113021 -0.159948 -1.12212 -0.160714 1.379 0.423908 1.20272 0.896406 -1.27625 -0.656941 -0.772614 -0.866975 0.725716 -1.0738 0.143985 -0.903178 1.49534 
-0.573011 0.96689 -0.829692 -0.10315 0.972637 -0.519377 0.306751 -0.412024 -0.375604 -0.613329 -0.360887 -0.261123 0.790294 0.677087 0.108999 -0.699146 -0.962674 0.203469 -0.0254279 0.820024 -0.259348 -0.418574 0.173434 0.731425 0.569914 -0.996527 0.910255 0.730006 -0.125152 -0.719728 
0.136976 1.11393 -0.250361 0.370974 1.31975 -0.0492401 -0.28368 0.351147 0.119456 -0.166461 0.618281 -0.836508 1.58445 -0.263717 -0.272811 -1.63246 -0.562307 0.41125 -0.79515 0.105645 0.191779 0.271422 0.319064 0.718299 1.46089 -0.187607 0.2732 0.721009 -0.34359 -1.38973 
-0.360106 0.831036 -1.52457 -0.0674519 0.124314 -1.0541 0.787112 0.0575115 -0.15631 -0.444068 -1.10505 -0.712168 0.879465 0.402768 0.51996 -1.19828 -0.703848 0.965292 0.759674 0.768419 -0.42382 -0.124509 -0.14079 -0.247756 1.51568 -1.438 0.467375 0.140678 0.667125 0.0294347 
-0.58371 0.754119 0.435818 -0.235491 0.881089 0.146318 -0.180738 -0.560925 -0.610317 0.459005 -0.619006 -0.594366 0.603577 -0.120958 -0.816842 -0.993885 0.573019 -0.992647 0.317757 -0.844447 -0.162534 -0.291621 -0.0469714 -0.882597 -0.788928 -0.314674 0.650367 0.761948 0.180742 0.00402272 
-0.231559 0.26328 -0.368379 -0.738785 0.793562 -0.0403761 -1.10588 -1.1052 -0.860522 -0.0514099 -1.03514 -0.170137 -0.263246 -0.977842 -1.71358 -1.80354 0.532589 -0.982407 0.470109 -0.753998 -0.52104 -0.0638005 -0.625916 -1.19086 -0.429702 -0.141155 1.26945 1.21638 -0.397555 0.592496 
-1.00284 -0.128135 0.222699 -0.872837 0.596947 -0.530606 0.51741 -0.930572 -1.45578 1.22222 -0.726238 -1.26046 0.879369 -0.547278 -0.360762 -1.11409 0.493344 0.00499565 -0.231749 -0.241952 -0.593354 -0.219709 -0.689195 0.0767788 -0.108182 -0.566925 1.47778 1.32957 1.10487 -0.853828 
0.901974 0.843053 -0.0592394 0.108942 -0.590284 0.881784 0.818093 0.881193 -0.230124 0.421421 -0.49254 0.00616112 -0.743465 0.103912 -0.649495 -0.826697 0.612501 -0.0955072 -0.519748 0.172772 0.120247 -0.884515 0.0247661 0.117472 0.221834 -0.025475 0.0463649 0.0290798 0.114656 0.1126 
1.8819 0.787754 0.193658 0.681001 -0.305831 0.164778 0.701348 0.095598 -0.638999 -0.529805 -0.392022 0.201868 -1.58073 0.942562 0.083316 -1.00695 -0.357991 -0.444365 0.328637 -0.133851 0.801026 -1.11787 -0.671561 1.02222 -0.13835 -1.00202 -0.611694 0.59192 -0.273706 0.940033 
1.35127 0.281716 0.318251 -0.722922 0.149565 0.483583 0.845449 -0.0219838 0.61996 0.169073 -0.606385 -0.653259 -0.641153 0.972599 -1.31343 -0.163075 -0.115927 -0.58639 -0.739334 1.08654 -0.853994 0.112625 -0.0401503 0.857159 -0.210557 0.180278 0.525036 -0.537828 -0.592711 0.401183 
-0.896419 0.89294 0.0307784 0.86401 0.560516 -0.375406 -0.400296 0.661941 -0.0130216 0.0372432 -0.461027 0.21417 -0.786647 -0.962192 0.325867 -0.116112 -0.682559 0.173788 0.461812 -0.840394 0.690468 0.171858 -0.115875 0.208474 0.95668 -0.0709688 0.97175 0.644155 0.258303 0.0651623 
-0.854349 1.13986 0.309556 1.01087 0.142302 -1.00294 -0.277935 1.14519 0.529446 0.902937 -0.0463439 -0.512555 -1.2023 -1.02224 0.723158 -0.921673 -1.39251 1.06102 0.723221 -0.543339 0.798473 0.0241855 -1.07204 0.600922 1.21199 -0.414646 0.340031 -0.210826 0.664696 0.741793 
-0.663077 1.59918 -0.592797 1.50653 0.0019925 -0.754847 -0.136915 0.414488 -0.802757 0.225441 0.0862321 0.165974 -0.304272 -0.987916 1.18063 0.0641015 -0.910072 -0.361877 0.297656 -1.59584 -0.0965321 0.980224 -0.549996 0.218308 1.88569 0.26325 0.912124 1.147 -0.636303 -0.912026 
-0.143282 -0.354173 0.991926 -0.152383 -0.605132 0.970212 -0.432499 -0.560631 0.592621 0.0286556 -0.364956 -0.963474 -0.544619 -0.0657278 -0.439181 0.344213 -0.217641 -0.968772 -0.766253 0.847776 0.305036 0.772399 0.667182 0.0440832 0.0894449 0.954993 -0.940516 0.958592 0.225463 -0.759142 
-0.877566 -1.34901 1.52292 -0.597803 0.292218 1.08492 -0.357626 -0.0992335 0.261727 -0.564964 0.0840732 -1.85679 -1.26781 0.6051 -0.300725 0.0405138 -0.161269 -1.17109 0.166186 0.821527 0.141503 1.52426 0.219928 -0.0337485 0.512468 0.0527579 -1.08392 0.184402 0.24868 -1.12452 
-0.138706 -0.63654 1.64505 -0.121491 -0.0751536 0.10177 0.0119318 -0.814628 1.11711 -0.861354 -0.542654 -1.14726 -1.45499 -0.0103765 -0.301987 -0.290553 -0.33177 -1.63996 -0.91339 -0.145446 -0.41112 1.39943 0.188997 0.945253 0.00913365 -0.0397143 -1.1166 1.92237 -0.658799 0.168201 
0.758809 0.748286 0.474142 -0.119549 -0.400991 0.289517 -0.907178 -0.0873529 0.547068 0.295466 -0.619613 0.995574 0.591281 0.510735 -0.0049311 0.046385 0.0703637 -0.543955 -0.324293 -0.673359 0.313215 -0.405771 0.996546 -0.0608558 0.335699 -0.362075 -0.0189586 -0.744475 0.114228 0.501301 
0.570692 1.65718 0.268276 -1.00608 0.497694 -0.40051 -1.83996 -0.608704 1.45945 0.684916 -1.20331 1.40292 0.437745 -0.446346 -0.477867 -0.892731 0.182303 0.294171 0.427786 0.0527076 0.0570875 0.356668 0.425034 0.217561 1.17785 -0.79245 -0.491919 -1.73009 -0.227168 1.12988 
1.252 0.0222207 -0.151534 0.517463 -0.252679 -0.202101 -0.882486 -0.517153 1.42219 0.115796 0.361584 1.61668 -0.30693 0.956868 -0.795385 -0.249643 0.375565 0.164008 0.120351 -0.37195 0.446293 0.24435 0.0335941 -0.781419 -0.10305 -0.488939 0.802627 -1.21666 0.198038 -0.321068 
-0.749904 -0.420719 -0.693728 0.801364 0.648958 -0.197927 0.337541 -0.0373121 -0.463783 -0.879189 -0.957247 -0.935863 0.298411 0.0586465 0.52908 -0.474899 -0.620989 0.762655 -0.888608 -0.999311 -0.0146666 -0.109746 0.00336955 0.818917 -0.194018 0.380631 0.179415 -0.0334995 0.584293 0.0673128 
-1.22488 -1.15891 -0.932332 1.18627 0.628931 0.373671 0.0575654 0.349678 -0.438746 -0.513956 -1.24124 -1.55427 -0.46303 -0.139927 -0.470302 0.332572 0.230557 0.142966 -0.628971 -0.966433 -0.0900111 -0.614031 0.862225 0.369469 0.121567 0.0441632 -0.197001 0.707187 0.380436 -0.0467525 
-1.18525 0.0837321 -1.13922 0.960937 0.740121 0.366039 0.35745 0.814908 -0.558659 -1.52024 -0.0887728 -1.14268 0.131673 -0.56521 1.04127 -0.160064 -1.26824 -0.190114 -1.44735 -0.638128 -0.644633 -0.711685 -0.468423 0.822789 0.670434 0.232139 -0.255174 0.190691 1.40578 1.01955 
0.695075 -0.522854 -0.09479 -0.77976 -0.208045 0.929441 -0.0765603 -0.460691 0.0668989 0.116895 0.304177 0.991777 0.980575 -0.541873 -0.680679 0.873009 0.618445 -0.744115 -0.529652 -0.969051 0.968614 0.941169 -0.56408 0.486028 -0.174902 0.579247 -0.7671 0.385357 -0.813968 -0.049572 
0.98482 -0.311699 0.580342 -0.912195 0.118596 0.25957 -0.877266 -1.27245 0.488538 -0.680171 0.00510795 1.73725 1.42714 0.282343 -0.149307 1.56182 -0.0451178 -0.615224 -0.0718566 0.0126913 1.36942 1.6117 -0.727441 -0.402822 -0.238682 0.351659 -0.445059 -0.530782 -0.28636 -0.0971336 
1.61408 -0.625744 -0.476617 -0.370133 -0.731416 1.90599 -0.789139 -0.347571 0.333669 -0.760418 0.981203 0.79572 1.29467 -1.52433 -1.31715 0.0598121 1.50717 -1.4787 0.184731 -0.232383 1.95201 1.46606 -1.28363 -0.440323 0.675331 0.805163 0.169571 -0.566061 -1.71968 -0.102817 
-0.883102 0.323492 0.316809 -0.269583 0.476698 -0.777267 0.448682 -0.500752 -0.667771 0.975868 -0.0683992 0.48164 -0.755026 0.666501 0.0126031 -0.0120791 0.727749 -0.725431 0.419462 0.379932 -0.947977 0.942109 0.604121 -0.234258 0.777702 0.321285 -0.804002 -0.66892 -0.892664 -0.794926 
-0.403132 1.19286 0.299207 0.345342 1.18123 -1.10568 1.28434 0.0735127 -0.187029 0.805298 -0.118476 0.39776 -1.62255 1.10146 0.541024 -0.197243 0.741905 -1.53352 0.379177 0.705219 -1.72833 1.12823 1.42038 -0.305047 0.947212 0.130172 -1.40783 -0.74013 -0.179517 -1.77653 
-0.948137 -0.305889 -0.433088 0.0633365 0.508623 -0.112893 1.25491 -0.394607 -0.0790326 0.680368 -0.790695 0.88443 -0.485418 -0.0787929 -0.766788 0.279434 -0.080171 -0.714766 0.529683 1.3454 -0.648829 0.876564 1.53562 0.644161 0.866661 -0.466232 -0.809831 -0.760956 -1.53558 -0.430266 
