0.212717 0.419084 -0.875283 -0.110819 -1.36708 -0.0678313 -0.667769 0.247803 -1.10937 0.210396 -0.471737 0.162244 -1.07236 1.25146 1.47833 1.6972 0.316284 -0.763652 -1.70977 1.21252 0.666423 -0.631069 1.66654 -1.7024 0.744332 0.891099 0.874214 0.500323 0.818827 -1.03908 
-0.0822777 0.268564 -1.01053 -1.08796 1.63608 0.521141 -0.430761 1.14949 -0.285545 -1.34739 -0.326128 -1.85721 -0.744075 0.108156 -0.226235 1.59945 -0.862871 -1.30747 0.735377 -0.32929 0.0559365 -0.388531 -0.0520452 -0.810949 -0.509997 0.238576 0.744979 -0.0372407 2.10207 -0.171686 
-0.19465 -0.922901 0.376802 -0.15674 -1.33543 0.803945 -1.20062 -0.674099 0.945331 -0.663355 -0.0437141 0.278604 -1.08746 1.07689 -0.165933 -1.40429 -1.12769 -1.78038 0.333017 -1.30632 -0.764176 0.434898 -0.262889 -1.40712 0.249106 -0.573141 -0.710035 0.247142 -0.518236 -1.68554 
-0.301104 1.62796 -0.4931 0.550122 -0.493296 -0.89757 -0.297351 1.2626 -0.158021 -0.907943 1.42325 -0.444665 0.579556 0.173608 1.26438 -0.653981 0.0507426 -0.903666 -0.140187 -0.199618 -0.404329 -0.168455 1.11555 -0.415261 1.01074 0.415708 0.633003 0.258324 0.797053 -0.680512 
0.155619 -0.00135483 0.104624 -1.51958 0.373882 -1.07697 -0.434278 0.358417 -0.394666 -1.67769 -1.17507 -1.10702 -1.3631 1.08638 -0.100027 -1.00323 -0.0455164 0.353799 0.381556 -0.0367889 0.178071 0.731758 -1.46982 1.11997 -0.635494 -1.50394 -0.927617 -1.18217 1.45322 -0.692378 
-0.266591 -0.604651 -0.458032 2.07963 0.744234 -0.126396 -0.590762 0.582806 -1.3233 0.735487 -0.649983 -1.25077 0.136311 -2.32526 -0.135562 -0.271514 -0.341649 0.160998 -2.25263 -0.384416 -1.58166 0.451576 0.522992 0.412778 -0.186912 -1.91406 -0.465983 -0.971666 -0.474192 0.673782 
0.645436 1.11568 0.855128 1.03091 1.26581 0.528335 0.0625755 0.291031 0.339267 -0.465313 -0.515532 -0.916249 -0.121932 0.993582 0.209304 1.69313 -1.37968 1.83515 -0.916742 -0.342391 0.41279 -0.0939125 -0.771717 0.796537 -1.78083 0.988474 -0.39539 -0.0911917 -0.515692 0.931206 
0.0349608 -0.0217199 0.0393452 -0.186344 -0.731339 -1.33296 -0.353417 -0.440079 -1.33811 -1.97558 0.151378 -1.45571 -0.460542 -0.371313 -1.05497 -0.224818 0.227727 0.978369 -1.35789 -0.837696 0.452326 -0.926207 1.52403 -0.585285 -0.825437 0.042577 -1.33545 -1.49085 0.218012 0.652426 
0.594255 0.750563 0.0923776 0.476196 -0.360208 1.68075 0.463957 -0.266475 1.22959 -0.374634 0.0550676 -0.451382 -1.40644 0.314517 1.12706 0.302713 -0.394547 -0.245156 0.571863 0.750683 -1.66038 -0.341753 0.787224 -0.73937 0.106858 -0.23985 0.200312 -1.16187 -1.00338 -1.39705 
1.43425 0.478324 0.393924 0.246874 0.67521 0.345108 1.82535 0.69668 -0.787345 -0.30817 0.713612 0.0732716 1.3068 1.07467 1.37236 -0.401982 0.30665 0.799181 -1.19446 -0.613847 0.887798 1.12896 -0.841859 1.18574 1.71067 0.655985 -0.737628 -0.647352 -1.4722 1.15206 
1.54977 -0.266865 -0.664817 0.944102 -1.46114 -1.39745 -0.933085 0.610706 -0.881907 1.27972 1.5172 0.651663 0.234172 0.70265 1.43568 -1.14682 0.324812 -0.472664 -0.310064 -0.883351 -0.244296 -1.31919 0.122072 -0.263029 -0.817014 0.456495 -0.777874 0.234518 -0.955944 0.362052 
1.76405 0.171198 0.224937 -0.99004 0.45917 0.0129396 0.703622 -0.159231 0.815604 0.480712 -0.488845 -0.820708 -0.958165 0.787927 -1.17839 -0.234756 -0.046336 -0.355855 -0.667929 1.32119 -0.650335 0.150225 0.426587 1.20552 0.183654 0.0499904 0.921737 -0.33772 -0.204113 0.187533 
-1.00687 -1.41144 0.333329 -0.249382 -0.465972 -0.486208 -1.51535 -0.271152 -0.587861 -1.38091 1.60315 0.587507 -0.0626491 1.1967 0.287 1.62306 -0.21871 1.26096 1.66995 -0.117836 -0.183119 0.964619 0.517425 0.74695 -0.511842 0.761738 0.38595 1.43623 0.617548 -1.33558 
1.31196 0.228692 -0.0186999 1.46069 -0.0698905 -1.2772 0.212549 -0.0846731 -0.230698 0.58228 0.967473 0.861148 -0.107115 -0.252689 -0.592894 0.115658 0.141864 1.14976 -0.653093 0.489642 0.604875 0.345747 0.309651 -0.336721 0.805248 0.898429 -0.770256 2.00332 0.238039 -0.965014 
-0.159259 -0.179789 0.320314 -0.294209 1.15619 -2.27027 -0.569985 0.466143 0.221504 -1.02346 -1.04655 -0.423296 -0.0913216 -0.281916 -1.19527 -0.403427 -0.388817 -0.419276 0.20295 1.13634 -1.34091 0.292926 -1.05427 -0.597504 0.901792 -1.0539 -0.136476 -0.0970893 0.935753 -0.9943 
-0.178601 -0.482993 0.239689 1.24074 0.911237 -1.08752 0.841384 -0.0730259 -0.0313934 0.708686 -0.470104 0.278116 -0.684537 -1.08964 0.403565 0.269045 1.89545 -0.950219 0.726029 -0.0245511 0.230489 -1.02174 0.686242 -1.27946 -0.444298 -0.380643 0.677222 0.621376 0.777293 -0.113338 
-0.331105 1.04554 -0.00703359 -0.0278793 0.914962 -1.31945 1.53433 0.259166 0.120326 1.08488 -0.525048 0.0357876 -1.62005 0.850193 0.258658 -0.0595029 0.37886 -1.41802 0.0843781 0.606073 -1.51571 0.914608 1.81152 -0.407337 1.05718 0.117767 -1.06281 -1.0956 -0.437422 -1.41754 
0.882074 0.90475 1.8374 -1.59604 0.600879 0.723807 -1.26785 -0.888758 -1.19108 -0.0267799 -0.754387 -0.954697 0.0673897 -0.917464 0.367008 0.523009 -0.764703 -0.142797 1.38448 -0.582448 0.614467 0.377335 -1.01382 0.561446 -0.123473 -0.448037 0.103479 -1.06249 -0.671299 -0.132363 
1.21806 -0.457358 1.18623 -0.425965 -0.0700862 -1.12507 -1.68738 0.715388 -0.449972 -0.310275 -0.0749184 -0.134566 -0.803723 -1.2174 -0.979188 -0.319007 -0.317044 0.723457 -1.32089 -1.185 -1.81181 0.196019 1.3915 -0.935655 1.0839 -2.08779 0.679828 2.08726 -1.32023 0.280437 
0.457656 -0.00194053 0.313955 -0.390277 -0.060264 2.04208 0.581253 0.292935 0.33405 0.363518 -0.347381 1.28923 -1.0058 -0.566956 0.901596 -0.507874 -0.42678 -1.1098 1.06407 0.336475 -0.201362 1.75133 0.370087 -1.18459 -0.967491 -0.412375 -1.55367 0.0175752 1.00548 0.7851 
0.776568 -0.219156 1.13274 0.904989 0.599655 -1.13714 1.17354 0.0818726 0.450193 0.414557 -0.122492 0.013575 0.247865 -1.05174 -0.392573 1.84548 0.775779 1.20558 1.01444 -0.548448 0.538585 -0.209982 0.894784 -1.46242 -1.20652 -0.813335 -0.811807 0.637838 0.365426 -0.222495 
-0.111678 2.08675 0.190782 0.572935 1.50073 -0.0865026 -1.2183 0.500916 1.74777 -0.353061 0.451429 0.739398 -0.0672126 -0.106811 0.242186 0.0307879 -0.785311 -0.134008 -1.5907 -1.10386 0.197669 -0.0438613 -1.44428 -1.33573 1.75462 0.333084 -0.548404 -0.0126574 0.716807 -0.0663168 
0.0187795 -1.34794 -1.00888 1.79479 0.365438 -0.575762 0.876109 -0.570914 -0.0845546 0.482895 0.29307 1.14606 -0.835396 0.505247 0.627674 0.752986 0.173213 0.601106 -0.842564 -0.659364 -1.33383 -0.412844 0.105528 1.17089 0.150881 -0.729313 -0.576495 0.192235 -0.503382 0.313516 
0.789692 -0.228785 1.05808 -0.265963 0.836321 0.807116 -0.541648 1.44994 -0.489963 0.448468 -0.30096 -1.18352 -0.612655 1.20621 -0.649138 0.605131 0.251848 1.11463 1.47566 -1.58996 -1.31968 0.938764 -1.18115 0.283723 0.463778 0.983668 0.747948 -0.430684 0.689455 -1.60511 
-0.000460871 0.800613 -0.288245 -1.54312 1.98107 0.492447 -0.0764741 1.03555 -0.617379 -0.0619406 -1.43589 -0.212621 0.944575 0.362675 -0.506157 0.717377 -0.437532 -1.31581 -0.964374 -0.62665 0.946745 0.552074 1.28169 -0.840642 -1.02342 -0.0652136 -0.340632 0.350844 -0.593546 0.488279 
-0.881341 -0.781814 0.930208 1.48474 0.136407 1.03257 -0.268133 0.169839 1.98317 -0.435715 0.232369 -0.0780493 -0.601108 -0.632932 2.05813 0.340442 -0.843351 -2.01719 0.440575 -0.594283 1.60276 0.131342 -0.193887 -1.13219 0.516586 -1.57674 0.0507556 0.896009 -0.709646 -0.436555 
-0.515161 0.711266 1.12068 0.915068 0.871633 -0.987845 -0.619156 0.782423 -0.352841 0.113074 -1.77596 -1.96166 0.270852 -0.0185701 0.262845 -0.237866 -0.0841461 -0.362032 1.12102 -0.214834 -0.812394 -0.259428 -0.859069 -1.05115 0.366718 -0.57972 -0.914271 -0.538178 -0.699634 1.54662 
-0.136529 -0.694346 0.746844 0.753098 0.91839 0.443797 1.22529 -0.140536 -0.819117 0.739149 0.723091 -0.323591 0.779776 1.53409 0.432675 1.14117 1.12896 -0.323691 -1.09602 -0.15665 0.584574 -0.147728 -0.455589 0.0302483 -0.365814 -0.819697 -0.893469 -1.08206 -0.0907952 1.26675 
0.0793059 -0.0922996 -0.439273 0.715516 0.271284 -0.5733 1.00931 0.762649 0.324511 1.44633 -0.296798 -1.04903 -0.0260631 1.15914 1.54198 0.340544 0.980115 0.42349 0.25489 0.699858 0.15979 -0.448914 0.871535 0.785652 -0.800888 -0.142201 0.0989521 -0.814328 -1.30689 -1.18002 
1.23251 0.922214 0.739658 -1.87857 -0.350577 1.47119 -0.198668 0.258579 -0.409932 -0.551581 -1.38072 1.5846 0.310284 -0.890996 -1.68394 -0.307608 0.203403 0.712365 -0.340329 -0.705714 0.415513 -0.334591 -0.281644 0.262672 0.570356 -0.0460979 -0.455062 -0.304519 1.04586 -1.53358 
1.40452 -0.552181 -0.0181261 -1.60156 0.387643 -1.10232 0.360531 -0.570469 1.14649 1.28283 0.718325 0.147448 -0.618629 -0.588014 0.383562 -0.909018 0.867893 0.70804 -0.444413 -0.115905 1.05679 0.875 0.349545 -0.870386 -0.53708 0.954232 -0.127244 -1.41283 0.736317 -0.418945 
-1.68765 -0.26031 -0.469976 -0.255521 0.21361 0.1906 1.69742 0.37054 -0.820778 1.25234 0.96343 -0.388706 -1.27285 0.515818 1.09073 0.294052 -0.451605 0.870397 0.313049 -0.675562 0.59347 -0.10326 -0.881262 -1.33787 0.122469 0.603071 0.990619 0.402939 -0.344239 -0.290067 
-0.820032 2.00673 -0.156507 1.80851 0.377708 -0.957408 -0.613341 0.297173 -1.10719 0.398517 0.105796 0.312716 -0.00644548 -0.720475 1.65186 -0.10816 -0.790781 -0.59306 0.269062 -1.78343 0.397907 0.980422 -0.99972 0.0947347 1.77224 -0.00840456 0.702255 1.54949 -0.429231 -0.730723 
0.106757 0.325513 0.840123 0.667756 1.2092 -0.21148 0.0543072 -0.554125 -1.13396 1.81958 -0.30324 1.8792 0.753376 0.0101863 -1.69108 -0.604477 -0.353121 -0.315173 0.722747 -1.041 -0.224324 0.762154 0.00057569 0.187191 -0.778186 0.2364 1.31816 0.254899 0.641958 0.261129 
0.973569 -0.576608 -1.74247 0.903939 -1.94758 0.79019 1.3647 0.623954 0.756136 0.513274 0.319905 0.221678 -1.25311 -0.418105 0.271997 0.0326495 -0.00171693 -0.670218 0.620701 -0.75447 0.598805 0.513427 0.342038 0.190258 0.912404 0.140451 -0.65845 0.694465 -0.459741 1.09505 
0.518092 0.552618 0.774242 0.114 -1.3616 -0.184693 0.556226 -0.650613 0.922907 -0.115063 0.736645 -0.0543846 -0.59563 0.132876 -0.637953 -0.334271 -0.80486 0.400603 -0.37257 -0.918105 1.50936 -0.712148 0.795775 1.86557 -1.22878 -0.976419 -0.237303 1.49579 -1.10793 -1.09209 
1.78599 -0.489936 1.27977 -1.66208 -0.751844 -0.573625 -0.673303 -0.222317 0.177722 1.00679 0.888446 -0.155502 -0.0529494 0.025692 0.667736 -0.779246 -0.242258 -0.54275 0.636128 0.458938 0.0555254 -1.34814 -0.06258 0.0478225 -0.924213 0.893418 0.133222 -0.127402 0.642763 0.0519868 
-0.82656 0.990942 -0.860737 1.48963 0.584132 1.22759 0.165132 -0.116097 -1.31992 0.943743 -0.702947 -1.29393 0.612181 -0.209087 -0.51506 0.505963 -0.119639 -1.11074 0.0416576 0.315447 0.373549 0.180424 0.304516 0.272195 0.577279 -1.03584 1.70878 0.325206 -0.454181 0.584891 
-0.649326 -0.297823 -0.154764 -1.46719 -0.0254244 1.8411 -0.790045 -0.775913 -0.25909 1.66217 -1.70211 0.904297 1.23704 1.74349 -0.992547 0.198789 -0.915165 0.662966 -1.16021 -0.380179 -0.422561 0.451258 0.548331 -0.132602 -0.502504 1.19705 0.902358 0.683017 -0.19112 0.830303 
-0.0155278 -0.0163575 -0.682931 -0.943404 0.08401 0.109325 -0.386376 -0.0843178 -1.04199 0.137868 -1.00997 0.501587 0.887897 -0.537679 0.723942 -0.0289905 -0.80621 -0.529192 0.457378 0.147256 -1.08942 -0.09484 -1.41874 0.34521 1.33092 0.735393 1.46931 1.11218 0.848097 -0.0424204 
-0.649583 0.252766 1.37702 0.896238 1.39714 -0.525455 0.20209 0.0482359 0.853327 0.403059 -0.817369 0.0627128 -0.0896637 1.52065 -0.723322 -0.872672 0.396402 0.188903 1.51182 1.47947 -0.911442 0.677087 -0.47639 0.960961 -0.00103344 -0.884741 -0.0743803 -0.835116 0.918114 0.764487 
0.125355 -1.12838 -0.96275 -1.75059 0.694591 0.634707 0.517769 -0.85283 0.986849 0.673364 0.324655 0.578535 -0.821234 0.556428 -1.26 0.172326 0.314897 -0.0392375 -1.18882 0.48489 -0.268002 -1.05576 -1.74469 -1.21824 0.113146 -0.311934 -0.2357 -1.54087 1.78652 0.55692 
-0.0961548 -0.0544579 1.80104 0.411562 -0.376647 -0.0826648 0.501189 0.555603 1.76768 0.810365 0.600263 -0.0470246 -0.517283 0.202623 0.231684 -0.881412 -0.437933 1.09255 0.48105 1.40773 0.903761 -1.58482 -0.881686 -0.590082 -0.585469 0.581435 -0.719183 0.24373 -1.26708 1.9433 
1.51976 0.0796903 -0.1869 1.83855 1.07964 -0.934036 0.72975 -0.0411414 1.37963 0.152347 0.433111 0.501964 1.23864 0.12045 -1.49143 -0.684982 0.137588 -0.62474 -0.521706 -0.531302 -0.325833 0.557744 1.77032 0.222685 0.118812 -0.199203 -0.802628 -1.86773 -1.45504 0.757562 
-0.831684 -0.329421 0.694894 -1.08427 0.731573 -0.539104 0.054687 -1.04599 -1.11256 1.27487 -1.1675 -0.891687 1.20971 -0.0482113 -0.425919 -0.984607 0.338234 -0.0707593 0.229672 -0.3233 -0.151987 -0.228761 -0.55162 -0.315907 -0.345715 -0.868861 1.01278 1.16082 1.10436 -0.481991 
-0.170793 -0.128578 -0.306859 -1.42883 0.395892 0.00601019 -0.616459 1.03207 -0.975123 -0.744102 0.0984542 -1.43573 -0.0743884 0.75827 0.753174 1.12834 0.61604 -0.290975 1.05001 -0.941419 -1.37445 0.165391 0.0428529 0.0227399 1.87021 -0.0275881 0.681543 -0.581503 -1.8122 -1.16541 
-0.491722 0.64384 -0.620212 -0.535828 0.37749 0.0183327 -0.859179 -1.23437 -1.18999 -0.0698222 -1.01809 -0.175951 -0.523691 -0.766088 -2.1593 -2.26491 0.275835 -1.04259 0.645175 -1.19392 -0.498264 -0.162124 -0.204743 -0.826435 -0.273495 -0.0746691 1.44235 0.837101 -0.0169193 1.07798 
-0.472967 -0.111701 -0.729629 -0.949899 0.344106 -0.784398 -0.173169 -0.221846 -1.11605 0.00664966 0.257335 1.78146 -0.742303 0.545413 0.968322 0.188815 1.42619 0.669027 -0.787807 -0.754402 0.217059 0.791854 -0.755566 -0.933599 0.845006 1.13822 -0.252912 -0.723138 1.02404 0.511037 
0.474652 0.674437 0.32592 1.06096 -0.743442 -0.0107916 -0.0048387 1.12948 1.58678 -0.919655 0.999833 -0.209593 0.768089 0.622959 -0.663926 -0.0237687 1.18181 0.427462 0.633647 0.0494867 0.374796 -0.0792364 0.566959 -0.715946 0.491581 -0.994708 0.23592 -0.932088 -0.245842 1.71239 
0.338369 -1.73349 -0.479645 -0.0656647 0.114866 0.228972 -1.36755 -0.944179 -0.645127 0.798478 0.353455 0.412984 1.24483 1.15285 0.384773 0.807929 -0.561309 0.433668 0.881118 1.17485 0.360905 0.300594 -0.787451 1.29215 0.132129 -0.486216 0.046106 0.0131878 -0.981516 -0.381783 
0.908052 -0.93971 1.09599 0.28022 -0.254685 -0.682443 0.403888 1.13512 0.980166 -0.0179889 1.34627 0.0898104 0.216139 -0.651329 0.533268 0.279003 0.174876 1.01985 0.824823 1.10881 0.60749 -0.271108 0.593024 -0.937457 -0.0378468 -0.423586 -0.0274608 -0.742533 -0.295849 1.01487 
-0.983264 1.50846 -0.693789 0.996667 0.110477 -0.369037 0.187798 -0.519641 0.699671 0.658542 -0.519063 -0.592546 1.38624 -1.22173 0.40546 -0.335331 0.581368 0.535172 0.240162 0.629581 1.56968 -0.344022 -0.305719 1.22215 -0.158817 -1.4875 -1.07442 -0.0821322 -0.763929 -0.56451 
-0.354511 -0.688823 -0.486697 0.464718 -0.564315 0.189225 -0.769953 -0.0545684 -1.15749 1.21955 -0.297548 0.531954 0.414659 -0.69455 0.215502 -0.284796 1.54334 0.51557 0.738103 -1.65408 -1.61303 -0.649672 -0.12781 0.225643 1.36066 -0.809508 0.907837 0.393176 -0.589789 0.101244 
0.564833 1.14145 -0.736217 0.0183322 1.12089 -0.0674198 -0.235065 0.139612 0.467101 -0.655269 0.748913 -0.350129 1.34483 -0.0479885 -0.0957182 -1.86019 -0.583955 0.26196 -0.470265 -0.0433651 0.238027 0.499499 0.179028 0.274576 1.17093 0.289302 0.492063 0.36914 -0.526733 -1.73779 
0.550506 -1.71627 -1.27173 -1.29764 0.784524 -0.683019 -0.139096 -0.174495 -0.246134 -0.651516 0.870333 -0.592703 -0.104747 0.172432 1.24853 -0.761944 -0.493303 0.221091 0.0273048 0.0314549 0.988163 0.571078 0.537927 0.535065 -0.73216 0.449033 -1.28744 -0.29542 0.387575 -0.388827 
-1.44206 -0.178131 -0.720037 0.316447 0.19041 0.107616 1.12024 -0.260184 0.357111 0.744412 -0.706039 0.443254 -0.101084 -0.0782354 -0.716287 0.179709 -0.149255 -0.465458 0.0343603 1.20621 -0.285047 1.35373 1.77357 0.384779 0.426251 -0.676178 -1.23689 -0.821569 -1.45896 -0.891944 
0.588221 0.690473 0.102129 0.0361234 -0.579172 0.904872 1.02465 1.25086 -0.151974 0.34132 -0.373175 0.398698 -0.351409 -0.0687106 -0.630562 -1.2104 0.732458 0.355467 -0.221116 -0.248769 -0.155408 -1.05635 -0.269223 0.376714 -0.202961 -0.346051 -0.21349 -0.0365149 -0.358368 0.489494 
-0.394805 0.517352 -0.340157 -0.427519 0.867929 -0.358249 0.498504 -0.0324893 -0.411996 -0.191265 -0.0843658 -0.326553 1.18007 0.68778 -0.3277 -1.18308 -1.18793 0.552692 0.0502184 1.07737 -0.270835 -0.415642 0.477304 0.807585 0.422185 -0.707929 1.36911 1.09778 -0.519281 -0.454609 
0.0228855 -1.14747 1.52808 -0.581174 -0.426027 0.432307 -0.0898056 0.246224 -1.03368 1.52018 -0.0126231 0.127752 0.554434 0.93273 0.38153 0.258635 0.562048 0.50474 0.412433 -0.598022 -1.56185 0.137442 0.223278 0.811415 0.882185 0.904003 1.23381 0.176364 -0.265741 -0.345105 
1.02569 -0.452557 0.325887 -1.21002 0.333447 -0.0636127 -0.606477 -1.3348 0.537159 -0.597978 -0.32235 1.3172 1.78894 -0.193915 -0.556416 1.96785 -0.180201 -0.846664 -0.392366 0.167605 1.26091 1.80845 -1.05408 0.032979 0.162221 0.535953 -0.297451 -0.033254 -0.583417 -0.460158 
-1.25999 0.934956 0.471316 0.721984 0.714605 -0.472887 -0.140291 0.895103 0.327365 0.44599 -0.677861 0.135572 -1.25187 -0.547454 0.0990232 -0.303286 -0.890274 0.032637 0.325335 -1.07791 1.0623 0.399653 0.373229 0.0426472 1.16445 -0.253613 0.479587 0.955304 0.566034 -0.110121 
-1.24445 -0.819118 0.220829 0.422036 -0.559435 0.438578 -0.0550313 -0.68788 0.369683 -0.00729723 -1.76156 -0.522187 0.0654954 0.831272 1.20557 1.13131 1.50534 -0.916326 1.79827 -0.255814 0.313754 -0.0867273 -0.799713 -0.532044 -1.28438 0.595131 -1.61666 0.0423967 -1.03783 0.584432 
0.947037 0.612696 0.628003 0.00962067 -0.643902 0.739143 -0.755725 -0.377366 0.76583 0.770752 -0.329849 0.74924 0.594381 0.551435 -0.226989 0.338598 0.0908673 -0.131255 -0.240908 -0.853847 0.732976 -0.669982 0.833775 0.226954 0.704541 0.0691735 0.384321 -0.979612 0.553927 0.50409 
1.22754 0.49475 0.0735888 0.587259 -0.0841901 0.131057 0.324211 -0.229192 0.371754 -0.845207 -0.213485 0.0437642 1.22866 0.303093 1.8057 -0.0149387 -0.806916 0.712111 -0.0966541 -0.0382633 0.108348 -0.311069 0.50082 0.235614 0.838507 -0.106153 -1.26488 -0.108506 1.91554 1.06777 
-1.06256 -0.23462 -0.60476 -0.042802 -1.17182 -0.799594 -0.545418 -1.17257 0.39901 -1.05721 0.566691 0.363291 -0.722396 0.417052 0.645941 0.660577 1.2955 0.569937 -0.363517 -1.72794 0.205406 0.372509 -0.330638 -1.09124 0.742997 0.442372 0.83617 -0.926245 -0.266999 0.172874 
-0.857325 -0.613222 -0.559677 0.888494 1.07255 -0.336035 0.512234 -0.171737 -0.401587 -0.669501 -0.552183 -0.748259 -0.0113508 0.0563946 0.43299 -0.374335 -0.394814 1.2618 -0.822355 -1.26694 0.062222 0.208709 0.301466 1.14157 -0.206588 0.568821 0.581779 0.265593 0.670612 0.252501 
-1.31422 0.417494 -1.1203 0.463943 0.406941 0.680326 0.297545 1.00803 -0.203959 -1.50182 0.249991 -0.981393 -0.247882 -0.246427 1.10548 -0.201422 -1.70197 0.0925622 -1.91279 -1.06655 -0.543261 -0.502052 -0.310111 0.476466 0.419516 -0.177215 -0.0209381 0.046472 1.60718 1.33443 
0.645302 -1.8249 -0.433949 0.0487994 -0.936055 0.737707 -0.159509 0.427931 1.54209 0.2193 0.645651 -0.536945 -0.3262 -0.272592 -1.15026 1.10401 1.07915 0.0741823 -0.390433 0.280832 -0.65729 1.13697 0.211513 -0.395009 0.497176 0.89846 -0.500963 -0.896975 -0.569948 -0.519049 
1.21895 -0.301562 -0.629148 0.0883236 -0.0682061 -0.135951 -0.718943 -0.0724009 1.26419 0.328242 -0.049595 1.62017 -0.742867 1.42003 -0.638709 -0.514279 0.0496522 -0.0154103 0.375145 -0.364945 0.895612 -0.160343 -0.36665 -0.89263 -0.2886 -0.224655 0.547164 -1.24534 0.363067 -0.145959 
0.334188 -0.563756 -0.0875013 -1.11248 -0.0385127 1.30991 -0.446871 -0.351465 0.554537 0.554397 0.324278 0.701137 1.43219 -0.326828 -0.489023 1.30756 0.230462 -0.694581 -0.215067 -0.514046 1.06593 0.802935 -1.04871 0.803469 0.0302877 0.404628 -1.1132 -0.0842886 -0.546107 0.261686 
-0.58371 0.754119 0.435818 -0.235491 0.881089 0.146318 -0.180738 -0.560925 -0.610317 0.459005 -0.619006 -0.594366 0.603577 -0.120958 -0.816842 -0.993885 0.573019 -0.992647 0.317757 -0.844447 -0.162534 -0.291621 -0.0469714 -0.882597 -0.788928 -0.314674 0.650367 0.761948 0.180742 0.00402272 
-0.185049 0.92472 0.834114 0.0628696 0.391562 0.545957 0.176143 -0.750677 -1.08253 0.0645409 -0.190161 -0.71186 0.752259 -0.168744 -0.55297 -1.42282 0.123928 -0.754152 0.42236 -0.818207 0.15985 -0.701576 -0.242574 -1.28935 -0.897743 -0.565836 0.196423 0.422041 -0.187676 0.272275 
-0.925486 0.951335 0.743872 0.0725477 1.23022 0.236505 -0.4491 -0.33031 -0.92245 0.642292 -0.697579 -0.192406 0.168465 0.157172 -0.467196 -0.51349 0.267364 -1.12919 -0.0541351 -1.16814 -0.279912 -0.0744473 0.0978554 -0.581697 -0.981086 -0.142757 0.50527 1.1373 0.671069 -0.204531 
-0.883102 0.323492 0.316809 -0.269583 0.476698 -0.777267 0.448682 -0.500752 -0.667771 0.975868 -0.0683992 0.48164 -0.755026 0.666501 0.0126031 -0.0120791 0.727749 -0.725431 0.419462 0.379932 -0.947977 0.942109 0.604121 -0.234258 0.777702 0.321285 -0.804002 -0.66892 -0.892664 -0.794926 
-0.664471 0.77996 -0.0273097 -0.58258 0.680682 -0.364936 0.109212 -0.839661 -1.00833 0.99494 0.281923 0.0881566 -1.06984 1.10119 -0.284358 -0.498746 0.525944 -0.864048 0.482906 0.692321 -0.549552 1.10144 0.51893 -0.66982 1.15643 0.0672373 -0.95605 -0.340353 -0.602992 -0.820219 
-0.937555 -0.149219 0.371877 0.0702859 0.383785 -1.00373 0.564525 -0.696467 -0.706866 0.670135 -0.521081 0.255722 -0.426813 0.999867 0.075797 0.128837 0.946365 -1.09813 0.0672383 0.766418 -1.01567 0.861757 0.676854 -0.658089 1.21651 0.0565682 -1.18963 -0.622949 -0.424329 -0.990753 
-1.22488 -1.15891 -0.932332 1.18627 0.628931 0.373671 0.0575654 0.349678 -0.438746 -0.513956 -1.24124 -1.55427 -0.46303 -0.139927 -0.470302 0.332572 0.230557 0.142966 -0.628971 -0.966433 -0.0900111 -0.614031 0.862225 0.369469 0.121567 0.0441632 -0.197001 0.707187 0.380436 -0.0467525 
-1.5265 -1.36395 -1.34782 1.26606 0.342454 0.787405 -0.255443 -0.0411527 -0.536762 -0.690247 -0.811025 -1.48698 -0.0347639 0.0313201 -0.143586 -0.0971198 0.202817 0.380689 -0.542841 -0.808017 -0.510411 -0.86703 0.580834 0.568087 0.552204 0.176992 -0.165616 0.457035 0.711362 -0.263378 
-1.02931 -0.808207 -0.962446 0.696353 0.895056 0.246946 0.511819 0.248796 -0.53784 -0.897807 -1.00677 -1.88569 -0.764628 -0.481518 -0.860192 0.366628 -0.207573 -0.0136442 -0.712303 -1.34623 -0.325858 -0.831896 0.52255 0.401003 0.370988 -0.142491 0.0330669 0.474219 0.534498 0.00892487 
-0.143282 -0.354173 0.991926 -0.152383 -0.605132 0.970212 -0.432499 -0.560631 0.592621 0.0286556 -0.364956 -0.963474 -0.544619 -0.0657278 -0.439181 0.344213 -0.217641 -0.968772 -0.766253 0.847776 0.305036 0.772399 0.667182 0.0440832 0.0894449 0.954993 -0.940516 0.958592 0.225463 -0.759142 
0.265212 -0.166568 0.649766 -0.57164 -0.689939 0.866591 -0.719035 -0.808487 0.181896 -0.400148 -0.587707 -1.36174 -0.461978 -0.399298 -0.00796093 0.618419 0.175433 -0.708257 -0.29506 0.958472 0.283268 0.331407 0.481069 0.34543 0.119342 1.43716 -0.519424 1.21532 -0.0104289 -0.666962 
-0.546891 -0.853927 0.570395 0.326162 -0.796485 1.17255 -0.422049 -0.274532 1.05447 -0.322633 -0.0297984 -1.13956 -0.335326 -0.146264 -0.766107 -0.130831 -0.690623 -1.12953 -0.36984 1.1053 0.105034 1.22127 1.08714 -0.200309 0.269237 1.448 -0.810045 1.39852 0.416288 -0.340137 
-0.925844 0.260323 0.88632 -0.125615 -0.650962 -1.69278 -0.52617 0.210913 -1.41182 0.459892 0.0911902 -0.702484 -0.847061 0.684429 -1.26234 0.534486 0.523084 -1.23192 0.445409 -0.763921 -0.874672 -0.206329 -0.973926 -1.15549 1.20278 -0.782697 -0.058722 0.0280998 -1.20771 -0.230708 
-0.731247 0.71132 0.744606 0.28956 -0.42661 -2.12498 -0.389589 0.112304 -1.6491 0.62183 -0.214768 -0.302168 -1.12792 0.254139 -1.47586 0.393682 0.319101 -1.09834 0.00408748 -0.277597 -0.434735 -0.40076 -1.21152 -1.33645 0.747368 -1.26142 0.257728 0.144668 -1.61806 -0.648023 
-0.560027 0.295364 1.17706 -0.16252 -0.338868 -1.75914 -0.963861 -0.101482 -1.66885 0.850249 0.0786111 -0.612764 -0.788185 0.647571 -1.38907 0.368678 0.460477 -1.18317 0.430522 -0.525525 -0.648827 0.095456 -0.651962 -1.35821 0.774793 -0.608889 -0.310621 0.272264 -1.14067 -0.363307 
-1.86375 -0.838431 0.766894 -0.166941 -0.205635 -0.116347 -0.468119 -0.823885 -1.83838 0.325774 1.40218 0.0134132 0.317129 -0.262677 0.797348 -0.53698 0.755292 1.43956 0.766258 -0.689415 -0.0149332 -0.938273 0.899822 0.0556611 -0.403908 1.03018 0.548638 -0.427113 0.340469 1.13198 
-1.99516 -0.357896 0.92397 -0.200259 -0.406745 -0.600104 -0.94781 -0.372392 -1.89071 0.666322 1.87915 -0.335681 0.00515217 -0.755251 0.605374 -0.739025 0.849513 1.15671 1.02673 -0.703467 0.14968 -1.36747 1.39342 0.223619 -0.0115705 1.06249 0.303014 -0.607065 0.193767 1.47301 
-2.10776 -1.27728 1.06417 -0.486899 -0.355449 -0.0986295 -0.736178 -1.24878 -1.50728 0.807651 1.64742 0.499168 -0.15436 -0.206797 1.00493 -0.455936 0.79866 1.12559 1.25338 -0.796957 0.0409006 -0.910247 0.941998 -0.267403 -0.554382 0.704387 0.473482 -0.915893 0.0948345 1.3336 
-0.138706 -0.63654 1.64505 -0.121491 -0.0751536 0.10177 0.0119318 -0.814628 1.11711 -0.861354 -0.542654 -1.14726 -1.45499 -0.0103765 -0.301987 -0.290553 -0.33177 -1.63996 -0.91339 -0.145446 -0.41112 1.39943 0.188997 0.945253 0.00913365 -0.0397143 -1.1166 1.92237 -0.658799 0.168201 
-0.355689 -0.23372 1.59693 0.263898 0.139357 0.399568 -0.231529 -0.412874 0.991937 -0.388961 -0.231283 -1.53922 -1.75544 -0.305501 -0.261019 -0.064942 -0.706853 -1.46646 -0.630832 -0.530215 -0.00881903 1.63461 0.392036 0.640353 -0.445788 0.265874 -1.21505 1.50665 -1.0691 0.285543 
-0.165982 -0.492368 1.85304 0.279786 -0.308008 0.327033 0.263657 -0.476493 0.766294 -1.02059 -0.453965 -1.01235 -1.65663 -0.397035 -0.143643 -0.609444 -0.483025 -2.08433 -0.82899 0.127288 -0.0643141 1.73871 0.46153 1.05997 0.0308334 -0.298994 -0.872539 2.38231 -0.654776 0.657499 
-0.36766 0.927105 -0.135501 0.765133 -0.0253771 1.23766 -0.598173 0.962265 0.739214 -0.296679 -0.859663 -0.557159 -0.871798 0.0855233 1.6704 1.37937 0.0912309 -0.0828424 0.206975 -0.836988 0.691959 0.303613 0.445417 -0.0936793 -0.411498 -0.373257 0.136803 -0.169373 -0.426179 -1.8497 
-0.823248 0.475009 0.0974493 1.18499 -0.153842 1.13359 -0.11499 1.06423 0.262483 -0.168413 -0.483725 -0.300233 -0.839263 -0.127156 1.9425 1.49523 0.0621513 -0.356551 -0.0246142 -0.730758 0.48822 0.274877 0.356899 0.000696971 -0.107495 -0.660518 0.253259 -0.117991 -0.464845 -1.89418 
-0.563831 1.39855 -0.309614 1.25842 0.419999 1.47255 -0.126612 1.33986 0.305731 -0.253333 -0.359988 -0.832472 -1.33348 0.382544 1.36524 1.60039 0.411519 -0.345974 0.55234 -1.22854 0.295316 0.674698 0.509245 0.25779 -0.523857 -0.475988 0.35478 0.210434 -0.274088 -1.37206 
-0.877566 -1.34901 1.52292 -0.597803 0.292218 1.08492 -0.357626 -0.0992335 0.261727 -0.564964 0.0840732 -1.85679 -1.26781 0.6051 -0.300725 0.0405138 -0.161269 -1.17109 0.166186 0.821527 0.141503 1.52426 0.219928 -0.0337485 0.512468 0.0527579 -1.08392 0.184402 0.24868 -1.12452 
-0.723069 -1.8218 1.39788 -0.374874 0.0821209 1.54957 -0.847006 0.394694 0.281751 -0.912457 0.347326 -1.63885 -1.75738 0.782 -0.160269 0.412774 0.0678791 -1.46378 -0.0641004 1.02329 0.553065 1.76788 -0.0650049 0.0846724 0.289772 0.0203106 -1.5296 0.130146 0.0406661 -1.49886 
-1.32251 -0.978171 1.58335 -0.749793 0.0383669 0.782576 -0.663991 0.315205 0.397842 -1.01634 0.476705 -1.56083 -1.71206 0.276822 -0.473767 -0.407544 -0.454279 -1.28135 -0.0938472 0.962536 0.590455 1.90531 0.706005 -0.428324 0.834953 0.124504 -1.03441 0.673455 0.490503 -1.21826 
0.021401 -0.853319 0.389086 -0.263134 -1.47223 -1.53951 0.193318 0.383285 -0.0530165 1.26786 -0.762914 -0.0291435 -0.0455992 0.318947 -0.546012 0.0320342 -0.590756 -0.575636 0.00681463 -1.09151 1.01593 0.842621 0.892138 -0.830192 0.983667 -0.266079 1.6771 -0.381934 1.02303 -0.0128811 
0.0373239 -0.93223 0.588632 0.087254 -1.71161 -1.16176 0.25317 0.558156 -0.539326 1.15103 -1.11349 0.451695 -0.11121 0.47202 -0.633584 -0.170258 -0.548381 -0.845717 -0.293256 -0.824991 1.09119 0.485848 1.01348 -0.381829 1.38375 -0.491525 1.25674 -0.726059 0.90519 -0.216031 
0.363812 -1.3395 0.713478 -0.719474 -1.36352 -1.72917 0.248287 0.742908 -0.500777 0.890803 -0.334802 0.339349 0.11783 0.283535 -0.649611 0.0671742 -0.235658 -0.098651 0.196783 -1.04319 0.942866 0.39737 1.19955 -0.390223 0.814829 0.130849 1.5363 0.0706832 1.3319 0.467534 
