0.772518 -0.428339 0.98549 0.749209 1.14916 -0.945226 1.07728 0.0411883 0.339173 0.408857 -0.0564637 0.304162 -0.0396586 -1.11189 -0.450745 2.07258 0.817387 1.15923 1.20212 -0.594919 0.742035 -0.12865 0.839453 -1.11317 -1.34836 -1.10938 -1.16705 0.826606 0.58795 -0.228454 
1.33128 -0.133154 1.66412 -1.40915 -0.632522 -0.596515 -0.367776 -0.291135 0.121566 0.981488 0.756207 0.216795 0.0912108 0.164242 0.987363 -0.839552 0.0740424 -0.315277 0.342334 0.715682 -0.192912 -1.06139 0.178089 0.0402548 -0.963489 0.735621 0.141021 0.0278102 0.336178 -0.217188 
-0.691587 -0.413135 -0.108325 -1.8524 -0.147424 2.14855 -1.16892 -0.68904 -0.267761 1.62497 -1.80805 0.828175 1.47143 1.95029 -0.600185 -0.0783545 -1.10511 0.90377 -0.867905 -0.50802 -0.17976 0.73429 0.304132 -0.40516 -0.588588 1.25563 0.868935 0.89198 -0.352353 0.769464 
0.0893235 0.679418 0.967045 0.586599 1.24512 -0.382876 0.305126 -0.528209 -0.911153 1.88442 -0.18619 1.95774 0.741938 0.0735951 -1.51606 -0.665522 -0.245852 -0.529922 0.735157 -0.835863 -0.45326 1.04547 -0.0782912 0.0338915 -0.630907 0.300002 1.58365 -0.0496795 0.871156 0.49755 
-0.453239 2.21186 -0.12158 0.548781 1.23889 0.084415 -1.12471 0.42143 1.98268 -0.0578336 0.0275662 0.954124 -0.379026 -0.568896 -0.144318 0.47506 -0.857942 -0.487512 -1.27422 -1.21669 -0.137403 -0.0589172 -1.86724 -1.48662 1.70879 0.643061 -0.245021 0.509697 0.728863 0.106494 
0.39782 -1.22641 -0.602805 0.356404 -0.280565 -0.130605 -1.06846 -0.626905 -0.900791 0.780766 0.382985 0.500699 0.885788 1.41888 0.601243 0.927785 -0.505569 0.52636 1.2033 1.13888 -0.0693659 -0.0209116 -0.353173 1.3565 0.256524 -0.676822 0.253056 0.299553 -0.829514 -0.191799 
0.641116 -0.824511 -1.86516 0.818757 -1.54386 1.07698 0.922992 1.18075 0.540886 0.289064 0.590849 -0.0432743 -1.29343 -0.705782 0.287342 0.496602 0.0929372 -1.01144 0.514649 -0.261802 0.42211 0.900756 0.747921 0.157887 1.07728 0.468077 -0.4136 0.655231 -0.760838 1.01105 
-1.18872 -0.407014 -0.342828 -0.194839 -1.00545 -0.461874 -0.328006 -1.08459 0.0325992 -1.56207 0.961026 0.361081 -0.654784 0.105579 0.401284 0.37239 1.05916 0.551066 -0.327383 -1.59193 0.190792 0.12224 -0.2337 -1.58225 0.600716 0.374839 0.842332 -0.940159 -0.280289 -0.221153 
-1.76142 -0.502689 0.712841 0.0881623 0.26173 -0.404418 -0.589396 -1.26102 -1.73836 0.740108 1.4444 0.0983669 0.19836 -0.425977 0.391203 -0.234665 0.526478 1.16506 1.04482 -0.880554 -0.247637 -1.086 0.823418 -0.256325 -0.841745 1.2314 0.281348 -0.601066 0.627343 0.846881 
-0.223567 0.973976 1.16347 0.875575 0.844252 -1.01601 -0.327146 0.586612 -0.0785842 0.103945 -1.45162 -1.75282 0.434235 0.0448064 0.255824 -0.342523 -0.318399 -0.266384 1.50763 -0.308763 -1.29712 -0.530996 -0.961579 -0.991594 0.514368 -1.06783 -0.522774 -0.810328 -0.59174 1.73716 
-0.462866 -0.0775174 -1.03184 -1.1509 0.723005 -0.890511 -0.195473 -0.468916 -1.60118 -0.170527 0.420507 1.70945 -0.948896 0.156943 0.97456 0.122754 1.00785 0.499163 -0.75413 -0.679785 -0.244709 0.616586 -0.541835 -0.968872 0.600501 1.42559 -0.351194 -0.436207 0.847796 0.694499 
0.499676 0.826433 1.22009 0.468491 -1.75048 -0.104983 0.506837 -0.664677 0.616255 -0.268644 0.662305 -0.0648147 -0.776649 0.605229 -0.629042 -0.462627 -0.945405 0.546403 -0.0561134 -0.799933 1.90396 -0.349301 0.638302 1.94328 -1.3859 -0.936151 -0.616356 1.28751 -0.966285 -1.54405 
-0.49006 0.907859 -1.16921 1.25144 0.919202 1.58227 -0.0403142 0.144802 -1.50442 0.700694 -0.37924 -1.14015 0.29765 -0.334126 -0.556304 0.632534 -0.343487 -1.17659 -0.139542 0.8097 0.493588 0.117461 0.14232 0.0259668 0.363665 -0.704529 1.89781 0.316582 -0.679778 0.91377 
0.282887 -0.373501 -0.284211 -1.18394 -0.370828 1.23405 -0.328908 0.0555208 0.0902712 0.31987 0.657407 1.08318 1.92225 -0.461774 -0.431019 1.41808 0.150264 -0.569153 -0.383658 -0.777628 0.928706 0.902318 -1.12083 0.784407 -0.160113 0.221451 -0.761784 -0.415818 -0.161242 0.2846 
0.839434 0.283888 0.196814 -0.186847 0.0974543 1.90968 0.951436 0.72355 -0.0446592 0.378581 -0.454802 1.54374 -0.959843 -0.627927 1.24804 -0.650121 -0.372362 -0.813187 0.77552 0.421756 -0.15305 1.38048 0.125705 -1.25991 -0.928377 -0.317163 -1.41383 0.172689 1.0423 0.548454 
0.118456 -0.276699 -0.245906 -0.901365 0.561794 0.154257 -0.474858 0.738264 -0.998359 -0.866326 -0.275206 -1.56006 0.0669786 0.982802 0.672486 1.54271 0.31259 -0.435935 1.27107 -1.1526 -1.46201 0.0900201 -0.148671 -0.0901783 1.60064 0.441658 0.600639 -0.990478 -1.64309 -0.958618 
0.285852 -0.449519 -0.216072 0.802207 0.0742057 -0.494111 1.13338 0.362088 0.178258 1.29409 0.0103005 -0.970837 -0.0752643 1.54926 1.97459 0.342039 0.773336 0.534062 0.51744 0.603218 0.439717 -0.836261 1.32564 0.857643 -0.94543 -0.00377919 -0.148589 -0.636124 -1.19104 -0.963772 
-0.205959 1.15691 0.247058 -0.146395 0.609568 -1.22018 1.89954 0.334122 0.167902 1.1904 -0.869955 -0.38074 -1.36221 1.19246 0.300949 -0.319904 -0.0533981 -1.20362 0.122346 0.546568 -1.70738 1.10327 1.66776 -0.151726 1.52867 0.0508028 -1.06772 -1.53817 -0.172968 -1.44574 
-0.611569 -0.736508 0.802232 0.636942 0.672773 0.581647 1.37771 -0.543135 -0.835298 0.878704 0.522686 0.0761405 0.691415 1.45036 0.526866 1.17037 1.20741 -0.201582 -1.20019 -0.372879 0.432606 -0.38057 -0.330705 -0.0883657 -0.396986 -0.796732 -0.478559 -1.14524 0.00768697 1.09293 
-0.170843 0.692782 1.05205 0.432269 0.556897 0.309009 0.452111 -0.647671 -0.940781 0.121178 0.0713331 -0.943766 0.943963 -0.367059 -0.412228 -1.7995 0.30204 -0.855863 0.526704 -1.03332 0.076094 -0.628669 -0.0606137 -1.1732 -0.737539 -0.258281 0.622496 0.645872 -0.549621 0.0973552 
-0.714541 1.89481 -0.722689 0.813898 -0.388884 -0.246563 0.246379 -0.17233 0.314285 0.190632 -0.448147 -0.385345 1.34501 -1.13479 0.713248 -0.663376 0.708975 0.297832 0.173171 0.417005 1.83775 -0.0816514 0.0433652 1.1343 -0.308397 -1.85144 -1.39913 -0.155103 -0.752018 -0.00244398 
-0.634839 1.89443 -0.0749801 1.73577 0.605622 -0.843052 -0.555172 0.331526 -1.34626 0.422267 0.506974 0.5921 0.0465304 -0.630606 1.56499 -0.413413 -1.20959 -0.138247 -0.141613 -1.34581 0.476905 1.26169 -0.986846 0.157775 1.93005 -0.117158 0.162452 1.37422 -0.528322 -1.02498 
-0.140033 -1.08043 1.10546 -0.515411 -0.624144 0.0203383 -0.468735 0.0175312 -0.988688 1.72075 0.0290521 0.0312705 0.39113 0.467002 0.207005 0.313305 0.797793 0.344286 -0.00561313 -0.867328 -1.69346 0.467034 0.150282 0.415546 0.957812 1.03503 0.948583 0.384388 -0.676903 0.143842 
-0.497767 0.670418 -0.689104 -0.907002 0.870611 -0.214938 -0.661332 -1.4948 -1.46149 -0.370556 -1.12521 -0.0919629 -0.862427 -0.706979 -2.16585 -1.82664 0.31272 -0.800089 0.250413 -1.1607 -0.71236 0.267776 -0.0975648 -0.790267 0.104195 -0.0343244 1.64157 0.699463 -0.306762 1.31711 
-0.25326 -0.253042 -0.605118 -0.778327 -0.416841 0.350346 -0.327753 -0.17247 -1.05253 -0.17284 -1.32744 0.839779 0.856204 -0.804525 1.07342 -0.0277092 -0.69603 -0.208049 0.239885 -0.0594319 -1.45583 0.224227 -1.00962 0.280592 1.49283 0.774141 1.1378 1.22541 0.695177 0.0708134 
0.348193 0.997839 0.260548 1.30559 -0.56291 -0.116928 -0.0806976 0.946997 2.06342 -0.690103 0.762185 -0.657393 1.1162 0.872166 -0.429779 -0.229458 1.02471 0.758798 0.584022 -0.062127 0.484863 -0.506667 0.900041 -0.876393 0.372636 -1.47657 -0.172814 -1.30171 -0.563368 1.49715 
0.258526 -1.01114 -1.12023 -1.40461 1.1968 0.605674 0.461521 -1.31606 0.736949 0.750927 0.306856 0.146025 -0.9731 0.995587 -1.03936 0.0346272 0.648994 0.0470715 -1.30053 0.154561 -0.25971 -1.06012 -1.87474 -1.11079 0.397039 -0.108861 -0.729561 -1.26816 1.78485 0.238091 
0.0633033 -0.733201 -0.102179 0.283509 -0.723704 0.351074 -0.418463 0.0929205 -0.926646 1.04875 -0.376324 0.545379 0.649508 -1.08412 -0.125897 -0.736554 1.45899 0.529878 1.02568 -1.48292 -1.95412 -1.18972 -0.143399 -0.202874 1.27808 -0.531259 1.29568 0.489208 -0.727823 0.370158 
0.420258 1.12804 -0.501227 0.193599 0.857379 -0.0999079 -0.0320707 0.170618 0.179754 -0.528221 0.711451 -0.268528 1.49573 -0.129314 -0.381081 -1.59945 -0.288528 -0.0641284 -0.40153 0.310677 0.255292 0.619446 -0.112432 0.313956 0.851087 -0.0967569 0.0284152 0.432596 -0.494208 -1.53308 
-0.47613 0.552163 0.370538 -0.0892149 0.483256 -0.0650907 -0.616509 -0.745913 -0.703948 0.71246 -0.869685 -0.435218 1.0945 -0.233512 -0.428351 -1.35564 0.717707 -0.996077 0.325885 -0.839562 0.0740038 0.248415 -0.114357 -1.08064 -0.987865 -0.0343441 0.860189 0.877826 0.239572 0.205655 
-1.48216 -1.37959 -0.950219 1.38081 0.20962 0.585637 0.286432 -0.103694 -0.58948 -0.607165 -1.25307 -1.70107 -0.804169 0.0402061 -0.795961 0.638042 0.522795 -0.00483544 -0.991241 -1.0434 -0.0830441 -0.599815 1.04859 0.340473 0.0816179 -0.329199 0.0367513 0.820803 0.0681706 -0.265972 
-1.03071 0.398652 -0.231464 -0.162324 0.724596 -0.381097 0.45217 -0.147611 -1.00289 0.740962 0.0345295 0.493496 -0.968601 0.893144 -0.200826 0.0683028 0.683909 -1.10427 0.566285 0.047175 -0.755109 1.01622 0.426949 0.212379 0.921889 0.277234 -0.754959 -0.919382 -0.845791 -0.666584 
0.79376 -0.716228 0.601439 0.0891282 -0.313948 -0.600522 0.838316 1.1829 0.958103 0.0485892 1.41979 0.0026926 0.368376 -0.360652 0.408109 0.462069 0.237523 1.2028 0.751098 1.26831 0.237714 -0.366075 0.728782 -0.70463 -0.474351 0.0117919 0.270186 -0.805898 -0.293176 1.26137 
1.33223 0.755882 -0.00763974 1.00206 0.0464035 0.356793 0.285706 -0.549175 0.180799 -1.23747 -0.492489 -0.192139 1.02258 0.547982 2.19386 0.0140367 -0.644667 0.24725 -0.175103 0.144567 0.230871 -0.198983 0.44489 -0.244983 1.17214 -0.24871 -1.57282 -0.382994 1.68082 1.42211 
-0.421426 -0.0609919 1.56864 0.516017 -0.382305 0.140061 0.466008 0.71173 1.70164 0.70551 0.457225 0.225073 -0.650014 0.217596 -0.00766125 -0.744168 -0.225273 1.5454 0.523571 1.50536 0.773641 -1.95582 -0.541919 -0.380271 -0.59486 0.262721 -0.869056 0.474485 -1.47604 1.68054 
1.03603 1.10565 0.37538 0.0897308 -0.674298 0.817799 -0.374809 -0.532251 0.980736 0.801842 0.0823292 0.540137 0.326056 0.902241 -0.567969 0.262497 0.139872 -0.149654 0.0805885 -0.933854 0.469927 -0.837327 0.791491 -0.0444905 0.932424 -0.277616 0.706434 -0.560093 0.301086 0.0585704 
-1.02671 -1.18914 0.141418 0.274239 -0.406784 0.0264728 -0.0118835 -0.586434 0.756535 -0.113017 -2.01255 -0.381735 0.51679 0.477089 1.11527 1.20342 1.19146 -1.05975 1.5721 0.0132171 0.424471 -0.520645 -1.03129 -0.0166869 -0.778758 0.302177 -1.56805 -0.169932 -1.52664 0.932114 
-1.11191 -0.93068 -1.14771 0.363616 0.936982 0.160091 0.572294 -0.0276956 -0.855878 -0.789692 -0.931972 -1.73043 -0.255021 -0.685404 -0.84673 0.0403912 -0.0550218 -0.0884088 -0.88878 -1.11523 -0.315022 -0.854909 0.693709 0.477438 0.438232 -0.0393645 0.50882 0.78594 0.558561 -0.232325 
1.24547 -0.720435 0.0108902 -1.56107 0.00972519 -1.36468 0.387394 -0.893496 0.678552 1.28904 0.641157 0.147151 -0.833289 -0.354209 0.429461 -1.15695 0.699211 0.7468 -0.300779 -0.20959 1.03791 0.814412 0.564741 -0.735008 -0.490583 1.09506 0.0424298 -1.33342 0.662089 -0.251602 
1.55844 0.903792 0.947878 -2.12429 -0.0255222 1.47346 0.180924 0.48555 -0.758272 -0.561471 -1.40669 1.77182 0.086396 -0.420155 -1.6919 -0.556971 0.119948 0.61671 -0.595163 -1.0951 0.561591 -0.382016 -0.193408 0.219664 0.763313 0.100853 -0.682316 0.137191 0.750194 -1.37383 
-0.279682 -0.431632 1.97712 -0.523857 -0.259272 0.35927 -0.122971 -1.00743 1.05239 -1.21331 -0.419184 -1.06797 -1.36177 -0.364704 0.112477 -0.483107 0.00271135 -1.50763 -1.08859 0.0375009 -0.676158 1.45288 0.31976 0.723548 0.0914329 0.214928 -1.26542 2.13824 -0.774827 0.135373 
0.0480315 -0.966047 0.78376 -0.464791 -1.81534 -1.52829 -0.00961945 0.565099 -0.70303 0.822565 -1.14098 0.355088 -0.0165859 -0.00994042 -0.592598 -0.467277 -0.304671 -0.832897 -0.134479 -1.24325 0.773973 0.663549 1.34564 -0.340586 1.51129 -0.427594 1.33436 -0.289815 0.959666 -0.624446 
-0.893242 -1.43334 -0.937372 0.964944 0.753275 0.494397 0.125814 0.434893 -0.390764 -0.378457 -1.16466 -1.50649 -0.59474 -0.470948 -0.432319 0.0699177 0.483232 -0.207724 -0.677979 -1.12887 -0.174758 -0.795177 0.484257 -0.0188691 0.254106 -0.107653 -0.319255 0.915774 0.840408 -0.0276002 
-0.643903 -0.211223 1.23068 -0.204145 0.00840316 0.355927 -0.0514146 -0.0294809 1.14686 -0.76341 -0.0971783 -1.55513 -1.67245 -0.414308 0.150962 -0.355068 -1.0649 -1.27068 -0.722496 -0.782881 0.0734849 1.3945 0.661162 0.296845 -0.0432217 0.413633 -1.33051 1.48589 -1.25693 -0.0629937 
1.78392 0.150107 0.0360097 1.97453 1.36222 -0.469751 0.812773 0.19029 1.61496 0.220592 -0.0359336 0.155073 1.12374 -0.318582 -1.73258 -0.748243 0.086532 -0.852694 -0.434362 -0.119934 -0.657382 0.744801 2.0876 0.0460809 0.0672645 -0.349261 -0.348404 -1.38113 -1.57591 0.667212 
-1.06996 1.26551 0.661171 0.236118 1.4249 -0.0386744 -0.377507 -0.445445 -0.750994 0.89493 -0.688684 0.097004 0.0715501 0.062796 -0.580681 -0.152768 0.173098 -1.34307 -0.30541 -1.04217 -0.375557 0.330509 0.595569 -0.520577 -1.0543 -0.00210278 0.328734 1.07224 0.49852 -0.0418765 
-1.36794 -0.306623 -0.863385 0.304898 0.377074 -0.0445979 1.0755 -0.241826 0.281475 0.754246 -0.881793 0.201051 -0.185553 0.0618604 -0.765798 0.432993 0.0483685 -0.754528 0.428507 1.08436 -0.189707 1.7363 1.9187 0.438433 0.629866 -0.647026 -1.47568 -0.646746 -1.26388 -1.06619 
0.0460115 -1.37188 0.349311 -0.81783 -1.30806 -1.87795 0.327405 0.57417 -0.322478 0.470369 -0.293895 0.49023 0.291455 0.688388 -0.488206 -0.0662314 -0.322371 -0.228384 -0.13923 -0.816495 0.844144 0.125546 1.02989 0.00128051 0.980316 0.0973671 1.60174 -0.103796 1.01585 0.158948 
-0.688869 -2.20218 1.07473 0.0167272 -0.0177725 1.78349 -1.04275 0.254201 0.521196 -1.03906 0.11042 -1.5646 -1.70831 1.16697 -0.610977 0.931713 -0.179409 -1.05986 -0.281479 1.29481 1.01769 1.72321 0.405639 0.315395 0.146083 0.186627 -1.95915 0.0500582 -0.289234 -1.55745 
-1.50966 0.0944352 -1.3285 0.643567 0.0412763 0.407342 0.436901 1.35846 -0.0633004 -1.24225 0.207951 -0.612612 0.114462 -0.331323 0.870176 -0.628423 -1.82233 0.0249875 -1.54232 -1.0768 -0.57579 -0.529018 -0.112439 0.382154 0.164445 -0.0928496 0.086395 0.380795 1.81864 1.16842 
-0.210763 -0.224166 0.5189 -0.125816 -1.03894 0.719265 -0.357112 -0.728941 0.297835 -0.484903 -0.742764 -1.37663 -0.904578 -0.455429 -0.376543 1.00967 -0.186558 -0.88755 -0.293607 0.747925 0.163669 0.00589534 0.345108 0.421451 -0.0222858 1.37005 -0.215025 1.26524 0.29833 -0.364495 
-0.961614 0.693473 0.685659 1.0565 0.74911 -0.534778 0.199425 0.768837 0.287474 0.18488 -0.955778 0.249696 -1.29921 -0.557043 0.652061 -0.0822752 -0.56722 0.380564 0.573957 -0.917562 0.914907 0.00343218 0.424963 0.267598 0.828047 -0.0534772 0.375821 1.39748 0.560264 -0.399788 
-1.16795 0.761181 0.598506 0.986599 0.771004 -0.331759 0.175111 1.30772 0.364243 0.910238 -0.961112 0.453405 -1.17179 -0.0435362 -0.171058 0.141814 -0.538346 0.17044 0.130587 -1.34908 1.36675 0.162864 0.378697 -0.170756 1.17849 -0.499709 0.617153 1.14068 1.00463 -0.0528514 
0.0481668 -0.357505 1.15178 -0.27124 -0.350814 1.04904 -0.487749 -0.554128 0.529522 0.069951 -0.535575 -1.16568 -0.395328 -0.323427 -0.123006 0.494875 -0.400144 -0.867478 -0.787392 0.386459 0.373181 0.736245 0.984226 0.441042 0.31888 0.939278 -0.781016 1.19865 -0.249754 -0.523832 
-1.7695 -0.854183 0.584809 -0.190115 -0.451713 -0.170247 -0.792465 -0.747109 -1.70361 0.811143 2.19511 -0.601155 -0.03767 -0.64366 0.421532 -0.926153 0.67934 1.21103 0.958399 -0.859305 0.424011 -1.63143 1.40786 0.436857 0.126953 1.16081 0.606563 -0.831706 0.518972 1.72959 
-0.0374868 1.11425 -0.61041 0.985627 -0.323406 1.3566 -0.508604 1.24825 0.817437 -0.687493 -1.04037 -0.218664 -0.597434 0.0987535 1.94981 1.44644 -0.321849 -0.0894499 0.462688 -0.583407 0.919874 0.479342 0.0944448 -0.292228 -0.460571 -0.246733 0.0583177 0.104914 -0.498494 -1.63842 
-0.0239512 -0.933558 0.61442 0.673051 -0.843848 1.28158 -0.140429 -0.217623 0.842592 -0.320701 -0.0936067 -0.93889 -0.184052 0.265503 -1.02377 0.136235 -0.752836 -1.2938 -0.163621 0.9561 -0.0543051 1.58286 1.48786 -0.162139 0.564075 1.24019 -0.574241 1.3591 0.797096 -0.175088 
-0.286068 -0.391746 1.84091 0.406724 -0.315433 0.315619 0.0118064 0.0436166 0.313035 -1.19586 -0.662781 -1.38787 -1.92909 -0.318679 -0.283802 -0.838679 0.00149269 -1.99781 -0.959038 0.295762 0.168949 1.5162 0.727642 1.25847 0.165736 -0.544441 -1.1941 2.41053 -0.567676 0.853812 
-0.673432 1.21523 -0.648488 1.22277 0.459397 1.09299 -0.318614 1.35783 0.0807059 0.0596457 0.155347 -1.25573 -1.37251 0.62416 1.48075 1.78014 -0.00592964 0.0375984 0.35408 -1.2463 0.553931 0.546584 0.317418 0.12838 -0.426534 -0.498602 0.312225 0.0335218 -0.533185 -1.38784 
-0.341954 -0.626155 0.648307 -0.0157743 -0.596832 1.04097 -0.265807 0.107796 0.934211 -0.252314 -0.214818 -1.21533 -0.13993 -0.479487 -0.576848 -0.0744893 -0.315247 -0.906333 -0.704051 1.11192 0.0669061 0.933378 0.574246 -0.300766 0.785255 1.22108 -0.782226 1.79308 0.61001 0.0825841 
1.20754 -0.446936 -0.581158 -0.0801217 0.00419283 0.203161 -0.861024 0.0901665 1.01052 0.671052 0.0994287 2.05691 -0.561291 1.43304 -0.602087 -0.566997 -0.0374071 0.114937 0.0764772 -0.594623 0.849583 0.192276 -0.748522 -1.02216 -0.238484 -0.242321 0.669505 -0.960363 0.155671 -0.186131 
1.02242 -0.151325 0.510949 -1.27946 0.282807 -0.281777 -0.830663 -1.14114 0.161827 -1.04157 -0.0100945 1.19883 1.52967 -0.278043 -0.624531 2.11774 -0.514347 -0.901233 0.049248 -0.00191427 1.40711 2.14022 -0.940134 0.0988229 0.139493 0.409013 -0.474442 -0.163076 -0.676681 -0.510923 
-0.822085 0.870301 0.285707 1.084 -0.155628 1.50065 -0.430989 1.34477 0.822096 0.0705024 -0.116284 -0.419239 -0.730872 0.0242076 2.01163 1.87443 0.205083 -0.345287 0.150492 -0.902836 0.319829 0.403906 0.0985251 -0.357744 0.0114903 -0.848118 -0.0646524 -0.476656 -0.811624 -1.87795 
-0.845631 -1.76427 1.29273 -0.415733 -0.154343 1.3261 -0.669185 0.358283 0.43729 -1.06302 0.20132 -1.5481 -1.84773 0.589873 -0.272957 0.245766 0.308237 -1.27499 0.114122 1.05835 0.496987 1.92227 0.048639 0.0938254 0.260796 -0.143471 -1.44253 0.0980469 -0.0316355 -1.44504 
-2.15522 -1.25421 0.730387 -0.306867 -0.589146 -0.102326 -0.543547 -1.16551 -1.7969 0.0409978 1.50177 -0.0758294 0.26779 -0.217717 0.46323 -0.331571 0.850955 1.70211 0.937941 -0.631524 -0.248583 -1.07519 0.341023 0.432255 -0.54664 0.93347 0.603135 -0.815365 0.496616 1.2809 
-2.06658 -0.938736 0.62584 -0.278088 -0.217498 -0.21143 -0.236537 -0.985851 -1.66248 0.56353 1.17491 -0.157678 0.0906658 -0.0303596 1.04671 -0.39566 0.570995 1.22983 0.807181 -0.719182 0.0390323 -1.0117 0.766129 -0.0400202 -0.39403 0.78414 0.660074 -0.516184 0.52491 1.14861 
-0.56073 0.500646 0.334269 1.06328 0.068459 1.38747 -0.291971 1.07407 1.23042 -0.287474 -0.920959 -0.752862 -0.952599 -0.107954 1.69326 1.59585 -0.245557 -0.571667 0.0372512 -0.674126 0.834748 0.630709 0.0520513 0.0539824 -0.787489 -0.278731 0.0360189 -0.226129 -0.603508 -1.45156 
0.613105 -1.84151 -1.29801 -1.56881 1.14255 -0.622398 -0.14344 -0.102772 -0.323339 -0.651206 0.81497 -0.607553 -0.18413 0.453715 1.27732 -0.575887 -0.269896 0.0545563 -0.00582661 -0.0407605 1.15203 0.660857 0.578649 0.554509 -0.524201 0.00744211 -1.20124 -0.341306 0.279108 -0.518986 
-0.824525 -1.18792 1.47871 -0.605103 0.180421 1.03078 -0.491541 -0.0602994 0.435347 -0.615302 -0.1567 -1.70254 -1.40393 0.785475 -0.327062 0.12412 -0.0477989 -1.12031 0.37277 0.695896 0.157583 1.44125 -0.0240028 0.118299 0.548624 0.0829971 -1.07619 -0.00565538 0.243021 -1.06462 
0.513288 -1.80164 -0.366382 0.155467 -1.1267 0.544373 -0.42205 0.473126 1.38958 0.273716 0.424542 -0.859775 -0.408698 -0.457193 -1.53289 0.973496 1.11735 0.251435 -0.369458 0.181677 -0.801854 1.24214 -0.125349 -0.127615 0.935258 0.867386 -0.909347 -1.21619 -0.763978 -0.274246 
-0.117951 -0.711046 1.63563 0.484367 -0.495655 0.00769196 0.519651 -0.752341 0.99211 -1.09709 -0.302549 -1.22332 -1.6596 -0.251383 -0.445531 -0.387396 -0.224475 -1.82281 -1.14525 0.0289491 -0.376567 1.74002 0.570787 1.32622 0.0235205 -0.1668 -0.901086 2.05321 -0.684295 0.326066 
0.0237073 -0.50917 1.46469 0.495428 -0.67375 -0.0149142 0.431954 -0.564528 0.960264 -0.976176 -0.397327 -1.0274 -1.55262 -0.189812 -0.343595 -0.2386 -0.290423 -1.82377 -1.22112 -0.138333 -0.38499 1.81352 0.477417 1.08961 -0.119064 -0.174957 -1.13647 2.22745 -0.582178 0.196408 
-0.256904 -0.745553 1.43146 0.352828 -0.301799 0.0519262 0.44439 -0.638619 1.04457 -0.866506 -0.458879 -1.43925 -1.84827 -0.404064 -0.502935 -0.269814 -0.424527 -1.59467 -1.24209 -0.0186759 -0.285376 1.57179 0.639708 1.10924 0.015088 -0.291521 -0.921201 1.87276 -0.788092 0.290962 
-1.25999 0.934956 0.471316 0.721984 0.714605 -0.472887 -0.140291 0.895103 0.327365 0.44599 -0.677861 0.135572 -1.25187 -0.547454 0.0990232 -0.303286 -0.890274 0.032637 0.325335 -1.07791 1.0623 0.399653 0.373229 0.0426472 1.16445 -0.253613 0.479587 0.955304 0.566034 -0.110121 
-1.16308 0.824732 0.246904 0.671612 0.59278 -0.689811 -0.308328 1.14019 0.0979648 0.598365 -0.730795 0.0954286 -1.19093 -0.775418 0.0136307 -0.294016 -0.71207 0.0782573 0.185044 -1.015 1.0019 0.584992 0.260331 -0.0704377 1.22113 -0.154156 0.307284 1.05277 0.544228 -0.151298 
-1.39277 1.06829 0.58739 0.791276 0.827735 -0.523344 -0.242365 0.734953 0.567446 0.442566 -0.650308 -0.103769 -1.41973 -0.684098 0.135294 -0.0777211 -0.749081 -0.0331956 0.27306 -0.892612 1.04602 0.391836 0.275205 0.0670965 1.34051 -0.214612 0.242691 1.00239 0.387543 -0.203844 
-0.165982 -0.492368 1.85304 0.279786 -0.308008 0.327033 0.263657 -0.476493 0.766294 -1.02059 -0.453965 -1.01235 -1.65663 -0.397035 -0.143643 -0.609444 -0.483025 -2.08433 -0.82899 0.127288 -0.0643141 1.73871 0.46153 1.05997 0.0308334 -0.298994 -0.872539 2.38231 -0.654776 0.657499 
-0.115466 -0.320584 1.94876 0.101365 -0.369737 0.270011 0.117443 -0.643645 0.740534 -0.951899 -0.370628 -1.2446 -1.44188 -0.462062 -0.258629 -0.514462 -0.525425 -2.06968 -0.941439 0.0106458 -0.294661 1.87274 0.481098 1.0653 0.245137 -0.118833 -0.663057 2.57372 -0.472939 0.580213 
-0.104936 -0.598258 1.82349 0.300854 -0.452186 0.243848 0.0948468 -0.700441 0.706279 -1.19752 -0.465829 -1.15657 -1.70825 -0.324866 0.0341424 -0.547704 -0.54055 -2.0928 -0.680792 0.287641 -0.0482593 1.56273 0.260768 1.24131 -0.160975 -0.424296 -0.879935 2.34804 -0.768615 0.668819 
-1.22488 -1.15891 -0.932332 1.18627 0.628931 0.373671 0.0575654 0.349678 -0.438746 -0.513956 -1.24124 -1.55427 -0.46303 -0.139927 -0.470302 0.332572 0.230557 0.142966 -0.628971 -0.966433 -0.0900111 -0.614031 0.862225 0.369469 0.121567 0.0441632 -0.197001 0.707187 0.380436 -0.0467525 
-1.11266 -1.25913 -1.09061 1.25345 0.500161 0.260607 0.170142 0.564167 -0.512281 -0.267425 -1.0908 -1.38058 -0.645945 0.0345929 -0.668795 0.445806 0.38082 0.113553 -0.662622 -0.770145 0.0230994 -0.617239 1.00178 0.271011 0.361128 -0.00266984 -0.00458381 0.946264 0.154612 -0.295948 
-1.47113 -1.3959 -1.11724 0.998309 0.706199 0.256976 -0.109349 0.542919 -0.350663 -0.500673 -1.09693 -1.60399 -0.51591 -0.161895 -0.476963 0.342257 0.045819 -0.0894273 -0.679242 -1.20958 0.096653 -0.813658 1.00684 0.270425 0.364241 0.204718 -0.208064 0.474531 0.412082 -0.156492 
-0.452089 -2.09502 1.4676 -0.0585699 0.353305 1.36398 -1.09831 0.452819 0.323821 -0.621211 0.397713 -1.59983 -1.79957 0.454949 -0.159804 0.25894 0.341813 -1.37499 0.105457 1.14834 0.731082 1.4813 0.0449718 -0.0602482 0.124412 0.122295 -1.58435 0.392658 0.0562004 -1.7079 
-0.700152 -1.89529 1.62984 0.130105 0.380863 1.40107 -1.09175 0.494036 0.516462 -0.530828 0.392196 -1.7976 -1.93598 0.254014 -0.288191 0.236007 0.512811 -1.19986 0.168573 1.11764 0.795723 1.60327 -0.178283 -0.0443536 0.192439 -0.0519245 -1.47006 0.176058 -0.0295579 -1.94253 
-0.226218 -1.86653 1.34529 -0.252712 0.144456 1.26564 -1.11401 0.420608 0.242559 -0.82059 0.574295 -1.35042 -1.84036 0.348569 -0.0965871 0.117477 0.107992 -1.2978 -0.140016 1.0611 0.846501 1.39094 0.0638443 0.180151 -0.0662137 0.184259 -1.75776 0.164049 0.294266 -1.85974 
-0.36766 0.927105 -0.135501 0.765133 -0.0253771 1.23766 -0.598173 0.962265 0.739214 -0.296679 -0.859663 -0.557159 -0.871798 0.0855233 1.6704 1.37937 0.0912309 -0.0828424 0.206975 -0.836988 0.691959 0.303613 0.445417 -0.0936793 -0.411498 -0.373257 0.136803 -0.169373 -0.426179 -1.8497 
-0.232684 0.771191 -0.361497 0.576263 -0.068974 1.17683 -0.558165 1.1521 0.796092 -0.425858 -0.929706 -0.802008 -0.624787 0.126616 1.81162 1.5534 0.284831 -0.0615019 0.123271 -1.06829 0.711526 0.10735 0.49779 -0.0202554 -0.535353 -0.366648 0.298654 0.0423624 -0.304071 -2.0974 
-0.364785 0.802112 -0.225135 0.548852 0.122328 1.25066 -0.6681 0.992331 0.936756 -0.184146 -0.800228 -0.800262 -0.965513 -0.0436679 1.51709 1.47556 -0.0173469 -0.330076 0.439263 -0.976808 0.481257 0.509268 0.66032 0.0137144 -0.495457 -0.19486 0.257945 -0.0113188 -0.441813 -1.96852 
-1.52926 -1.63384 -1.50022 1.1696 0.559223 0.644065 -0.298767 0.0644173 -0.504651 -0.975491 -0.631812 -1.16394 -0.257212 0.234299 -0.340125 -0.059275 -0.0322486 0.595462 -0.548364 -0.697102 -0.264141 -0.629109 0.456513 0.425453 0.502231 0.264849 -0.343202 0.129795 0.680507 -0.456167 
-1.29071 -1.79722 -1.695 1.34946 0.411698 0.884555 -0.540649 0.258576 -0.443439 -0.777736 -0.45102 -1.36655 -0.317341 0.361251 -0.202886 -0.0570652 0.189116 0.829325 -0.656714 -0.550055 -0.0289148 -0.871878 0.232646 0.640876 0.572064 0.100108 -0.284059 -0.112531 0.771624 -0.491183 
-1.60428 -1.41273 -1.64648 1.11297 0.515811 0.396377 -0.116014 -0.0998086 -0.701678 -0.954139 -0.860493 -0.986663 -0.0874208 0.108014 -0.484589 0.128027 -0.0972097 0.589992 -0.604903 -0.749613 -0.41157 -0.445984 0.540528 0.63505 0.293507 0.405732 -0.239695 0.0494195 0.834383 -0.64121 
-0.546891 -0.853927 0.570395 0.326162 -0.796485 1.17255 -0.422049 -0.274532 1.05447 -0.322633 -0.0297984 -1.13956 -0.335326 -0.146264 -0.766107 -0.130831 -0.690623 -1.12953 -0.36984 1.1053 0.105034 1.22127 1.08714 -0.200309 0.269237 1.448 -0.810045 1.39852 0.416288 -0.340137 
-0.549888 -0.788201 0.419702 0.460511 -0.881258 1.28762 -0.375096 -0.487349 0.947248 -0.513675 -0.0146726 -1.09908 -0.187921 -0.165833 -0.838994 -0.347393 -0.755032 -0.973659 -0.428286 1.32205 0.0990219 1.46332 0.97551 -0.433067 0.265295 1.53483 -0.894146 1.63833 0.384685 -0.19492 
-0.312491 -0.77027 0.673783 0.218355 -0.779678 1.30012 -0.391872 -0.260016 1.22651 -0.347693 0.0457112 -1.08357 -0.352251 -0.237644 -0.891649 -0.264274 -0.707836 -1.17057 -0.287661 1.23215 -0.0760056 1.32706 1.27053 -0.222281 0.186359 1.34635 -0.759528 1.38649 0.463979 -0.152667 
-1.06256 -0.23462 -0.60476 -0.042802 -1.17182 -0.799594 -0.545418 -1.17257 0.39901 -1.05721 0.566691 0.363291 -0.722396 0.417052 0.645941 0.660577 1.2955 0.569937 -0.363517 -1.72794 0.205406 0.372509 -0.330638 -1.09124 0.742997 0.442372 0.83617 -0.926245 -0.266999 0.172874 
-1.14049 -0.166914 -0.673156 -0.0213932 -1.14491 -0.74044 -0.639426 -1.0582 0.163147 -1.1774 0.466533 0.218514 -0.706522 0.18185 0.684962 0.856068 1.49876 0.404005 -0.33072 -1.56407 0.388435 0.435908 -0.232005 -0.953394 0.638352 0.570968 0.746644 -0.829001 -0.0274571 0.347749 
-1.22527 -0.0457478 -0.853744 -0.200075 -1.16342 -0.63061 -0.326146 -0.991996 0.157094 -0.905966 0.74576 0.27947 -0.926532 0.254434 0.621157 0.845668 1.35997 0.676299 -0.518123 -1.66737 -0.033641 0.240769 -0.519726 -1.21132 0.604276 0.299589 0.743781 -0.763327 -0.095772 0.384222 
0.021401 -0.853319 0.389086 -0.263134 -1.47223 -1.53951 0.193318 0.383285 -0.0530165 1.26786 -0.762914 -0.0291435 -0.0455992 0.318947 -0.546012 0.0320342 -0.590756 -0.575636 0.00681463 -1.09151 1.01593 0.842621 0.892138 -0.830192 0.983667 -0.266079 1.6771 -0.381934 1.02303 -0.0128811 
-0.0250049 -0.604409 0.517866 -0.450906 -1.32836 -1.49722 0.101235 0.478249 -0.111841 1.2587 -0.563615 0.00705814 0.173701 0.415783 -0.578309 0.272633 -0.367879 -0.397489 -0.0392492 -1.30157 0.782203 1.02401 0.75898 -0.819512 1.07972 -0.359642 1.56503 -0.372061 0.922937 0.0873537 
0.0108052 -1.0331 0.43589 -0.476315 -1.2793 -1.40659 0.195664 0.395963 0.0285891 1.08825 -0.939522 -0.262985 -0.2247 0.156495 -0.559679 -0.0669069 -0.520068 -0.535281 -0.059346 -1.16581 1.07584 0.59856 0.920074 -1.00373 1.21434 -0.0341426 1.79478 -0.318001 0.946712 0.217002 
