-1.07136 0.561097 0.514332 1.11834 0.56677 -0.500735 0.0022766 0.904071 0.400779 0.153531 -0.777214 0.166452 -1.20218 -0.410808 0.682764 -0.202003 -0.447865 0.531543 0.45947 -0.878851 0.817468 0.00827086 0.48089 0.459565 0.926272 -0.00425994 0.234314 1.41312 0.577779 -0.408647 
-1.04813 -0.94666 -0.959124 0.503667 0.810988 0.201408 0.757201 -0.130957 -0.913306 -0.664057 -0.943298 -1.58321 -0.366673 -0.573214 -1.02956 0.084125 0.0233257 0.0930037 -0.709148 -0.976542 -0.481103 -1.03937 0.748925 0.502331 0.624326 -0.155162 0.566604 0.935696 0.485073 -0.267337 
-1.20266 1.14086 0.763836 0.794308 0.793587 -0.573801 -0.108093 0.692093 0.593167 0.56744 -0.628581 -0.287769 -1.58894 -0.560261 0.315028 0.0664144 -0.558624 0.0500668 0.374641 -0.755538 1.19999 0.407259 0.32416 -0.0789518 1.51246 -0.316962 0.423737 1.1843 0.485736 -0.18677 
-0.399201 -0.700891 0.583414 -0.185226 -0.620198 1.01224 -0.300053 0.284094 0.896447 -0.175557 -0.285413 -1.21668 0.0505985 -0.602756 -0.546582 -0.242633 -0.275453 -0.831985 -0.826196 1.09537 0.0993531 0.776298 0.417259 -0.154015 0.803356 1.27208 -0.718325 1.96689 0.744767 0.167394 
-1.0601 1.01196 0.446678 0.730333 0.557475 -0.700923 -0.112912 0.987095 0.252716 0.593012 -0.678152 0.167712 -1.25801 -0.578907 -0.17877 -0.122052 -0.592952 0.0657422 0.180336 -1.09527 0.991104 0.530981 0.368862 -0.22211 1.27215 0.0313187 0.271941 1.08878 0.489863 -0.057971 
0.772277 -0.785109 0.597577 0.268958 -0.214871 -0.469019 0.768603 1.25563 0.973166 -0.148023 1.54794 0.140734 0.350006 -0.430091 0.570574 0.598751 0.21733 1.28819 0.882932 1.3314 0.423931 -0.475266 0.537475 -0.812699 -0.318851 -0.143409 0.201863 -0.925783 -0.431795 1.09619 
-0.0611735 -0.931299 0.832239 -0.573864 -1.96856 -1.37745 -0.00130065 0.621544 -0.711575 0.920023 -1.31309 0.551226 -0.161556 0.10468 -0.494684 -0.519025 -0.323605 -0.687788 0.00203162 -1.0836 0.814215 0.675666 1.25526 -0.262666 1.69003 -0.443682 1.29298 -0.316208 1.1177 -0.815478 
0.119139 -1.50681 0.514579 -0.918765 -1.44492 -1.75493 0.229249 0.688313 -0.353156 0.560962 -0.313397 0.563986 0.407454 0.496475 -0.52809 -0.162935 -0.405461 -0.276238 -0.0630889 -0.725652 0.877549 0.274849 0.923975 0.0264037 1.0847 0.165069 1.63484 0.084232 1.21038 0.321514 
-0.75036 -2.38337 1.1319 -0.00840594 -0.202855 1.66502 -0.991122 0.266875 0.41693 -0.997543 0.0389851 -1.64061 -1.54238 1.14707 -0.7774 0.985467 -0.134622 -0.89526 -0.202461 1.36258 1.13067 1.56574 0.354773 0.142711 0.0450031 0.352516 -1.93299 0.157324 -0.414427 -1.44837 
0.704063 -1.67305 -1.16428 -1.49342 1.20476 -0.764764 -0.321688 0.0249996 -0.272998 -0.820928 0.883237 -0.750067 -0.0366153 0.652998 1.38952 -0.73611 -0.176942 0.090502 0.144009 -0.147671 1.13812 0.49492 0.678618 0.692022 -0.508789 0.141208 -1.29869 -0.272138 0.111041 -0.35232 
-1.23622 -0.359292 -0.802491 0.275999 0.520344 -0.161432 0.941349 -0.328738 0.466042 0.828264 -0.90687 0.0310984 -0.0338404 -0.011126 -0.655219 0.378192 0.240491 -0.908544 0.566505 1.17379 -0.00905586 1.76631 1.99146 0.544467 0.44611 -0.795382 -1.63085 -0.604414 -1.14107 -1.15433 
-0.828493 2.07589 -0.574581 0.821702 -0.437779 -0.406792 0.296451 -0.0339744 0.156908 0.257986 -0.416297 -0.217121 1.36339 -1.2904 0.908341 -0.598356 0.833604 0.253344 0.307936 0.585332 1.84659 -0.259181 -0.106618 1.22766 -0.468965 -1.70644 -1.26851 -0.108716 -0.717467 0.187236 
0.343499 1.26903 -0.559618 0.276677 0.90215 -0.217096 0.0030905 0.277107 -0.0119258 -0.409229 0.587982 -0.440788 1.33375 0.0143225 -0.361829 -1.69625 -0.158845 -0.1955 -0.450125 0.494515 0.261296 0.570371 0.0613693 0.139493 0.807341 -0.0303819 0.108142 0.336609 -0.297742 -1.4737 
-1.405 0.0253299 -1.21891 0.558114 -0.0788267 0.265088 0.277792 1.32492 -0.132847 -1.3557 0.199422 -0.571268 0.255639 -0.342449 0.890074 -0.609191 -1.65847 -0.0900418 -1.45541 -1.23913 -0.422912 -0.378282 0.0861311 0.26383 0.363938 -0.285013 -0.0631182 0.543433 1.76885 1.11888 
-1.12938 0.580135 -0.0475606 -0.268476 0.624387 -0.574872 0.297842 -0.238025 -0.910305 0.549086 0.0818545 0.321401 -1.06822 1.082 -0.286152 -0.0237731 0.751867 -1.24019 0.678153 0.193698 -0.769441 1.12286 0.32923 0.245121 0.824387 0.220607 -0.871578 -0.922001 -0.96836 -0.835126 
0.0241435 -0.887576 1.1182 -0.643021 -0.435113 -0.169387 -0.508697 0.0975383 -1.11914 1.85284 -0.166749 -0.00455379 0.406254 0.611422 0.0335158 0.338705 0.600334 0.27069 -0.0714175 -0.730678 -1.77376 0.527768 -0.0181371 0.30774 1.01093 1.03211 0.981491 0.389488 -0.65147 0.0781732 
-1.08585 -1.24263 -0.912031 0.81846 0.946817 0.658442 0.0541052 0.470995 -0.442457 -0.309738 -0.98535 -1.61722 -0.721385 -0.594453 -0.545332 0.00322865 0.328051 -0.104006 -0.699812 -1.13769 -0.348176 -0.971239 0.383467 -0.114193 0.0758433 -0.231397 -0.343097 0.985384 0.964366 -0.136583 
-0.50538 0.514782 0.181026 -0.165992 0.519701 -0.0700774 -0.5085 -0.835454 -0.703156 0.823431 -0.940137 -0.58282 0.925638 -0.097025 -0.392091 -1.2701 0.568501 -0.8182 0.466628 -0.64084 -0.0764566 0.100967 -0.093904 -1.09166 -0.853 0.138164 0.901247 0.985402 0.247681 0.152478 
-0.558907 1.13771 -0.552729 1.29408 0.499308 1.14795 -0.510722 1.55513 0.241608 0.254557 0.13314 -1.1697 -1.25239 0.589252 1.4063 1.78047 0.0809157 0.145248 0.259291 -1.43893 0.552341 0.72678 0.356291 0.144072 -0.409362 -0.575018 0.463234 -0.00552839 -0.676046 -1.46768 
-0.0976954 -0.334607 2.04121 -0.438319 -0.353717 0.2473 0.0146798 -1.04582 1.04741 -1.14422 -0.388116 -1.19882 -1.48872 -0.332136 0.262336 -0.332148 0.185864 -1.33506 -1.13173 -0.0830911 -0.546919 1.44122 0.144713 0.867537 0.284795 0.0507115 -1.41646 2.32809 -0.818033 0.0725056 
1.36325 0.836744 0.0295527 0.999815 0.144992 0.437278 0.259768 -0.627891 0.11942 -1.42315 -0.437665 -0.112308 0.89725 0.3793 2.32997 -0.0421241 -0.616011 0.225489 -0.338091 0.305307 0.144222 -0.175831 0.435805 -0.0536858 1.25401 -0.225737 -1.7345 -0.581557 1.79199 1.36272 
-0.400761 -0.184411 0.564275 0.043637 -1.1653 0.646266 -0.311366 -0.878899 0.289048 -0.292489 -0.902243 -1.32836 -0.805363 -0.313584 -0.426215 1.17813 -0.091355 -1.07368 -0.328975 0.576823 0.178077 -0.131817 0.413193 0.401798 -0.195242 1.21552 -0.222819 1.14192 0.303162 -0.231158 
0.24307 -0.363153 1.24762 -0.243327 -0.356962 0.920735 -0.562623 -0.684676 0.390335 0.0764995 -0.389974 -1.04469 -0.566487 -0.447547 -0.227006 0.6202 -0.346684 -0.718684 -0.823331 0.510483 0.416849 0.807274 1.03058 0.504282 0.251979 1.01242 -0.689935 1.17651 -0.250842 -0.498397 
-1.67331 -1.32649 -0.758841 1.57434 0.313594 0.526853 0.261415 -0.0306269 -0.66374 -0.466221 -1.44817 -1.86755 -0.810778 -0.0320368 -0.655392 0.712006 0.468484 -0.0698362 -1.01048 -0.85415 -0.0863561 -0.499029 0.854928 0.412429 0.00380471 -0.354646 0.0434125 0.864046 0.0300103 -0.458298 
-1.22745 -0.209001 -0.747133 -0.036903 -1.20276 -0.703479 -0.210307 -1.13104 0.187087 -0.805993 0.905265 0.271435 -0.753882 0.377723 0.715286 0.659055 1.43428 0.690563 -0.680668 -1.5678 -0.141297 0.336787 -0.51106 -1.01927 0.768071 0.283512 0.93538 -0.687313 -0.203961 0.213916 
-0.211621 -0.94533 1.39267 0.444751 -0.261274 0.196618 0.594229 -0.622255 1.01338 -1.01629 -0.359098 -1.4362 -1.82869 -0.206886 -0.542333 -0.226502 -0.359095 -1.58062 -1.1803 -0.0512151 -0.43367 1.61651 0.708134 1.052 -0.01235 -0.142492 -0.963852 1.93625 -0.95212 0.278022 
-0.445614 -0.761744 0.545343 0.0302808 -0.944226 1.37727 -0.505735 -0.232303 1.23369 -0.176646 0.0644943 -1.23387 -0.335713 -0.35048 -0.725431 -0.278865 -0.830502 -1.17223 -0.309806 1.33069 0.0605421 1.34325 1.23255 -0.217246 0.35185 1.29809 -0.835506 1.44424 0.270386 -0.283338 
-0.988847 0.597507 0.435795 0.992481 0.724786 -0.325827 0.0967863 1.2266 0.460112 0.75475 -0.998853 0.290531 -1.30911 -0.0475396 -0.26049 0.0599944 -0.476424 0.0157509 0.263348 -1.36067 1.38223 0.267749 0.402774 -0.106101 1.19747 -0.343068 0.547994 1.25783 1.05619 -0.200369 
0.108835 -0.658219 0.401881 -0.299142 -1.40747 -1.30696 0.252868 0.524393 0.0103906 1.15843 -0.484572 -0.0628272 0.233197 0.457677 -0.74611 0.15199 -0.428149 -0.39034 -0.0865392 -1.10422 0.728099 0.918803 0.571659 -0.906835 1.2193 -0.203089 1.70449 -0.420983 1.06 0.103104 
-1.75385 -1.25613 -1.5 1.25704 0.547279 0.342036 -0.0149472 0.0083926 -0.547748 -0.844904 -0.920065 -1.0782 -0.0891606 0.0668432 -0.323462 0.1766 -0.0539878 0.454643 -0.483272 -0.815019 -0.557873 -0.279232 0.6957 0.663646 0.225651 0.395821 -0.379697 -0.0794327 0.880986 -0.785291 
1.10479 -0.240985 0.478275 -1.08685 0.152029 -0.464005 -0.986014 -1.31121 0.141487 -1.1317 0.187082 1.3465 1.54631 -0.203123 -0.660097 2.25623 -0.56813 -0.950447 0.0791487 0.0937942 1.55286 1.97236 -1.06092 0.123262 0.0997116 0.5323 -0.411116 -0.0811956 -0.800004 -0.517965 
-0.0774594 -0.61775 1.49864 0.417619 -0.808371 -0.0368079 0.401583 -0.611264 1.12102 -1.15158 -0.481101 -1.15056 -1.70944 -0.160603 -0.363129 -0.279178 -0.147399 -1.91582 -1.13383 -0.0247033 -0.541081 1.92828 0.43382 1.13241 -0.0345324 -0.0176645 -1.30974 2.23551 -0.641146 0.218009 
-1.30591 -0.328104 -0.511439 0.000676488 -1.30168 -0.675984 -0.738514 -1.13281 0.237479 -1.29643 0.357279 0.280115 -0.685491 0.322611 0.610185 0.896906 1.58876 0.285686 -0.352619 -1.74611 0.409858 0.265571 -0.182074 -1.03062 0.808858 0.691174 0.812808 -0.632987 -0.150887 0.48094 
-2.00264 -1.15905 0.696484 -0.288042 -0.739598 -0.136128 -0.415784 -1.19509 -1.67591 -0.0752366 1.38018 0.0134814 0.378078 -0.173806 0.561331 -0.161738 0.976022 1.82425 0.990572 -0.669554 -0.0844452 -0.930666 0.529565 0.307635 -0.3493 1.12046 0.442489 -0.997537 0.4448 1.15478 
-1.37615 0.831021 0.608743 0.719863 0.584345 -0.453685 -0.0191605 0.814985 0.344752 0.306022 -0.624476 -0.0449486 -1.39528 -0.464469 0.0854844 -0.436036 -0.922331 0.137969 0.141174 -1.17396 1.18209 0.206101 0.538953 0.113604 1.01983 -0.402267 0.506633 0.82534 0.39777 -0.307626 
-0.709107 -1.05218 1.44561 -0.684449 0.00803355 1.10565 -0.652125 0.0946763 0.327397 -0.676629 0.00690817 -1.5868 -1.58675 0.598066 -0.203821 -0.0251215 0.10554 -1.1175 0.17735 0.873255 0.0413796 1.38957 -0.111679 0.271697 0.621797 0.149479 -1.03946 0.135771 0.311641 -0.903002 
-0.057596 -0.52536 2.03479 0.166528 -0.311075 0.31471 0.40919 -0.586866 0.931739 -1.12227 -0.552703 -1.14684 -1.46623 -0.467694 -0.0588162 -0.55808 -0.6553 -2.15213 -0.642259 0.0799606 -0.0436212 1.76384 0.355746 1.05157 -0.108025 -0.146455 -0.721151 2.21221 -0.75184 0.746911 
-0.156399 -0.337074 1.93185 0.216786 -0.469414 0.18014 0.203836 -0.803059 0.614146 -0.821691 -0.373626 -1.36614 -1.42683 -0.644628 -0.315172 -0.537775 -0.51944 -1.99245 -0.764887 -0.0558516 -0.0976684 1.78475 0.406576 1.14805 0.175274 -0.247192 -0.67737 2.7596 -0.461431 0.500107 
0.149239 -0.918069 0.575524 -0.668862 -1.38228 -1.28545 0.295707 0.306421 -0.0788914 1.24909 -0.917254 -0.220236 -0.34376 0.0325728 -0.651657 -0.22458 -0.327162 -0.507712 0.0704558 -1.27641 1.05972 0.44575 1.10951 -1.02694 1.21453 0.0317106 1.88586 -0.40776 1.08078 0.0364949 
-1.92841 -1.09516 0.773568 -0.0784595 -0.223775 -0.317682 -0.18515 -0.976437 -1.72624 0.426509 1.15563 -0.158759 -0.108563 -0.0151463 0.895125 -0.43217 0.471938 1.06445 0.96994 -0.842202 -0.0816267 -1.04096 0.646845 0.0049423 -0.311776 0.748518 0.804383 -0.662414 0.494247 1.00019 
-0.812455 -1.9351 1.13818 -0.490749 -0.030364 1.49643 -0.615113 0.307539 0.254799 -1.18477 0.101909 -1.67178 -1.87979 0.576548 -0.122853 0.341708 0.455696 -1.34272 0.29466 1.13974 0.361137 2.08867 0.209741 0.0166556 0.423619 -0.297232 -1.38451 0.0590263 -0.227692 -1.43936 
-0.743728 1.06336 0.458133 1.13735 -0.169833 1.33503 -0.296549 1.25166 0.937416 -0.114382 -0.0738805 -0.526034 -0.891822 0.0446713 1.85055 1.72282 0.396286 -0.322035 0.12157 -0.891094 0.446266 0.278344 0.291116 -0.479317 0.0727913 -0.857617 -0.176344 -0.340539 -0.935548 -1.95237 
1.22588 -0.279537 -0.46387 0.090094 -0.0177396 0.0810848 -1.05954 0.126179 1.05055 0.838702 -0.024965 2.24298 -0.471552 1.2665 -0.431582 -0.755994 -0.0927937 0.201046 0.21149 -0.626257 0.906795 0.206151 -0.94848 -1.01897 -0.135012 -0.116398 0.852073 -1.0921 0.114461 -0.142954 
-1.16056 -1.23006 -0.968674 1.14436 0.549695 0.216725 0.186705 0.323471 -0.28391 -0.675377 -1.04697 -1.49604 -0.311507 -0.213961 -0.413292 0.508661 0.233511 0.0719251 -0.706389 -0.971393 -0.266235 -0.490337 0.926513 0.213156 0.026409 0.13217 -0.00446061 0.821962 0.537459 0.0368702 
-0.560466 -2.02665 1.81148 0.119919 0.198161 1.53074 -1.12459 0.548174 0.4277 -0.46079 0.467399 -1.90606 -2.13484 0.449588 -0.419993 0.32582 0.340074 -1.34777 0.254349 1.30445 0.984849 1.48592 0.0196338 -0.131086 0.36056 -0.0265885 -1.65495 0.221468 0.0881294 -1.8138 
-0.534799 -0.633919 0.435664 0.633032 -0.681586 1.46844 -0.235413 -0.477733 0.955926 -0.684165 0.0398419 -0.98032 0.0114136 -0.224166 -0.939816 -0.505603 -0.633365 -1.06532 -0.457911 1.21463 0.199916 1.61826 0.801937 -0.467328 0.122849 1.55234 -0.734269 1.59646 0.555424 -0.271461 
-0.269599 -2.05955 1.39081 -0.126063 0.044055 1.19428 -0.945536 0.238409 0.439082 -0.73715 0.692115 -1.4864 -1.77856 0.5357 -0.124595 -0.00405913 0.0487239 -1.33054 -0.0535717 1.07276 0.71807 1.5686 0.0923094 0.0946523 -0.147159 0.306139 -1.71979 0.000501775 0.467641 -1.7566 
-0.551518 -0.959403 0.693563 0.195584 -0.964341 1.0599 -0.595585 -0.0842246 1.16652 -0.290344 0.0847814 -1.01283 -0.506699 -0.0923453 -0.819871 -0.157525 -0.616607 -0.93528 -0.540555 1.12358 0.0357703 1.35811 1.17429 -0.355351 0.280073 1.56279 -0.611696 1.42608 0.299354 -0.386262 
-0.519126 0.685263 0.344947 1.06992 0.0644891 1.54049 -0.352041 1.08245 1.11251 -0.181558 -0.840303 -0.623912 -0.901751 -0.014124 1.65585 1.6082 -0.229801 -0.395446 -0.0684343 -0.481336 0.989614 0.487573 0.249912 0.130627 -0.867964 -0.159955 0.211842 -0.129948 -0.749972 -1.32482 
-0.154928 -0.589098 1.88365 0.137103 -0.609151 0.364286 0.0672016 -0.611854 0.59948 -1.05125 -0.332914 -1.29553 -1.51221 -0.397469 0.155462 -0.656351 -0.432198 -2.03952 -0.814635 0.437093 0.0122286 1.73122 0.362461 1.20418 0.0227436 -0.378745 -0.700498 2.19073 -0.89385 0.832553 
-1.52926 -1.63384 -1.50022 1.1696 0.559223 0.644065 -0.298767 0.0644173 -0.504651 -0.975491 -0.631812 -1.16394 -0.257212 0.234299 -0.340125 -0.059275 -0.0322486 0.595462 -0.548364 -0.697102 -0.264141 -0.629109 0.456513 0.425453 0.502231 0.264849 -0.343202 0.129795 0.680507 -0.456167 
-1.41662 -1.57859 -1.3454 1.35622 0.490731 0.590846 -0.355406 0.216472 -0.31048 -1.06959 -0.653578 -0.969606 -0.36984 0.213343 -0.226813 0.140229 0.0485264 0.626569 -0.375361 -0.587082 -0.24709 -0.465292 0.427818 0.524163 0.581249 0.444488 -0.484224 0.22323 0.487294 -0.301459 
-1.70635 -1.54278 -1.60314 1.23048 0.732035 0.594501 -0.144832 -0.119445 -0.597663 -0.897505 -0.769205 -1.35892 -0.13497 0.230768 -0.331767 0.00862526 -0.183054 0.640359 -0.559136 -0.50054 -0.362408 -0.515976 0.510473 0.317019 0.518252 0.300647 -0.198842 0.19374 0.850138 -0.317345 
-0.364785 0.802112 -0.225135 0.548852 0.122328 1.25066 -0.6681 0.992331 0.936756 -0.184146 -0.800228 -0.800262 -0.965513 -0.0436679 1.51709 1.47556 -0.0173469 -0.330076 0.439263 -0.976808 0.481257 0.509268 0.66032 0.0137144 -0.495457 -0.19486 0.257945 -0.0113188 -0.441813 -1.96852 
-0.373701 0.899987 -0.357018 0.507236 0.104345 1.16684 -0.473905 1.06547 1.10241 -0.129336 -0.841871 -0.751458 -0.817684 0.09048 1.38883 1.35074 -0.152514 -0.528536 0.330889 -0.841842 0.642043 0.47152 0.77779 0.190826 -0.307228 -0.164877 0.369614 0.0378031 -0.468293 -2.10339 
-0.253468 0.798295 -0.323964 0.571867 0.0113671 1.35741 -0.541988 1.09987 1.07768 -0.132056 -0.638782 -0.71634 -0.822899 -0.146223 1.54869 1.40102 -0.14683 -0.32527 0.482506 -0.858619 0.441587 0.453157 0.495594 0.17536 -0.569641 -0.375161 0.289848 -0.0115406 -0.319257 -2.11672 
-0.117951 -0.711046 1.63563 0.484367 -0.495655 0.00769196 0.519651 -0.752341 0.99211 -1.09709 -0.302549 -1.22332 -1.6596 -0.251383 -0.445531 -0.387396 -0.224475 -1.82281 -1.14525 0.0289491 -0.376567 1.74002 0.570787 1.32622 0.0235205 -0.1668 -0.901086 2.05321 -0.684295 0.326066 
-0.171049 -0.871701 1.66277 0.656342 -0.50229 -0.120898 0.653109 -0.791627 0.988355 -0.918825 -0.315736 -1.40321 -1.53428 -0.339859 -0.341054 -0.533263 -0.103476 -1.9369 -1.03608 0.0494195 -0.298923 1.81173 0.707916 1.18372 0.0828915 -0.354641 -1.01556 1.99164 -0.791634 0.369049 
-0.200482 -0.785271 1.8137 0.300967 -0.457475 0.16651 0.695376 -0.837132 0.943597 -1.15067 -0.104473 -1.23431 -1.50617 -0.140222 -0.49147 -0.509198 -0.261139 -1.97317 -0.981584 0.18831 -0.32798 1.92939 0.72473 1.43578 0.00728828 -0.171588 -0.955924 2.01038 -0.808412 0.148561 
0.513288 -1.80164 -0.366382 0.155467 -1.1267 0.544373 -0.42205 0.473126 1.38958 0.273716 0.424542 -0.859775 -0.408698 -0.457193 -1.53289 0.973496 1.11735 0.251435 -0.369458 0.181677 -0.801854 1.24214 -0.125349 -0.127615 0.935258 0.867386 -0.909347 -1.21619 -0.763978 -0.274246 
0.673737 -1.95555 -0.441752 0.286317 -1.22829 0.356303 -0.574355 0.585166 1.19735 0.178389 0.303023 -0.817132 -0.379165 -0.531706 -1.47095 0.846295 1.07367 0.419769 -0.277141 0.153895 -0.984554 1.11923 -0.250311 -0.165566 0.982105 0.865396 -0.950505 -1.28559 -0.621412 -0.227305 
0.330474 -1.7278 -0.257868 -0.0275965 -1.10787 0.431286 -0.506541 0.5023 1.25841 0.424744 0.413408 -0.676494 -0.466732 -0.515915 -1.70955 0.845923 1.15468 0.169349 -0.433043 0.370853 -0.708869 1.10916 -0.112777 -0.172901 0.737652 0.736355 -0.761324 -1.34482 -0.945843 -0.243922 
-1.47113 -1.3959 -1.11724 0.998309 0.706199 0.256976 -0.109349 0.542919 -0.350663 -0.500673 -1.09693 -1.60399 -0.51591 -0.161895 -0.476963 0.342257 0.045819 -0.0894273 -0.679242 -1.20958 0.096653 -0.813658 1.00684 0.270425 0.364241 0.204718 -0.208064 0.474531 0.412082 -0.156492 
-1.47562 -1.36181 -1.2226 1.14902 0.897255 0.197835 0.0535064 0.506006 -0.525168 -0.570407 -1.01575 -1.60916 -0.417023 -0.273905 -0.434103 0.440344 0.0890678 -0.113629 -0.68493 -1.40398 -0.0939536 -0.744901 1.08684 0.350513 0.489026 0.350178 -0.0704313 0.5406 0.577259 -0.0553657 
-1.33518 -1.39897 -1.31678 1.02655 0.623383 0.220263 -0.287 0.665219 -0.435319 -0.639307 -0.992616 -1.42716 -0.66317 -0.223362 -0.547173 0.426868 0.0639697 -0.241805 -0.576807 -1.1823 0.0377936 -1.00851 1.01583 0.260873 0.365417 0.0060443 -0.212271 0.636986 0.254832 -0.314021 
-1.11266 -1.25913 -1.09061 1.25345 0.500161 0.260607 0.170142 0.564167 -0.512281 -0.267425 -1.0908 -1.38058 -0.645945 0.0345929 -0.668795 0.445806 0.38082 0.113553 -0.662622 -0.770145 0.0230994 -0.617239 1.00178 0.271011 0.361128 -0.00266984 -0.00458381 0.946264 0.154612 -0.295948 
-1.07531 -1.25431 -1.14808 1.18845 0.303719 0.131581 0.325806 0.487511 -0.465733 -0.33774 -1.08344 -1.35108 -0.469563 -0.120423 -0.606702 0.322013 0.528509 0.167166 -0.703397 -0.907056 -0.048274 -0.494487 1.03702 0.435734 0.368445 -0.200779 -0.0154586 1.09464 0.346179 -0.394793 
-1.21449 -1.37475 -0.890961 1.06214 0.592103 0.078529 0.139494 0.606225 -0.350283 -0.385661 -1.00198 -1.31546 -0.448802 -0.00448757 -0.753473 0.514016 0.364114 0.0389381 -0.644215 -0.91154 0.120774 -0.448854 1.10003 0.434851 0.198356 0.160724 -0.0629966 1.13529 0.0429293 -0.176472 
-1.06256 -0.23462 -0.60476 -0.042802 -1.17182 -0.799594 -0.545418 -1.17257 0.39901 -1.05721 0.566691 0.363291 -0.722396 0.417052 0.645941 0.660577 1.2955 0.569937 -0.363517 -1.72794 0.205406 0.372509 -0.330638 -1.09124 0.742997 0.442372 0.83617 -0.926245 -0.266999 0.172874 
-0.897711 -0.271472 -0.619071 0.116262 -1.14878 -0.652666 -0.587465 -1.21187 0.535582 -1.25643 0.697983 0.179113 -0.614343 0.472258 0.709776 0.850906 1.16045 0.686409 -0.553016 -1.65812 0.358573 0.446445 -0.348761 -1.03187 0.838974 0.32481 0.85924 -1.09533 -0.216581 0.311413 
-1.24445 -0.114228 -0.550057 -0.109023 -1.04629 -0.984675 -0.607223 -1.31252 0.574687 -0.891406 0.382731 0.261355 -0.730569 0.550844 0.686682 0.692822 1.42473 0.74261 -0.414531 -1.52826 0.00625647 0.486651 -0.442526 -1.18267 0.72293 0.278472 0.789547 -0.877758 -0.412029 0.138624 
-0.452089 -2.09502 1.4676 -0.0585699 0.353305 1.36398 -1.09831 0.452819 0.323821 -0.621211 0.397713 -1.59983 -1.79957 0.454949 -0.159804 0.25894 0.341813 -1.37499 0.105457 1.14834 0.731082 1.4813 0.0449718 -0.0602482 0.124412 0.122295 -1.58435 0.392658 0.0562004 -1.7079 
-0.424317 -1.93231 1.37147 -0.0512598 0.334727 1.1665 -1.16356 0.3311 0.185175 -0.449153 0.199914 -1.52125 -1.64617 0.581001 -0.027292 0.422562 0.311091 -1.27198 0.296027 1.15224 0.740602 1.58888 -0.0889805 0.0817351 0.0638455 0.17444 -1.56629 0.214921 0.176053 -1.66602 
-0.52094 -2.13679 1.34775 -0.132667 0.529113 1.31984 -1.10232 0.325471 0.476717 -0.753806 0.511514 -1.50398 -1.91889 0.41673 -0.0565637 0.394048 0.200426 -1.37506 0.159718 1.21865 0.550187 1.60965 -0.0188578 0.0294557 0.0432808 0.101331 -1.54744 0.344343 -0.00993017 -1.84414 
-0.36766 0.927105 -0.135501 0.765133 -0.0253771 1.23766 -0.598173 0.962265 0.739214 -0.296679 -0.859663 -0.557159 -0.871798 0.0855233 1.6704 1.37937 0.0912309 -0.0828424 0.206975 -0.836988 0.691959 0.303613 0.445417 -0.0936793 -0.411498 -0.373257 0.136803 -0.169373 -0.426179 -1.8497 
-0.237766 1.10316 0.0187852 0.693425 0.135862 1.1351 -0.523704 1.15474 0.605205 -0.488738 -0.698205 -0.446709 -0.793615 -0.0603697 1.56442 1.55769 -0.0500951 0.0878459 0.152156 -0.831604 0.820062 0.377954 0.277222 -0.0539719 -0.419315 -0.501066 0.0558741 -0.27126 -0.475758 -1.91719 
-0.339884 1.10502 -0.17481 0.854226 0.0621032 1.11835 -0.564344 0.806552 0.858564 -0.116346 -0.68991 -0.411567 -0.680876 -0.00338009 1.81715 1.34958 0.286215 -0.152718 0.168844 -0.819399 0.563092 0.317863 0.357586 -0.0789237 -0.259385 -0.203938 0.133391 -0.0571104 -0.344243 -1.90573 
0.021401 -0.853319 0.389086 -0.263134 -1.47223 -1.53951 0.193318 0.383285 -0.0530165 1.26786 -0.762914 -0.0291435 -0.0455992 0.318947 -0.546012 0.0320342 -0.590756 -0.575636 0.00681463 -1.09151 1.01593 0.842621 0.892138 -0.830192 0.983667 -0.266079 1.6771 -0.381934 1.02303 -0.0128811 
-0.0845185 -0.689301 0.275728 -0.214313 -1.30331 -1.55437 0.368919 0.381193 -0.0238079 1.14191 -0.810772 -0.188149 -0.0834792 0.485289 -0.654175 0.13319 -0.672617 -0.582586 -0.0777955 -0.919544 1.0744 0.831511 0.731071 -0.888185 0.813451 -0.0772498 1.53625 -0.337095 0.838041 -0.135585 
0.173088 -1.01158 0.381603 -0.34315 -1.46536 -1.66709 0.197946 0.494995 -0.0959914 1.07809 -0.863019 -0.0585056 0.115878 0.485398 -0.628902 0.0635323 -0.514962 -0.402683 0.10391 -1.23361 0.845471 0.747502 0.732742 -0.707641 1.1133 -0.187511 1.83134 -0.363446 0.849294 0.0837049 
0.252285 -0.949487 -0.519283 0.0101503 -1.1501 0.178297 -0.433525 -0.831596 0.918604 0.164565 0.452323 -0.368889 -0.438439 0.245769 0.101445 0.74165 1.18578 0.390118 -0.368829 -0.496907 -0.0481386 1.02957 -0.174579 -0.270655 0.760635 0.754577 -0.888056 -1.04079 -0.529848 -0.0740205 
-0.219265 0.553403 -0.129268 0.605452 -0.152405 0.477303 0.365814 -0.297972 0.970578 -0.52715 -0.493902 -0.958125 -1.37935 -0.1621 -0.268838 -0.344978 -0.154116 -0.652207 -0.164431 -0.711675 0.14978 1.73502 0.497831 -0.0742351 -0.0211112 -0.198141 -0.731781 1.40863 -0.574824 0.255709 
0.361632 -2.01384 0.673513 -0.0459025 -1.093 1.03287 -0.895076 0.460632 0.440856 0.23739 0.420593 -1.3022 -1.30968 -0.0894454 -0.743676 0.962554 0.826109 -0.785112 -0.362625 0.868909 0.545033 1.46651 -0.0573642 -0.109765 0.503943 0.821007 -0.93717 0.118805 -0.0809779 -1.40311 
-1.49571 -1.61579 -1.38246 1.13491 0.596596 0.489171 -0.156243 0.284029 -0.427504 -0.799549 -0.728755 -1.46011 -0.439283 0.182034 -0.447671 -0.058469 0.0384519 0.125065 -0.552192 -1.01971 -0.100659 -0.682505 0.783394 0.338255 0.413761 0.238865 -0.208643 0.149066 0.607128 -0.218904 
-1.35463 -1.35086 -1.10345 1.0165 0.64228 0.257923 -0.00440892 0.548922 -0.414092 -0.281083 -1.09359 -1.47717 -0.617977 -0.114591 -0.592944 0.357386 0.0481712 -0.0614202 -0.667299 -1.16987 0.0773674 -0.757334 1.00594 0.270913 0.364194 0.0357328 -0.0526222 0.601485 0.378687 -0.261826 
-0.756239 -0.863272 -0.840122 1.0154 0.27234 0.225969 0.290264 -0.438101 0.0972448 -0.787429 -0.781486 -1.3101 -0.801482 -0.0758965 -0.641452 -0.284017 -0.0321244 -1.03686 -1.10187 -0.753881 -0.0737997 0.182301 0.709291 1.11468 0.0488786 -0.106137 -0.822784 1.46495 -0.568075 0.24449 
-0.434958 -0.658516 0.0506522 0.154251 0.114691 1.23958 -0.827156 0.94278 0.595033 -0.517996 -0.0597942 -1.37074 -1.2116 0.0863668 1.41061 0.574726 0.180737 -1.35891 0.202739 0.521372 0.719088 0.680762 0.362817 -0.0781552 -0.0538553 -0.0167388 -0.568443 0.0768311 0.00321747 -1.74507 
-1.33151 -0.536528 -1.05678 0.931398 0.704541 0.34622 -0.19968 0.936575 0.409097 -0.368915 -0.942006 -0.942826 -0.814382 -0.130435 -0.0951243 0.888014 0.0565618 -0.0889704 -0.389766 -0.843551 0.538381 -0.518655 0.632823 0.0854905 -0.0930169 -0.182643 -0.0557637 0.0839609 -0.216049 -0.731314 
-0.310878 -1.35034 1.62079 0.472722 -0.132925 0.268184 0.483618 -0.42247 0.945685 -0.95737 0.0665524 -1.52844 -1.78882 0.242034 -0.362145 0.229476 -0.038826 -1.62698 -0.43575 0.222767 0.684778 1.51546 0.387786 0.0136661 0.0703927 0.0363629 -0.999917 0.571376 -0.105166 0.0532586 
0.283177 -1.48765 -0.537377 1.11225 0.0201186 0.401643 0.107882 0.507353 -0.0986689 -0.135082 -0.740391 -0.98524 -0.458689 -0.0986201 -1.37189 0.847317 1.10791 0.184559 -0.611195 -0.556195 -0.119192 0.274852 -0.00403247 0.159104 0.75804 0.56639 -0.127203 0.836759 -0.449857 -0.280845 
-1.38698 -1.02826 -0.292647 0.889247 0.0488347 1.02821 -0.219769 0.704963 0.0564748 -0.300045 -0.976289 -1.51205 -0.603034 -0.150734 0.6237 1.10717 0.0853019 -0.0845312 -0.349999 -0.969619 0.330634 -0.565031 0.684818 0.212567 0.325596 -0.0123355 -0.135164 0.212734 0.0740658 -0.715475 
-0.652181 -0.48044 -0.728871 0.821401 0.701681 0.67422 -0.33407 0.556457 -0.239702 -0.44878 -0.89245 -1.50235 -0.748392 -0.131732 0.429798 1.12475 0.0423873 -0.148599 -0.0206526 -1.18166 0.434398 -0.67079 0.740566 0.0702639 0.0280104 -0.112102 -0.144629 0.31453 -0.31312 -1.61938 
-1.07597 -1.40222 -0.815573 0.682749 0.412948 0.856764 -0.471978 0.213336 0.287069 -0.3169 -0.795346 -0.927513 -0.442897 0.113664 0.741359 0.739771 -0.0294158 0.444481 0.362614 -0.788863 0.305431 0.493288 0.572375 0.176056 0.389889 0.148931 -0.00314026 0.0809574 -0.186143 -1.90069 
-1.09158 -0.998887 -1.04711 0.893188 -0.170965 -0.217514 0.025873 0.397834 -0.372697 -0.734267 0.52397 0.123936 -0.710422 0.253093 0.480456 0.658182 1.04071 0.482708 -0.451606 -1.37444 0.180539 0.0767902 0.360082 -0.655472 0.657748 0.365383 0.305362 0.904955 -0.154913 0.02831 
-0.950944 -0.12459 -0.817621 0.752263 0.397642 1.01086 -0.387192 0.789857 -0.0221485 -0.196561 -0.944038 -1.0328 -0.800511 0.0246826 1.50489 0.853914 0.055217 -0.148105 0.112234 -0.852486 0.416389 -0.189334 0.90971 0.26926 -0.142404 -0.093993 0.220818 0.487592 -0.148411 -1.47604 
-0.719712 -2.06088 1.35985 -0.0203008 0.471968 0.323999 -0.360957 0.553798 0.136247 -0.383241 -0.205169 -1.52004 -1.65224 0.445144 -0.6643 0.3539 0.364631 -1.08675 -0.655465 -0.528509 0.628903 -0.116303 0.81069 0.0428883 0.155407 0.0331186 -0.313582 0.818953 0.144805 -1.42361 
0.0087674 -0.392728 0.19443 -0.185888 -1.18447 -1.22004 -0.334026 -0.731071 0.364779 0.863312 0.528031 -0.016183 -0.630632 0.356408 0.431164 0.0420252 -0.428198 0.514105 -0.0306131 -1.23824 0.529146 0.607903 0.118558 -0.903878 0.78612 0.28906 1.19431 -0.757366 0.642967 0.104081 
-0.691096 -0.419248 1.02116 0.250962 -0.776649 -0.0930712 -0.303347 -1.05895 0.589525 -1.05793 -0.167737 0.170817 -1.34426 0.200734 0.575112 0.351728 1.18286 -1.08949 -0.521282 -1.16098 -0.116471 0.615275 0.0259637 1.19155 0.314733 0.268592 -0.3324 -0.820914 -0.64583 0.20485 
-0.351712 -1.96821 1.60298 -0.0503777 0.289092 0.774679 -0.23378 0.15708 0.496496 -0.849452 0.049008 -1.44249 -1.77083 0.406922 -0.441985 0.211172 0.325095 -1.40797 -0.442802 0.369424 -0.367897 1.69728 0.144785 0.795682 0.0573169 -0.082198 -1.11666 0.901023 -0.672059 0.274638 
-1.36709 0.00439325 -1.03057 0.772842 0.233044 0.384795 -0.268323 0.812488 -0.341227 -0.406285 -1.05387 -0.879222 -0.80313 -0.0736903 0.997348 1.26181 0.0720742 -0.0886096 -0.565207 -0.883905 0.429096 -0.53237 0.828758 0.0785343 0.00906827 -0.0486764 -0.0756168 0.422245 -0.108388 -0.660168 
